Figures/CREST_Example_wjb_NSE/Rolling_result/20100722/BJP_forecast/ens_29/wjb.rain.20100724.asc
ncols            288
nrows            254
xllcorner        113.274861
yllcorner        31.4918055
cellsize         0.008333333333
NODATA_value     -9999
[rows 175 to 199 of 254, columns 112 to 167 of 288]
0.0 0.0 0.0 0.0 0.0 0.0 0.0 0.0 0.0 0.0 0.0 0.02609816219797832 0.08009584999002954 0.13409353778208075 0.18809122557413196 0.24208891336618318 0.29608660115823443 0.3500842889502856 0.4040819767424289 0.4580796645344801 0.5120773523265314 0.5660750401185826 0.6200727279106338 0.7781056273718693 1.0473545210560053 1.316603414740141 1.5858523084242773 1.855101202108413 2.124350095792549 2.393598989476685 2.662847883160821 2.932096776845416 3.201345670529552 3.4705945642136884 3.739843457897824 3.87725708907962 3.873735842677915 3.87021459627621 3.8666933498745055 3.8631721034728006 3.8596508570710957 3.856129610669391 3.8526083642676863 3.8490871178659813 3.8455658714642706 3.842044625062566 3.8385233786608612 3.8518606415386136 3.8832200321916086 3.914579422844603 3.945938813497598 3.977298204150593 4.008657594803588 4.040016985456583 4.071376376109577 4.102735766762573
0.0 0.0 0.0 0.0 0.0 0.0 0.0 0.0 0.0 0.0 0.0 0.03012358153188865 0.09244995295980964 0.15477632438773062 0.2171026958156516 0.2794290672435726 0.34175543867149355 0.4040818100994145 0.4664081815274418 0.5287345529553628 0.5910609243832837 0.6533872958112047 0.7157136672391257 0.8718010251637619 1.128120998231343 1.3844409712989236 1.6407609443665048 1.8970809174340857 2.1534008905016666 2.4097208635692473 2.6660408366368284 2.9223608097048466 3.1786807827724273 3.435000755840008 3.6913207289075896 3.822444527939714 3.819730785128309 3.817017042316904 3.8143032995054993 3.811589556694094 3.8088758138826893 3.8061620710712845 3.803448328259879 3.8007345854484744 3.7980208426370647 3.79530709982566 3.7925933570142547 3.804354216788364 3.831588754155656 3.8588232915229477 3.886057828890239 3.913292366257531 3.9405269036248227 3.9677614409921143 3.9949959783594062 4.022230515726698
0.0 0.0 0.0 0.0 0.0 0.0 0.0 0.0 0.0 0.0 0.0 0.034149000865795545 0.10480405592957917 0.1754591109933628 0.24611416605714642 0.31676922112093003 0.3874242761847137 0.4580793312484973 0.5287343863124014 0.5993894413761851 0.6700444964399687 0.7406995515037523 0.8113546065675359 0.9654964229555745 1.2088874754066115 1.4522785278576484 1.6956695803086852 1.9390606327597222 2.182451685210759 2.425842737661796 2.669233790112833 2.912624842564285 3.156015895015322 3.3994069474663586 3.642797999917396 3.7676319667998546 3.765725727578749 3.763819488357643 3.761913249136537 3.7600070099154315 3.7581007706943255 3.7561945314732195 3.754288292252114 3.752382053031008 3.750475813809899 3.748569574588793 3.7466633353676873 3.7568477920381547 3.7799574761197468 3.803067160201339 3.826176844282931 3.849286528364523 3.872396212446115 3.895505896527707 3.9186155806092993 3.9417252646908914
0.0 0.0 0.0 0.0 0.0 0.0 0.0 0.0 0.0 0.0 0.0 0.03817442019970245 0.11715815889934873 0.19614189759899503 0.27512563629864134 0.3541093749982876 0.4330931136979339 0.5120768523975802 0.5910605910973612 0.6700443297970075 0.7490280684966537 0.8280118071963001 0.9069955458959463 1.0591918207473874 1.2896539525818804 1.5201160844163732 1.750578216250866 1.9810403480853591 2.211502479919852 2.441964611754345 2.6724267435888382 2.9028888754237236 3.133351007258217 3.3638131390927097 3.5942752709272026 3.712819405659996 3.711720670029189 3.7106219343983824 3.7095231987675756 3.708424463136769 3.707325727505962 3.7062269918751554 3.7051282562443486 3.704029520613542 3.7029307849827333 3.7018320493519266 3.70073331372112 3.7093413672879456 3.7283261980838382 3.7473110288797304 3.766295859675623 3.7852806904715157 3.804265521267408 3.8232503520633006 3.8422351828591927 3.8612200136550854
0.0 0.0 0.0 0.0 0.0 0.0 0.0 0.0 0.0 0.0 0.0 0.04219983953360935 0.1295122618691183 0.21682468420462725 0.3041371065401362 0.39144952887564516 0.4787619512111541 0.5660743735466631 0.653386795882321 0.7406992182178299 0.8280116405533389 0.9153240628888478 1.0026364852243568 1.1528872185392 1.3704204297571492 1.587953640975098 1.805486852193047 2.023020063410996 2.2405532746289447 2.4580864858468936 2.6756196970648425 2.893152908283162 3.110686119501111 3.32821933071906 3.545752541937009 3.6580068445201364 3.657715612479629 3.6574243804391213 3.657133148398614 3.6568419163581063 3.6565506843175983 3.656259452277091 3.6559682202365833 3.655676988196076 3.655385756155568 3.6550945241150603 3.654803292074553 3.6618349425377366 3.6766949200479297 3.6915548975581225 3.7064148750683152 3.721274852578508 3.7361348300887007 3.7509948075988935 3.7658547851090862 3.780714762619279
0.0 0.0 0.0 0.0 0.0 0.0 0.0 0.0 0.0 0.0 0.0 0.04622525886751624 0.14186636483888782 0.2375074708102594 0.333148576781631 0.4287896827530026 0.5244307887243742 0.6200718946957458 0.7157130006672805 0.811354106638652 0.9069952126100236 1.0026363185813951 1.098277424552767 1.2465826163310127 1.4511869069324177 1.6557911975338226 1.8603954881352276 2.0649997787366328 2.2696040693380377 2.4742083599394427 2.6788126505408476 2.883416941142601 3.088021231744006 3.2926255223454115 3.4972298129468165 3.6031942833802777 3.603710554930069 3.6042268264798607 3.604743098029652 3.6052593695794437 3.605775641129235 3.6062919126790267 3.6068081842288184 3.6073244557786097 3.6078407273284023 3.6083569988781936 3.6088732704279853 3.614328517787528 3.625063642012021 3.635798766236514 3.6465338904610074 3.6572690146855007 3.6680041389099936 3.678739263134487 3.68947438735898 3.7002095115834734
0.0 0.0 0.0 0.0 0.0 0.0 0.0 0.0 0.0 0.0 0.0 0.04635938581622089 0.14227800347771508 0.23819662113920925 0.33411523880070343 0.4300338564621976 0.5259524741236917 0.621871091785186 0.7177897094468437 0.8137083271083378 0.9096269447698321 1.0055455624313263 1.1014641800928204 1.2428311895167998 1.432783557634233 1.622735925751666 1.8126882938690991 2.0026406619865322 2.192593030103965 2.3825453982213984 2.5724977663388318 2.7624501344565884 2.9524025025740217 3.142354870691455 3.332307238808888 3.4308848249833686 3.4317807024638607 3.4326765799443524 3.4335724574248445 3.4344683349053367 3.4353642123858283 3.4362600898663205 3.4371559673468126 3.4380518448273047 3.438947722307798 3.4398435997882904 3.440739477268782 3.4451933372022285 3.4534507608628284 3.461708184523428 3.4699656081840273 3.478223031844627 3.4864804555052262 3.494737879165826 3.5029953028264256 3.511252726487025
0.0 0.0 0.0 0.0 0.0 0.0 0.0 0.0 0.0 0.0 0.0 0.04233396648231398 0.12992390050794547 0.21751383453357698 0.30510376855920845 0.39269370258484 0.48028363661047146 0.567873570636103 0.6554635046618839 0.7430534386875154 0.8306433727131468 0.9182333067387783 1.0058232407644099 1.1349152494977466 1.308373914739725 1.4818325799817034 1.6552912452236819 1.8287499104656604 2.002208575707639 2.1756672409496174 2.3491259061915954 2.52258457143387 2.696043236675848 2.8695019019178267 3.0429605671598052 3.132978589520181 3.1337966773046433 3.1346147650891054 3.135432852873567 3.1362509406580292 3.1370690284424914 3.137887116226953 3.138705204011415 3.1395232917958773 3.1403413795803408 3.1411594673648024 3.1419775551492646 3.146044683171342 3.1535851087038083 3.1611255342362745 3.1686659597687408 3.176206385301207 3.1837468108336733 3.1912872363661395 3.198827661898606 3.206368087431072
0.0 0.0 0.0 0.0 0.0 0.0 0.0 0.0 0.0 0.0 0.0 0.038308547148403656 0.11756979753816539 0.19683104792792713 0.2760922983176889 0.3553535487074506 0.4346147990972124 0.5138760494869741 0.593137299876871 0.6723985502666328 0.7516598006563945 0.8309210510461562 0.910182301435918 1.0269993094786016 1.1839642718451113 1.3409292342116208 1.4978941965781307 1.6548591589446402 1.81182412131115 1.9687890836776596 2.125754046044169 2.2827190084109468 2.4396839707774562 2.596648933143966 2.7536138955104756 2.83507235405674 2.835812652145172 2.836552950233604 2.8372932483220357 2.8380335464104673 2.8387738444988995 2.839514142587331 2.840254440675763 2.840994738764195 2.841735036852628 2.8424753349410596 2.8432156330294918 2.8468960291401992 2.853719456544532 2.8605428839488645 2.8673663113531966 2.8741897387575293 2.8810131661618614 2.887836593566194 2.894660020970526 2.901483448374859
0.0 0.0 0.0 0.0 0.0 0.0 0.0 0.0 0.0 0.0 0.0 0.03428312781449676 0.10521569456839586 0.17614826132229494 0.24708082807619405 0.31801339483009317 0.38894596158399225 0.45987852833789133 0.5308110950919114 0.6017436618458105 0.6726762285997095 0.7436087953536087 0.8145413621075077 0.9190833694595485 1.0595546289506035 1.2000258884416586 1.3404971479327135 1.4809684074237683 1.6214396669148234 1.7619109264058785 1.9023821858969334 2.0428534453882277 2.1833247048792828 2.323795964370338 2.464267223861393 2.537166118593553 2.537828626985955 2.5384911353783566 2.5391536437707583 2.53981615216316 2.5404786605555616 2.5411411689479637 2.5418036773403654 2.542466185732767 2.54312869412517 2.5437912025175717 2.5444537109099734 2.5477473751093123 2.5538538043855112 2.5599602336617107 2.5660666629379096 2.572173092214109 2.578279521490308 2.5843859507665075 2.5904923800427064 2.596598809318906
0.0 0.0 0.0 0.0 0.0 0.0 0.0 0.0 0.0 0.0 0.0 0.03025770848058986 0.0928615915986263 0.15546547471666275 0.2180693578346992 0.2806732409527356 0.34327712407077204 0.4058810071888085 0.4684848903069517 0.5310887734249882 0.5936926565430246 0.656296539661061 0.7189004227790975 0.8111674294404954 0.9351449860560956 1.059122542671696 1.1831000992872962 1.3070776559028965 1.4310552125184968 1.555032769134097 1.6790103257496973 1.802987882365509 1.9269654389811093 2.0509429955967096 2.17492055221231 2.239259883130366 2.2398446018267375 2.240429320523109 2.241014039219481 2.241598757915853 2.2421834766122246 2.2427681953085963 2.243352914004968 2.2439376327013396 2.2445223513977126 2.2451070700940843 2.245691788790456 2.2485987210784253 2.253988152226491 2.2593775833745573 2.264767014522623 2.270156445670689 2.2755458768187546 2.280935307966821 2.2863247391148867 2.2917141702629524
0.0 0.0 0.0 0.0 0.0 0.0 0.0 0.0 0.0 0.0 0.0 0.026232289146682956 0.08050748862885672 0.1347826881110305 0.18905788759320427 0.24333308707537804 0.2976082865575518 0.3518834860397256 0.4061586855219919 0.46043388500416566 0.5147090844863395 0.5689842839685132 0.6232594834506869 0.7032514894214422 0.8107353431615878 0.9182191969017335 1.0257030506418792 1.1331869043820249 1.2406707581221705 1.348154611862316 1.4556384656024617 1.5631223193427908 1.6706061730829362 1.7780900268230817 1.8855738805632276 1.9413536476671789 1.9418605766675205 1.9423675056678622 1.9428744346682039 1.9433813636685455 1.9438882926688872 1.9443952216692286 1.9449021506695703 1.945409079669912 1.9459160086702545 1.9464229376705962 1.9469298666709378 1.949450067047538 1.9541225000674707 1.9587949330874033 1.9634673661073359 1.9681397991272687 1.9728122321472013 1.9774846651671338 1.9821570981870664 1.9868295312069992
0.0 0.0 0.0 0.0 0.0 0.0 0.0 0.0 0.0 0.0 0.0 0.022206869812776062 0.06815338565908718 0.1140999015053983 0.1600464173517094 0.20599293319802053 0.25193944904433163 0.2978859648906428 0.34383248073703226 0.38977899658334336 0.43572551242965446 0.4816720282759656 0.5276185441222767 0.5953355494023891 0.6863257002670801 0.777315851131771 0.8683060019964619 0.9592961528611529 1.0502863037258439 1.141276454590535 1.2322666054552256 1.323256756320072 1.4142469071847628 1.5052370580494538 1.5962272089141447 1.6434474122039917 1.6438765515083034 1.6443056908126148 1.6447348301169264 1.645163969421238 1.6455931087255495 1.6460222480298612 1.6464513873341726 1.6468805266384843 1.6473096659427966 1.6477388052471083 1.6481679445514197 1.6503014130166507 1.6542568479084503 1.6582122828002497 1.662167717692049 1.6661231525838485 1.6700785874756479 1.6740340223674472 1.6779894572592466 1.681944892151046
0.0 0.0 0.0 0.0 0.0 0.0 0.0 0.0 0.0 0.0 0.0 0.018181450478869165 0.05579928268931763 0.09341711489976609 0.13103494711021454 0.16865277932066303 0.20627061153111148 0.24388844374155993 0.28150627595207256 0.319124108162521 0.35674194037296947 0.3943597725834179 0.4319776047938664 0.48741960938333606 0.5619160573725723 0.6364125053618086 0.7109089533510449 0.7854054013402811 0.8599018493295174 0.9343982973187537 1.00889474530799 1.0833911932973534 1.1578876412865897 1.232384089275826 1.3068805372650623 1.3455411767408048 1.3458925263490862 1.3462438759573678 1.3465952255656493 1.3469465751739307 1.347297924782212 1.3476492743904938 1.3480006239987752 1.3483519736070566 1.3487033232153387 1.3490546728236201 1.3494060224319018 1.3511527589857635 1.3543911957494297 1.3576296325130959 1.360868069276762 1.3641065060404283 1.3673449428040945 1.3705833795677604 1.3738218163314266 1.3770602530950928
0.0 0.0 0.0 0.0 0.0 0.0 0.0 0.0 0.0 0.0 0.0 0.014156031144958834 0.043445179719537534 0.07273432829411623 0.10202347686869494 0.13131262544327363 0.16060177401785233 0.18989092259243104 0.21918007116705968 0.24846921974163838 0.2777583683162171 0.3070475168907958 0.3363366654653745 0.37950366936419094 0.43750641447795846 0.495509159591726 0.5535119047054935 0.611514649819261 0.6695173949330285 0.7275201400467961 0.7855228851605636 0.8435256302744301 0.9015283753881975 0.959531120501965 1.0175338656157327 1.0476349412773636 1.047908501189615 1.0481820611018664 1.0484556210141176 1.048729180926369 1.0490027408386204 1.0492763007508719 1.0495498606631233 1.0498234205753745 1.0500969804876263 1.0503705403998778 1.0506441003121292 1.0520041049546214 1.0545255435901537 1.057046982225686 1.0595684208612184 1.0620898594967505 1.0646112981322828 1.0671327367678152 1.0696541754033475 1.0721756140388796
0.0 0.0 0.0 0.0 0.0 0.0 0.0 0.0 0.0 0.0 0.0 0.010130611811051939 0.031091076749767986 0.05205154168848403 0.07301200662720009 0.09397247156591614 0.11493293650463218 0.13589340144334822 0.15685386638210003 0.17781433132081606 0.19877479625953212 0.21973526119824816 0.24069572613696422 0.27158772934513786 0.31309677158345073 0.35460581382176354 0.39611485606007635 0.4376238982983892 0.47913294053670197 0.5206419827750148 0.5621510250133277 0.6036600672517113 0.645169109490024 0.6866781517283369 0.7281871939666498 0.7497287058141764 0.7499244760303977 0.750120246246619 0.7503160164628403 0.7505117866790616 0.7507075568952829 0.7509033271115042 0.7510990973277255 0.7512948675439468 0.7514906377601684 0.7516864079763897 0.751882178192611 0.7528554509237342 0.7546598914311332 0.7564643319385324 0.7582687724459314 0.7600732129533304 0.7618776534607294 0.7636820939681285 0.7654865344755275 0.7672909749829265
0.0 0.0 0.0 0.0 0.0 0.0 0.0 0.0 0.0 0.0 0.0 0.0061051924771450385 0.018736973779998424 0.031368755082851814 0.0440005363857052 0.05663231768855858 0.06926409899141196 0.08189588029426535 0.09452766159714028 0.10715944289999367 0.11979122420284705 0.13242300550570044 0.14505478680855383 0.16367178932608475 0.1886871286889429 0.21370246805180104 0.2387178074146592 0.26373314677751736 0.2887484861403755 0.3137638255032337 0.33877916486609183 0.3637945042289926 0.3888098435918508 0.4138251829547089 0.43884052231756704 0.4518224703509894 0.4519404508711806 0.4520584313913718 0.45217641191156305 0.4522943924317543 0.45241237295194553 0.45253035347213677 0.452648333992328 0.4527663145125192 0.45288429503271066 0.4530022755529019 0.45312025607309314 0.45370679689284704 0.4547942392721128 0.4558816816513786 0.4569691240306444 0.4580565664099102 0.459144008789176 0.4602314511684418 0.46131889354770755 0.46240633592697333
0.0 0.0 0.0 0.0 0.0 0.0 0.0 0.0 0.0 0.0 0.0 0.0020797731432381414 0.006382870810228872 0.010685968477219603 0.014989066144210333 0.019292163811201062 0.023595261478191795 0.027898359145182523 0.03220145681218059 0.03650455447917132 0.040807652146162054 0.04511074981315279 0.04941384748014351 0.055755849307031674 0.06427748579443514 0.0727991222818386 0.08132075876924207 0.08984239525664553 0.098364031744049 0.10688566823145246 0.11540730471885592 0.12392894120627392 0.13245057769367738 0.14097221418108086 0.1494938506684843 0.15391623488780226 0.15395642571196344 0.1539966165361246 0.15403680736028574 0.15407699818444692 0.15411718900860807 0.15415737983276925 0.1541975706569304 0.15423776148109156 0.1542779523052528 0.15431814312941397 0.15435833395357512 0.15455814286195987 0.1549285871130924 0.15529903136422493 0.15566947561535746 0.15603991986649 0.15641036411762252 0.15678080836875505 0.15715125261988758 0.1575216968710201
2.455193957731058 2.455193957731058 2.455193957731058 2.455193957731058 2.455193957731058 2.455193957731058 2.455193957731058 2.455193957731058 2.455193957731058 2.455193957731058 2.455193957731058 0.02591770181884691 0.029212287473522922 0.032506873128198936 0.035801458782874954 0.039096044437550964 0.042390630092226975 0.04568521574690299 0.04897980140158462 0.05227438705626064 0.05556897271093665 0.05886355836561266 0.06215814402028868 0.061288306919434286 0.05596660770680248 0.05064490849417068 0.04532320928153887 0.040001510068907065 0.034679810856275264 0.029358111643643457 0.02403641243101165 0.018714713218370774 0.013393014005738967 0.008071314793107166 0.002749615580475359 0.0 0.0 0.0 0.0 0.0 0.0 0.0 0.0 0.0 0.0 0.0 0.0 0.0 0.0 0.0 0.0 0.0 0.0 0.0 0.0 0.0
2.455193957731058 2.455193957731058 2.455193957731058 2.455193957731058 2.455193957731058 2.455193957731058 2.455193957731058 2.455193957731058 2.455193957731058 2.455193957731058 2.455193957731058 0.07953979328255986 0.08965066899817054 0.09976154471378121 0.10987242042939188 0.11998329614500257 0.13009417186061323 0.14020504757622393 0.15031592329185184 0.1604267990074625 0.17053767472307318 0.18064855043868386 0.19075942615429453 0.18808995091783093 0.17175799146234833 0.1554260320068657 0.13909407255138306 0.12276211309590046 0.10643015364041783 0.09009819418493521 0.0737662347294526 0.057434275273942126 0.041102315818459495 0.024770356362976892 0.008438396907494261 0.0 0.0 0.0 0.0 0.0 0.0 0.0 0.0 0.0 0.0 0.0 0.0 0.0 0.0 0.0 0.0 0.0 0.0 0.0 0.0 0.0
2.455193957731058 2.455193957731058 2.455193957731058 2.455193957731058 2.455193957731058 2.455193957731058 2.455193957731058 2.455193957731058 2.455193957731058 2.455193957731058 2.455193957731058 0.13316188474624993 0.15008905052279237 0.16701621629933477 0.1839433820758772 0.20087054785241965 0.21779771362896205 0.2347248794055045 0.2516520451820758 0.2685792109586182 0.28550637673516066 0.30243354251170307 0.3193607082882455 0.31489159491617347 0.28754937521784474 0.260207155519516 0.23286493582118725 0.20552271612285852 0.1781804964245298 0.15083827672620104 0.12349605702787231 0.09615383732949695 0.06881161763116822 0.04146939793283949 0.014127178234510762 0.0 0.0 0.0 0.0 0.0 0.0 0.0 0.0 0.0 0.0 0.0 0.0 0.0 0.0 0.0 0.0 0.0 0.0 0.0 0.0 0.0
2.455193957731058 2.455193957731058 2.455193957731058 2.455193957731058 2.455193957731058 2.455193957731058 2.455193957731058 2.455193957731058 2.455193957731058 2.455193957731058 2.455193957731058 0.18678397620994 0.2105274320474142 0.2342708878848884 0.2580143437223626 0.2817577995598368 0.305501255397311 0.32924471123478516 0.35298816707229985 0.3767316229097741 0.4004750787472483 0.4242185345847225 0.44796199042219664 0.4416932389145162 0.4033407589733413 0.36498827903216646 0.3266357990909916 0.28828331914981675 0.24993083920864184 0.211578359267467 0.17322587932629213 0.13487339938505183 0.09652091944387697 0.05816843950270212 0.019815959561527263 0.0 0.0 0.0 0.0 0.0 0.0 0.0 0.0 0.0 0.0 0.0 0.0 0.0 0.0 0.0 0.0 0.0 0.0 0.0 0.0 0.0
2.455193957731058 2.455193957731058 2.455193957731058 2.455193957731058 2.455193957731058 2.455193957731058 2.455193957731058 2.455193957731058 2.455193957731058 2.455193957731058 2.455193957731058 0.2404060676736529 0.2709658135720618 0.30152555947047066 0.3320853053688795 0.36264505126728835 0.39320479716569723 0.4237645430641061 0.45432428896256705 0.4848840348609759 0.5154437807593848 0.5460035266577936 0.5765632725562025 0.5684948829129128 0.5191321427288872 0.4697694025448615 0.4204066623608358 0.37104392217681015 0.32168118199278445 0.27231844180875875 0.22295570162473305 0.1735929614406232 0.1242302212565975 0.0748674810725718 0.02550474088854615 0.0 0.0 0.0 0.0 0.0 0.0 0.0 0.0 0.0 0.0 0.0 0.0 0.0 0.0 0.0 0.0 0.0 0.0 0.0 0.0 0.0
2.455193957731058 2.455193957731058 2.455193957731058 2.455193957731058 2.455193957731058 2.455193957731058 2.455193957731058 2.455193957731058 2.455193957731058 2.455193957731058 2.455193957731058 0.294028159137343 0.3314041950966836 0.3687802310560242 0.40615626701536484 0.4435323029747055 0.48090833893404605 0.5182843748933867 0.555660410852791 0.5930364468121316 0.6304124827714723 0.6677885187308129 0.7051645546901535 0.6952965269112553 0.6349235264843835 0.5745505260575118 0.51417752563064 0.4538045252037682 0.39343152477689636 0.3330585243500246 0.27268552392315276 0.21231252349617802 0.15193952306930625 0.09156652264243448 0.031193522215562597 0.0 0.0 0.0 0.0 0.0 0.0 0.0 0.0 0.0 0.0 0.0 0.0 0.0 0.0 0.0 0.0 0.0 0.0 0.0 0.0 0.0
2.455193957731058 2.455193957731058 2.455193957731058 2.455193957731058 2.455193957731058 2.455193957731058 2.455193957731058 2.455193957731058 2.455193957731058 2.455193957731058 2.455193957731058 0.34765025060103305 0.3918425766213054 0.4360349026415778 0.4802272286618502 0.5244195546821225 0.5686118807023949 0.6128042067226673 0.656996532743015 0.7011888587632873 0.7453811847835597 0.7895735108038321 0.8337658368241045 0.822098170909598 0.75071491023988 0.6793316495701621 0.6079483889004442 0.5365651282307263 0.4651818675610084 0.3937986068912905 0.32241534622157253 0.25103208555173295 0.17964882488201495 0.10826556421229705 0.03688230354257915 0.0 0.0 0.0 0.0 0.0 0.0 0.0 0.0 0.0 0.0 0.0 0.0 0.0 0.0 0.0 0.0 0.0 0.0 0.0 0.0 0.0
