Figures/CREST_Example_wjb_NSE/Rolling_result/20100722/BJP_forecast/ens_29/wjb.rain.20100725.asc
ncols            288
nrows            254
xllcorner        113.274861
yllcorner        31.4918055
cellsize         0.008333333333
NODATA_value     -9999
[rows 28 to 55 of 254, columns 62 to 123 of 288]
0.03716156519743251 0.03726952265246824 0.03403338839826052 0.030797254144047288 0.027561119889839572 0.024324985635631857 0.02108885138142414 0.017852717127216425 0.014616582873008706 0.011380448618800991 0.008144314364593275 0.00490818011038556 0.001672045856177841 0.0 0.0 0.0 0.0 0.0 0.0 0.0 0.0 0.0 0.0 0.0 0.0 0.0 0.0 0.0 0.0 0.0 0.0 0.0 0.0 0.0 0.0 0.0 0.0 0.33061908141079016 1.0146774363716746 1.6987357913325591 2.3827941462934437 3.066852501254328 3.750910856216379 4.434969211177264 5.119027566138148 5.803085921099032 6.487144276059917 7.171202631020801 7.855260985981686 8.22255987570205 8.251235734281577 8.279911592861104 8.308587451440633 8.33726331002016 8.365939168599688 8.394615027179263 8.42329088575879 8.451966744338318 8.480642602917847 8.509318461497374 8.537994320076901 1.4023332638995512
0.04782993667415141 0.04796888664061348 0.04380372040971153 0.03963855417880247 0.03547338794790052 0.03130822171699856 0.027143055486096607 0.02297788925519465 0.018812723024292696 0.014647556793390741 0.010482390562488786 0.006317224331586831 0.0021520581006848755 0.0 0.0 0.0 0.0 0.0 0.0 0.0 0.0 0.0 0.0 0.0 0.0 0.0 0.0 0.0 0.0 0.0 0.0 0.0 0.0 0.0 0.0 0.0 0.0 0.4255334683329419 1.3059718359145047 2.1864102034960675 3.0668485710776303 3.947286938659193 4.827725306242257 5.70816367382382 6.588602041405383 7.469040408986945 8.349478776568509 9.229917144150072 10.110355511731633 10.583098856703144 10.620007003403877 10.656915150104611 10.693823296805345 10.730731443506079 10.767639590206812 10.804547736907608 10.841455883608342 10.878364030309076 10.915272177009808 10.952180323710541 10.989088470411275 1.4023332638995512
0.05849830815087031 0.05866825062875873 0.05357405242116253 0.048479854213557654 0.043385656005961455 0.038291457798365264 0.033197259590769065 0.028103061383172867 0.023008863175576676 0.017914664967980477 0.012820466760384286 0.0077262685527880876 0.002632070345191896 0.0 0.0 0.0 0.0 0.0 0.0 0.0 0.0 0.0 0.0 0.0 0.0 0.0 0.0 0.0 0.0 0.0 0.0 0.0 0.0 0.0 0.0 0.0 0.0 0.5204478552550937 1.5972662354573348 2.674084615659576 3.750902995861817 4.827721376064058 5.904539756268135 6.9813581364703765 8.058176516672617 9.134994896874858 10.2118132770771 11.28863165727934 12.365450037481581 12.94363783770424 12.98877827252618 13.033918707348118 13.079059142170058 13.124199576991998 13.169340011813937 13.214480446635953 13.259620881457892 13.304761316279832 13.349901751101772 13.39504218592371 13.44018262074565 1.4023332638995512
0.06916667962758921 0.06936761461690398 0.06334438443261355 0.057321154248312835 0.0512979240640224 0.045274693879731966 0.03925146369544153 0.033228233511151097 0.027205003326860662 0.021181773142570227 0.0151585429582798 0.009135312773989365 0.0031120825896989307 0.0 0.0 0.0 0.0 0.0 0.0 0.0 0.0 0.0 0.0 0.0 0.0 0.0 0.0 0.0 0.0 0.0 0.0 0.0 0.0 0.0 0.0 0.0 0.0 0.6153622421772454 1.888560635000165 3.1617590278230843 4.434957420646004 5.708155813468923 6.9813542062940135 8.254552599116932 9.527750991939852 10.800949384762772 12.074147777585692 13.34734617040861 14.62054456323153 15.304176818705333 15.35754954164848 15.410922264591624 15.46429498753477 15.517667710477916 15.57104043342106 15.624413156364298 15.677785879307443 15.731158602250588 15.784531325193733 15.83790404813688 15.891276771080024 1.4023332638995512
0.07983505110430811 0.08006697860504922 0.07311471644406455 0.06616245428306802 0.05921019212208334 0.05225792996109867 0.045305667800114 0.03835340563912932 0.03140114347814465 0.024448881317159978 0.0174966191561753 0.010544356995190629 0.0035920948342059583 0.0 0.0 0.0 0.0 0.0 0.0 0.0 0.0 0.0 0.0 0.0 0.0 0.0 0.0 0.0 0.0 0.0 0.0 0.0 0.0 0.0 0.0 0.0 0.0 0.710276629099397 2.179855034542994 3.6494334399865913 5.1190118454301885 6.588590250873786 8.05816865631989 9.527747061763487 10.997325467207084 12.466903872650681 13.936482278094278 15.406060683537875 16.875639088981472 17.664715799706425 17.726320810770776 17.787925821835127 17.84953083289948 17.911135843963834 17.972740855028185 18.03434586609264 18.09595087715699 18.157555888221346 18.219160899285697 18.28076591035005 18.3423709214144 1.4023332638995512
0.0905034225810361 0.09076634259320357 0.08288504845552387 0.07500375431783073 0.06712246018015103 0.059241166042471316 0.05135987190479161 0.043478577767111906 0.0355972836294322 0.027715989491752496 0.0198346953540728 0.011953401216393086 0.004072107078713388 0.0 0.0 0.0 0.0 0.0 0.0 0.0 0.0 0.0 0.0 0.0 0.0 0.0 0.0 0.0 0.0 0.0 0.0 0.0 0.0 0.0 0.0 0.0 0.0 0.8051910160216299 2.471149434086073 4.137107852150517 5.803066270214959 7.4690246882794025 9.134983106346686 10.80094152441113 12.466899942475573 14.132858360540016 15.79881677860446 17.464775196668903 19.130733614733348 20.025254780709535 20.0950920798951 20.164929379080665 20.23476667826623 20.304603977451794 20.37444127663736 20.44427857582304 20.514115875008606 20.58395317419417 20.653790473379736 20.7236277725653 20.793465071750866 1.4023332638995512
0.10117179405775498 0.10146570658134882 0.09265538046697487 0.08384505435258591 0.07503472823821196 0.06622440212383801 0.05741407600946407 0.04860374989509013 0.03979342378071618 0.030983097666342233 0.022172771551968284 0.01336244543759435 0.004552119323220402 0.0 0.0 0.0 0.0 0.0 0.0 0.0 0.0 0.0 0.0 0.0 0.0 0.0 0.0 0.0 0.0 0.0 0.0 0.0 0.0 0.0 0.0 0.0 0.0 0.9001054029437815 2.762443833628903 4.624782264314024 6.487120694999145 8.349459125684266 10.211797556372565 12.074135987057685 13.936474417742806 15.798812848427927 17.66115127911305 19.52348970979817 21.38582814048329 22.385793761710627 22.463863349017398 22.54193293632417 22.62000252363094 22.698072110937712 22.776141698244484 22.854211285551386 22.932280872858158 23.01035046016493 23.0884200474717 23.16648963477847 23.24455922208524 1.4023332638995512
0.11184016553447389 0.11216507056949407 0.10242571247842588 0.09268635438734109 0.0829469962962729 0.07320763820520472 0.06346828011413654 0.05372892202306835 0.04398956393200017 0.03425020584093198 0.0245108477498638 0.014771489658795614 0.00503213156772743 0.0 0.0 0.0 0.0 0.0 0.0 0.0 0.0 0.0 0.0 0.0 0.0 0.0 0.0 0.0 0.0 0.0 0.0 0.0 0.0 0.0 0.0 0.0 0.0 0.9950197898659333 3.053738233171733 5.1124566764775325 7.171175119783332 9.229893563089131 11.288612006398441 13.347330449704241 15.406048893010041 17.46476733631584 19.52348577962164 21.58220422292744 23.64092266623324 24.746332742711722 24.832634618139696 24.918936493567674 25.005238368995652 25.09154024442363 25.177842119851604 25.26414399527973 25.350445870707706 25.436747746135683 25.52304962156366 25.60935149699164 25.695653372419613 1.4023332638995512
0.12250853701119278 0.12286443455763932 0.11219604448987688 0.10152765442209627 0.09085926435433385 0.08019087428657143 0.06952248421880901 0.05885409415104659 0.04818570408328417 0.03751731401552173 0.026848923947759312 0.016180533879996892 0.005512143812234471 0.0 0.0 0.0 0.0 0.0 0.0 0.0 0.0 0.0 0.0 0.0 0.0 0.0 0.0 0.0 0.0 0.0 0.0 0.0 0.0 0.0 0.0 0.0 0.0 1.089934176788085 3.3450326327145627 5.6001310886410405 7.855229544567518 10.110328000493995 12.365426456424318 14.620524912350797 16.875623368277274 19.130721824203754 21.38582028013023 23.640918736056708 25.896017191983184 27.106871723712814 27.201405887262 27.29594005081118 27.390474214360363 27.485008377909548 27.57954254145873 27.674076705008073 27.768610868557257 27.86314503210644 27.957679195655622 28.052213359204806 28.14674752275399 1.4023332638995512
0.12760135861251004 0.1279720512316643 0.11686016384760126 0.10574827646351927 0.09463638907945623 0.08352450169539319 0.07241261431133014 0.06130072692726711 0.050188839543204064 0.03907695215914103 0.027965064775077986 0.016853177391014953 0.005741290006951921 0.0 0.0 0.0 0.0 0.0 0.0 0.0 0.0 0.0 0.0 0.0 0.0 0.0 0.0 0.0 0.0 0.0 0.0 0.0 0.0 0.0 0.0 0.0 0.0 1.1433969010104026 3.509110942181357 5.874824983352312 8.240539024523267 10.60625306569422 12.97196710686921 15.337681148040165 17.70339518921112 20.069109230382075 22.43482327155303 24.800537312723982 27.16625135389494 28.436907547642402 28.536922140238214 28.636936732834027 28.73695132542984 28.83696591802565 28.936980510621463 29.03699510321745 29.137009695813262 29.237024288409074 29.337038881004887 29.4370534736007 29.53706806619651 28.397007655250572
0.12673426897430318 0.12710244262553638 0.11606606386078908 0.10502968509602295 0.09399330633127564 0.08295692756652834 0.07192054880178103 0.060884170037033725 0.04984779127228642 0.03881141250753911 0.027775033742791805 0.016738654978044498 0.005702276213297192 0.0 0.0 0.0 0.0 0.0 0.0 0.0 0.0 0.0 0.0 0.0 0.0 0.0 0.0 0.0 0.0 0.0 0.0 0.0 0.0 0.0 0.0 0.0 0.0 1.1525504116228409 3.5372032732180214 5.921856134813202 8.306508996408382 10.691161858003564 13.07581471960281 15.460467581197992 17.845120442793174 20.229773304388353 22.614426165983534 24.999079027578716 27.383731889173895 28.66540047706901 28.767953934884627 28.870507392700244 28.973060850515857 29.075614308331474 29.178167766147087 29.28072122396288 29.383274681778495 29.485828139594112 29.588381597409725 29.690935055225342 29.793488513040955 28.644359288069477
0.12586717933609629 0.12623283401940844 0.11527196387397687 0.1043110937285266 0.09335022358309503 0.08238935343766346 0.07142848329223189 0.060467613146800325 0.04950674300136876 0.03854587285593719 0.027585002710505624 0.016624132565074043 0.00566326241964249 0.0 0.0 0.0 0.0 0.0 0.0 0.0 0.0 0.0 0.0 0.0 0.0 0.0 0.0 0.0 0.0 0.0 0.0 0.0 0.0 0.0 0.0 0.0 0.0 1.1617039222352792 3.565295604254686 5.968887286274093 8.3724789682935 10.776070650312906 13.179662332336413 15.58325401435582 17.986845696375227 20.390437378394633 22.79402906041404 25.197620742433447 27.601212424452854 28.893893406495625 28.998985729531043 29.10407805256646 29.20917037560188 29.314262698637297 29.419355021672715 29.52444734470831 29.629539667743728 29.734631990779146 29.839724313814564 29.94481663684998 30.049908959885396 28.89171092088838
0.12500008969788867 0.12536322541327977 0.114477863887164 0.10359250236102967 0.09270714083491391 0.08182177930879814 0.07093641778268236 0.06005105625656659 0.04916569473045082 0.03828033320433506 0.02739497167821929 0.016509610152103518 0.00562424862598776 0.0 0.0 0.0 0.0 0.0 0.0 0.0 0.0 0.0 0.0 0.0 0.0 0.0 0.0 0.0 0.0 0.0 0.0 0.0 0.0 0.0 0.0 0.0 0.0 1.1708574328477253 3.593387935291374 6.015918437735023 8.438448940178672 10.860979442622321 13.2835099450701 15.70604044751375 18.1285709499574 20.55110145240105 22.9736319548447 25.396162457288348 27.818692959731997 29.12238633592243 29.230017524177654 29.337648712432877 29.4452799006881 29.55291108894332 29.66054227719854 29.76817346545395 29.87580465370917 29.98343584196439 30.091067030219612 30.198698218474835 30.306329406730057 29.13906255370749
0.1241330000596818 0.12449361680715182 0.11368376390035179 0.10287391099353332 0.09206405808673329 0.08125420517993326 0.07044435227313323 0.059634499366333193 0.04882464645953316 0.03801479355273313 0.027204940645933096 0.016395087739133063 0.00558523483233303 0.0 0.0 0.0 0.0 0.0 0.0 0.0 0.0 0.0 0.0 0.0 0.0 0.0 0.0 0.0 0.0 0.0 0.0 0.0 0.0 0.0 0.0 0.0 0.0 1.1800109434601633 3.621480266328038 6.062949589195912 8.504418912063787 10.945888234931662 13.3873575578037 15.828826880671574 18.27029620353945 20.711765526407323 23.153234849275197 25.594704172143075 28.03617349501095 29.350879265349043 29.461049318824067 29.57121937229909 29.681389425774114 29.79155947924914 29.901729532724165 30.011899586199377 30.1220696396744 30.232239693149424 30.342409746624448 30.452579800099475 30.5627498535745 29.38641418652639
0.12326591042147493 0.1236240082010239 0.1128896639135396 0.102155319626037 0.0914209753385527 0.08068663105106841 0.06995228676358412 0.05921794247609981 0.048483598188615515 0.03774925390113122 0.027014909613646915 0.01628056532616262 0.005546221038678328 0.0 0.0 0.0 0.0 0.0 0.0 0.0 0.0 0.0 0.0 0.0 0.0 0.0 0.0 0.0 0.0 0.0 0.0 0.0 0.0 0.0 0.0 0.0 0.0 1.1891644540726019 3.649572597364703 6.1099807406568045 8.570388883948905 11.030797027241007 13.491205170537304 15.951613313829405 18.412021457121504 20.872429600413607 23.33283774370571 25.79324588699781 28.253654030289912 29.579372194775658 29.692081113470483 29.80479003216531 29.917498950860136 30.030207869554964 30.14291678824979 30.25562570694481 30.368334625639637 30.48104354433446 30.59375246302929 30.706461381724115 30.819170300418943 29.633765819345296
0.12239882078326805 0.12275439959489595 0.1120955639267274 0.10143672825854066 0.0907778925903721 0.08011905692220353 0.06946022125403498 0.05880138558586642 0.04814254991769787 0.0374837142495293 0.026824878581360748 0.01616604291319218 0.0055072072450236265 0.0 0.0 0.0 0.0 0.0 0.0 0.0 0.0 0.0 0.0 0.0 0.0 0.0 0.0 0.0 0.0 0.0 0.0 0.0 0.0 0.0 0.0 0.0 0.0 1.19831796468504 3.6776649284013665 6.157011892117693 8.63635885583402 11.115705819550348 13.595052783270901 16.07439974698723 18.553746710703557 21.03309367441988 23.51244063813621 25.991787601852536 28.471134565568864 29.807865124202266 29.923112908116895 30.038360692031524 30.153608475946154 30.268856259860783 30.384104043775412 30.499351827690237 30.614599611604866 30.729847395519496 30.845095179434125 30.960342963348754 31.075590747263384 29.881117452164197
0.12153173114506119 0.12188479098876803 0.1113014639399152 0.10071813689104434 0.09013480984219151 0.07955148279333868 0.06896815574448587 0.05838482869563304 0.04780150164678021 0.037218174597927395 0.026634847549074567 0.01605152050022174 0.005468193451368911 0.0 0.0 0.0 0.0 0.0 0.0 0.0 0.0 0.0 0.0 0.0 0.0 0.0 0.0 0.0 0.0 0.0 0.0 0.0 0.0 0.0 0.0 0.0 0.0 1.2074714752974782 3.7057572594380312 6.204043043578584 8.702328827719137 11.20061461185969 13.698900396004504 16.197186180145057 18.69547196428561 21.19375774842616 23.692043532566714 26.190329316707267 28.68861510084782 30.036358053628877 30.15414470276331 30.27193135189774 30.389718001032172 30.507504650166606 30.625291299301036 30.74307794843567 30.8608645975701 30.978651246704533 31.096437895838964 31.214224544973394 31.332011194107828 30.128469084983102
0.12066464150685428 0.12101518238264009 0.110507363953103 0.09999954552354799 0.0894917270940109 0.07898390866447383 0.06847609023493673 0.05796827180539965 0.04746045337586256 0.036952634946325474 0.026444816516788386 0.01593699808725131 0.005429179657714223 0.0 0.0 0.0 0.0 0.0 0.0 0.0 0.0 0.0 0.0 0.0 0.0 0.0 0.0 0.0 0.0 0.0 0.0 0.0 0.0 0.0 0.0 0.0 0.0 1.2166249859099165 3.7338495904746956 6.251074195039474 8.768298799604253 11.285523404169032 13.802748008738105 16.319972613302884 18.83719721786766 21.354421822432442 23.87164642699722 26.388871031561997 28.90609563612678 30.264850983055492 30.385176497409727 30.50550201176396 30.625827526118194 30.746153040472425 30.86647855482666 30.9868040691811 31.107129583535333 31.227455097889568 31.3477806122438 31.468106126598034 31.58843164095227 30.375820717802004
0.11979755186864668 0.12014557377651142 0.10971326396629014 0.09928095415605105 0.08884864434582976 0.07841633453560848 0.0679840247253872 0.057551714915165905 0.047119405104944626 0.03668709529472333 0.026254785484502052 0.01582247567428076 0.005390165864059479 0.0 0.0 0.0 0.0 0.0 0.0 0.0 0.0 0.0 0.0 0.0 0.0 0.0 0.0 0.0 0.0 0.0 0.0 0.0 0.0 0.0 0.0 0.0 0.0 1.2257784965223626 3.761941921511384 6.298105346500405 8.834268771489427 11.370432196478447 13.906595621471794 16.442759046460814 18.978922471449835 21.51508589643886 24.05124932142788 26.5874127464169 29.123576171405922 30.4933439124823 30.61620829205634 30.739072671630375 30.861937051204414 30.98480143077845 31.10766581035249 31.230530189926736 31.353394569500775 31.476258949074815 31.59912332864885 31.72198770822289 31.844852087796927 30.623172350621115
0.1189304622304398 0.11927596517038347 0.10891916397947791 0.09856236278855471 0.08820556159764917 0.0778487604067436 0.06749195921583806 0.057135158024932506 0.04677835683402695 0.03642155564312141 0.026064754452215858 0.015707953261310303 0.005351152070404763 0.0 0.0 0.0 0.0 0.0 0.0 0.0 0.0 0.0 0.0 0.0 0.0 0.0 0.0 0.0 0.0 0.0 0.0 0.0 0.0 0.0 0.0 0.0 0.0 1.234932007134801 3.790034252548048 6.345136497961295 8.900238743374542 11.45534098878779 14.010443234205395 16.565545479618642 19.12064772503189 21.675749970445136 24.230852215858384 26.78595446127163 29.341056706684878 30.72183684190891 30.84724008670275 30.97264333149659 31.098046576290432 31.223449821084273 31.34885306587811 31.474256310672168 31.59965955546601 31.72506280025985 31.850466045053686 31.975869289847527 32.10127253464137 30.870523983440016
0.11806337259223292 0.11840635656425554 0.10812506399266572 0.09784377142105838 0.08756247884946856 0.07728118627787875 0.06699989370628893 0.05671860113469912 0.046437308563109306 0.03615601599151949 0.025874723419929677 0.015593430848339862 0.0053121382767500475 0.0 0.0 0.0 0.0 0.0 0.0 0.0 0.0 0.0 0.0 0.0 0.0 0.0 0.0 0.0 0.0 0.0 0.0 0.0 0.0 0.0 0.0 0.0 0.0 1.2440855177472392 3.8181265835847125 6.392167649422186 8.96620871525966 11.540249781097133 14.114290846938996 16.68833191277647 19.262372978613943 21.836414044451416 24.41045511028889 26.984496176126363 29.558537241963837 30.95032977133552 31.078271881349167 31.20621399136281 31.33415610137645 31.462098211390092 31.590040321403738 31.717982431417596 31.845924541431238 31.973866651444883 32.10180876145852 32.22975087147217 32.35769298148581 31.117875616258917
0.12639447054234199 0.1264589493168573 0.11547844544908648 0.10449794158129694 0.09351743771352614 0.08253693384575533 0.07155642997798452 0.0605759261102137 0.0495954222424429 0.03861491837467208 0.02763441450690128 0.016653910639130465 0.0056734067713596625 0.0 0.0 0.0 0.0 0.0 0.0 0.0 0.0 0.0 0.0 0.0 0.0 0.0 0.0 0.0 0.0 0.0 0.0 0.0 0.0 0.0 0.0 0.0 0.0 1.265886103654171 3.8850330746591393 6.504180045664108 9.123327016669077 11.742473987674044 14.36162095868348 16.980767929688447 19.599914900693417 22.219061871698383 24.838208842703352 27.457355813708322 30.076502784713288 31.476639166203814 31.57362566233661 31.670612158469407 31.767598654602203 31.864585150735 31.961571646867796 32.05855814300076 32.15554463913356 32.25253113526635 32.34951763139915 32.446504127531945 32.543490623664745 31.301782681674034
0.14455785103339064 0.14404881273326026 0.1315409708295437 0.11903312892580578 0.10652528702208922 0.09401744511837265 0.08150960321465607 0.0690017613109395 0.05649391940722294 0.043986077503506374 0.03147823559978981 0.01897039369607323 0.006462551792356663 0.0 0.0 0.0 0.0 0.0 0.0 0.0 0.0 0.0 0.0 0.0 0.0 0.0 0.0 0.0 0.0 0.0 0.0 0.0 0.0 0.0 0.0 0.0 0.0 1.3012056155906135 3.993429455390232 6.685653295189851 9.37787713498947 12.070100974789089 14.762324814593297 17.454548654392916 20.146772494192536 22.838996333992153 25.531220173791773 28.22344401359139 30.91566785339101 32.32129558383626 32.35152297992127 32.38175037600629 32.4119777720913 32.44220516817631 32.47243256426132 32.502659960346385 32.532887356431395 32.563114752516405 32.593342148601415 32.623569544686426 32.65379694077144 31.417871505026525
0.16272123152443937 0.1616386761496632 0.1476034962100009 0.13356831627031462 0.11953313633065231 0.10549795639098998 0.09146277645132765 0.07742759651166534 0.06339241657200301 0.04935723663234068 0.03532205669267835 0.02128687675301602 0.007251696813353692 0.0 0.0 0.0 0.0 0.0 0.0 0.0 0.0 0.0 0.0 0.0 0.0 0.0 0.0 0.0 0.0 0.0 0.0 0.0 0.0 0.0 0.0 0.0 0.0 1.3365251275270562 4.101825836121326 6.867126544715595 9.632427253309864 12.397727961904133 15.163028670503119 17.928329379097388 20.69363008769166 23.458930796285927 26.224231504880194 28.989532213474465 31.754832922068733 33.16595200146871 33.12942029750594 33.092888593543165 33.05635688958039 33.01982518561762 32.98329348165484 32.946761777692004 32.91023007372923 32.87369836976646 32.837166665803686 32.80063496184091 32.76410325787813 31.533960328379017
0.18088461201548806 0.1792285395660662 0.1636660215904581 0.14810350361482347 0.13254098563921538 0.1169784676636073 0.10141594968799922 0.08585343171239114 0.07029091373678305 0.05472839576117497 0.03916587778556688 0.023603359809958813 0.00804084183435072 0.0 0.0 0.0 0.0 0.0 0.0 0.0 0.0 0.0 0.0 0.0 0.0 0.0 0.0 0.0 0.0 0.0 0.0 0.0 0.0 0.0 0.0 0.0 0.0 1.3718446394634987 4.210222216852419 7.048599794241338 9.886977371630257 12.725354949019177 15.563732526412936 18.402110103801856 21.240487681190775 24.078865258579697 26.917242835968615 29.755620413357537 32.59399799074645 34.01060841910117 33.907317615090605 33.80402681108004 33.70073600706949 33.597445203058925 33.49415439904837 33.39086359503763 33.287572791027074 33.18428198701651 33.08099118300595 32.977700378995394 32.87440957498483 31.65004915173151
0.19904799250655225 0.19681840298248415 0.179728546970929 0.16263869095934472 0.14554883494778958 0.12845897893623442 0.11136912292467928 0.09427926691312413 0.077189410901569 0.06009955489001384 0.04300969887845871 0.025919842866903547 0.008829986855348415 0.0 0.0 0.0 0.0 0.0 0.0 0.0 0.0 0.0 0.0 0.0 0.0 0.0 0.0 0.0 0.0 0.0 0.0 0.0 0.0 0.0 0.0 0.0 0.0 1.407164151399971 4.318618597583603 7.230073043767235 10.141527489950867 13.052981936134499 15.964436382323095 18.875890828506726 21.78734527469036 24.698799720873993 27.610254167057622 30.521708613241255 33.433163059424885 34.85526483673433 34.685214932675926 34.515165028617524 34.34511512455912 34.17506522050072 34.005015316442325 33.83496541238363 33.66491550832523 33.49486560426683 33.324815700208426 33.15476579615002 32.98471589209162 31.7661379750841
0.2172113729976009 0.2144082663988871 0.1957910723513862 0.17717387830385356 0.15855668425635264 0.13993949020885174 0.12132229616135083 0.10270510211384992 0.08408790806634903 0.06547071401884813 0.04685351997134721 0.02823632592384631 0.009619131876345416 0.0 0.0 0.0 0.0 0.0 0.0 0.0 0.0 0.0 0.0 0.0 0.0 0.0 0.0 0.0 0.0 0.0 0.0 0.0 0.0 0.0 0.0 0.0 0.0 1.4424836633364135 4.427014978314697 7.411546293292979 10.396077608271263 13.380608923249545 16.365140238232918 19.3496715532112 22.334202868189482 25.318734183167766 28.303265498146047 31.28779681312433 34.272328128102615 35.69992125436678 35.46311225026059 35.22630324615441 34.98949424204822 34.75268523794203 34.51587623383585 34.27906722972926 34.042258225623065 33.80544922151688 33.568640217410696 33.331831213304504 33.09502220919832 31.88222679843659
0.2353747534886496 0.23199812981529006 0.2118535977318434 0.19170906564836238 0.17156453356491572 0.15142000148146906 0.1312754693980224 0.11113093731457574 0.09098640523112908 0.07084187314768242 0.05069734106423576 0.030552808980789103 0.010408276897342444 0.0 0.0 0.0 0.0 0.0 0.0 0.0 0.0 0.0 0.0 0.0 0.0 0.0 0.0 0.0 0.0 0.0 0.0 0.0 0.0 0.0 0.0 0.0 0.0 1.477803175272856 4.535411359045789 7.593019542818722 10.650627726591654 13.708235910364587 16.765844094142736 19.823452277915667 22.8810604616886 25.938668645461533 28.996276829234468 32.0538850130074 35.11149319678034 36.544577671999235 36.24100956784526 35.937441463691286 35.63387335953731 35.330305255383344 35.02673715122937 34.723169047074876 34.41960094292091 34.116032838766934 33.81246473461296 33.50889663045899 33.20532852630502 31.998315621789082
