Figures/CREST_Example_wjb_NSE/Rolling_result/20100722/BJP_forecast/ens_29/wjb.rain.20100723.asc
ncols            288
nrows            254
xllcorner        113.274861
yllcorner        31.4918055
cellsize         0.008333333333
NODATA_value     -9999
[rows 63 to 83 of 254, columns 96 to 143 of 288]
39.60222888074793 39.59676551618655 39.59130215162518 38.38784706508887 35.90371174035496 33.41957641562104 30.935441090887124 28.45130576615321 25.967170441415057 23.483035116681144 20.99889979194723 18.514764467213315 16.0306291424794 13.546493817745485 11.062358493011569 9.73387747944158 9.640817057013711 9.547756634585841 9.454696212157973 9.361635789730105 9.268575367302235 9.175514944874209 9.082454522446339 8.98939410001847 8.8963336775906 8.803273255162733 8.710212832734864 8.446187380718179 7.999396445732962 7.552605510747745 7.105814575762528 6.659023640777312 6.212232705792093 5.765441770806877 5.318650835820899 4.871859900835681 4.425068965850464 3.9782780308652477 3.5314870958800304 3.2257082169360483 3.070674415148348 2.915640613360648 2.7606068115729476 2.605573009785247 2.4505392079975468 2.2955054062098466 2.140471604422146 1.9854378026341815
39.199749296560014 39.21012749035973 39.22050568415944 38.04146867371505 35.59091991644818 33.14037115918131 30.689822401914444 28.239273644647575 25.78872488737653 23.338176130109662 20.887627372842797 18.437078615575928 15.986529858309058 13.535981101042193 11.085432343775324 9.780365687695712 9.699845300271642 9.61932491284757 9.538804525423501 9.45828413799943 9.377763750575358 9.29724336315115 9.21672297572708 9.136202588303009 9.05568220087894 8.975161813454868 8.894641426030796 8.630401534213638 8.169761337422424 7.7091211406312095 7.248480943839994 6.787840747048779 6.327200550257565 5.86656035346635 5.40592015667435 4.945279959883135 4.48463976309192 4.023999566300706 3.5633593695094907 3.249567387490221 3.092759468305878 2.935951549121535 2.7791436299371917 2.6223357107528487 2.4655277915685057 2.308719872384162 2.151911953199819 1.9951040340152089
38.79726971237209 38.8234894645329 38.849709216693704 37.69509028234122 35.2781280925414 32.86116590274158 30.44420371294176 28.02724152314194 25.610279333338 23.193317143538177 20.77635495373836 18.359392763938537 15.942430574138719 13.525468384338897 11.108506194539075 9.826853895949844 9.758873543529571 9.690893191109298 9.622912838689025 9.554932486268754 9.486952133848481 9.418971781428093 9.35099142900782 9.283011076587547 9.215030724167276 9.147050371747003 9.07907001932673 8.814615687709098 8.340126229111885 7.865636770514673 7.39114731191746 6.916657853320247 6.442168394723035 5.967678936125822 5.4931894775278 5.018700018930588 4.544210560333375 4.069721101736162 3.5952316431389493 3.2734265580443944 3.114844521463408 2.9562624848824224 2.797680448301436 2.6390984117204503 2.480516375139464 2.3219343385584783 2.1633523019774925 2.0047702653962363
38.39479012818383 38.43685143870574 38.47891274922765 37.3487118909671 34.96533626863436 32.58196064630161 30.198585023968867 27.815209401636125 25.431833779299318 23.048458156966575 20.66508253463383 18.281706912301086 15.898331289968343 13.514955667635597 11.131580045302854 9.873342104204015 9.817901786787552 9.762461469371088 9.707021151954624 9.65158083453816 9.596140517121697 9.540700199705139 9.485259882288675 9.429819564872211 9.374379247455748 9.318938930039284 9.263498612622822 8.998829841204715 8.510491120801493 8.022152400398271 7.533813679995048 7.045474959591826 6.557136239188603 6.068797518785381 5.580458798381326 5.0921200779781035 4.6037813575748805 4.115442637171658 3.6271039167684362 3.2972857285985877 3.1369295746209573 2.976573420643327 2.8162172666656966 2.6558611126880667 2.495504958710436 2.335148804732806 2.1747926507551756 2.0144364967772717
37.99231054399591 38.05021341287892 38.10811628176192 37.00233349959328 34.65254444472758 32.302755389861886 29.95296633499619 27.603177280130495 25.25338822526079 22.903599170395093 20.553810115529394 18.2040210606637 15.854232005798004 13.504442950932305 11.154653896066609 9.919830312458148 9.876930030045482 9.834029747632817 9.791129465220152 9.748229182807487 9.705328900394822 9.662428617982082 9.619528335569417 9.576628053156751 9.533727770744086 9.490827488331421 9.447927205918754 9.183043994700176 8.680856012490954 8.178668030281735 7.676480048072515 7.174292065863295 6.672104083654074 6.169916101444854 5.667728119234777 5.165540137025557 4.663352154816336 4.1611641726071165 3.6589761903978966 3.3211448991527606 3.1590146277784874 2.9968843564042142 2.834754085029941 2.672623813655668 2.5104935422813948 2.3483632709071216 2.186232999532849 2.024102728158299
37.58983095980799 37.663575387052084 37.737319814296185 36.65595510821945 34.3397526208208 32.023550133422155 29.707347646023507 27.39114515862486 25.07494267122226 22.758740183823612 20.44253769642496 18.126335209026312 15.810132721627664 13.493930234229015 11.177727746830367 9.966318520712282 9.935958273303413 9.905598025894546 9.87523777848568 9.844877531076811 9.814517283667945 9.784157036259026 9.753796788850158 9.723436541441291 9.693076294032425 9.662716046623556 9.63235579921469 9.367258148195637 8.851220904180419 8.3351836601652 7.819146416149982 7.303109172134764 6.787071928119546 6.271034684104327 5.754997440088229 5.238960196073011 4.722922952057793 4.206885708042575 3.690848464027356 3.3450040697069334 3.1810996809360175 3.0171952921651015 2.8532909033941856 2.6893865146232696 2.5254821258523537 2.3615777370814377 2.1976733483105217 2.0337689595393265
37.187351375620075 37.27693736122526 37.36652334683045 36.30957671684563 34.02696079691403 31.744344876982428 29.461728957050827 27.179113037119226 24.89649711718373 22.613881197252127 20.331265277320526 18.048649357388925 15.766033437457324 13.483417517525723 11.200801597594118 10.012806728966412 9.994986516561344 9.977166304156274 9.959346091751206 9.941525879346136 9.923705666941068 9.905885454535968 9.8880652421309 9.87024502972583 9.852424817320761 9.834604604915691 9.816784392510623 9.551472301691096 9.02158579586988 8.491699290048665 7.9618127842274475 7.431926278406232 6.902039772585016 6.3721532667637995 5.84226676094168 5.3123802551204635 4.782493749299247 4.252607243478032 3.7227207376568154 3.3688632402611063 3.2031847340935475 3.037506227925989 2.87182772175843 2.7061492155908713 2.5404707094233125 2.374792203255754 2.2091136970881946 2.0434351909203534
36.78487179143215 36.89029933539843 36.99572687936471 35.96319832547181 33.714168973007254 31.465139620542697 29.216110268078143 26.96708091561359 24.718051563145202 22.46902221068065 20.21999285821609 17.970963505751538 15.721934153286984 13.47290480082243 11.223875448357877 10.059294937220544 10.054014759819275 10.048734582418003 10.043454405016732 10.038174227615462 10.03289405021419 10.02761387281291 10.022333695411639 10.01705351801037 10.011773340609098 10.006493163207827 10.001212985806555 9.735686455186556 9.191950687559341 8.648214919932128 8.104479152304915 7.5607433846777 7.017007617050487 6.473271849423272 5.929536081795131 5.385800314167917 4.842064546540703 4.298328778913489 3.754593011286275 3.3927224108152796 3.225269787251078 3.0578171636868765 2.8903645401226745 2.722911916558473 2.5554592929942714 2.38800666943007 2.2205540458658684 2.0531014223013813
36.38239220724423 36.503661309571605 36.62493041189898 35.61681993409798 33.401377149100476 31.185934364102973 28.970491579105467 26.755048794107957 24.539606009106677 22.32416322410917 20.10872043911166 17.893277654114154 15.677834869116651 13.462392084119145 11.246949299121638 10.105783145474678 10.113043003077205 10.120302860679733 10.12756271828226 10.134822575884787 10.142082433487314 10.149342291089853 10.15660214869238 10.163862006294908 10.171121863897435 10.178381721499962 10.185641579102489 9.919900608682015 9.362315579248804 8.804730549815591 8.24714552038238 7.689560490949169 7.131975461515957 6.574390432082745 6.016805402648582 5.45922037321537 4.901635343782158 4.344050314348946 3.7864652849157343 3.4165815813694524 3.247354840408608 3.0781280994477638 2.9089013584869194 2.7396746175260747 2.5704478765652303 2.401221135604386 2.231994394643541 2.062767653682408
35.97991262305597 36.11702328374445 36.25413394443293 35.270441542723866 33.088585325193435 30.906729107663004 28.724872890132573 26.543016672602143 24.361160455067992 22.17930423753756 19.99744802000713 17.8155918024767 15.633735584946272 13.451879367415842 11.27002314988541 10.15227135372885 10.172071246335186 10.191871138941522 10.211671031547858 10.231470924154195 10.25127081676053 10.2710707093669 10.290870601973236 10.310670494579572 10.330470387185908 10.350270279792245 10.37007017239858 10.104114762177634 9.532680470938411 8.96124617969919 8.389811888459969 7.818377597220747 7.246943305981525 6.675509014742303 6.104074723502108 5.532640432262887 4.9612061410236645 4.389771849784443 3.8183375585452213 3.4404407519236457 3.269439893566157 3.098439035208668 2.9274381768511795 2.7564373184936906 2.5854364601362017 2.414435601778713 2.243434743421224 2.072433885063444
34.75545125173067 34.89350490979685 35.031558567863044 34.08953164305119 31.992874153787234 29.89621666452328 27.799559175259322 25.702901685995368 23.606244196727836 21.509586707463882 19.412929218199928 17.316271728935973 15.219614239672019 13.122956750408061 11.026299261144107 9.954776036146589 9.97914452074218 10.003513005337771 10.027881489933364 10.052249974528955 10.076618459124546 10.100986943720178 10.12535542831577 10.14972391291136 10.174092397506952 10.198460882102543 10.222829366698136 9.964512237287051 9.40399779362729 8.84348334996753 8.282968906307769 7.722454462648008 7.161940018988247 6.601425575328485 6.040911131667769 5.480396688008007 4.919882244348246 4.359367800688485 3.798853357028724 3.4248380811565755 3.250194633672668 3.0755511861887603 2.9009077387048525 2.726264291220945 2.5516208437370373 2.37697739625313 2.2023339487692217 2.027690501285017
32.652343176572174 32.77541420969116 32.89848524281013 32.01656017889378 30.060271563602395 28.10398294831101 26.147694333019626 24.19140571772824 22.23511710243352 20.278828487142135 18.32253987185075 16.366251256559366 14.409962641267981 12.453674025976596 10.497385410685212 9.496477712803912 9.516893819412143 9.537309926020374 9.557726032628604 9.578142139236833 9.598558245845064 9.61897435245333 9.63939045906156 9.65980656566979 9.68022267227802 9.700638778886251 9.721054885494482 9.478770100105326 8.955652120245697 8.432534140386066 7.909416160526437 7.386298180666806 6.863180200807177 6.340062220947546 5.8169442410870245 5.2938262612273945 4.770708281367765 4.247590301508135 3.7244723216485047 3.367053190118117 3.186769875037314 3.006486559956511 2.826203244875708 2.645919929794905 2.4656366147141022 2.2853532996332993 2.1050699845524963 1.9247866694713858
30.54923510141368 30.657323509585453 30.765411917757223 29.94358871473637 28.127668973417556 26.31174923209874 24.49582949077993 22.679909749461114 20.863990008139204 19.04807026682039 17.232150525501574 15.416230784182758 13.600311042863943 11.784391301545131 9.968471560226316 9.038179389461236 9.054643118082105 9.071106846702975 9.087570575323845 9.104034303944713 9.120498032565584 9.13696176118648 9.15342548980735 9.169889218428219 9.18635294704909 9.202816675669958 9.219280404290828 8.9930279629236 8.507306446864101 8.021584930804602 7.535863414745104 7.050141898685605 6.564420382626106 6.078698866566607 5.592977350506279 5.107255834446781 4.621534318387282 4.135812802327783 3.6500912862682844 3.309268299079658 3.123345116401959 2.937421933724261 2.751498751046563 2.565575568368865 2.379652385691166 2.193729203013468 2.00780602033577 1.8218828376577545
28.446127026255184 28.53923280947975 28.632338592704315 27.870617250578963 26.19506638323272 24.519515515886475 22.84396464854023 21.168413781193987 19.492862913844885 17.817312046498643 16.141761179152397 14.466210311806151 12.790659444459907 11.115108577113663 9.439557709767417 8.579881066118558 8.592392416752066 8.604903767385576 8.617415118019084 8.629926468652592 8.642437819286101 8.65494916991963 8.66746052055314 8.679971871186648 8.692483221820156 8.704994572453666 8.717505923087174 8.507285825741874 8.058960773482507 7.610635721223139 7.162310668963771 6.713985616704404 6.265660564445036 5.817335512185668 5.369010459925536 4.920685407666168 4.472360355406801 4.024035303147433 3.575710250888065 3.251483408041199 3.059920357766605 2.868357307492012 2.676794257217418 2.4852312069428244 2.2936681566682307 2.1021051063936373 1.9105420561190438 1.7189790058441234
26.343018951096692 26.42114210937405 26.499265267651406 25.797645786421555 24.262463793047882 22.727281799674206 21.192099806300533 19.656917812926856 18.121735819550565 16.586553826176893 15.051371832803218 13.516189839429543 11.981007846055869 10.445825852682194 8.910643859308522 8.12158274277588 8.13014171542203 8.138700688068177 8.147259660714324 8.155818633360472 8.164377606006619 8.172936578652783 8.18149555129893 8.190054523945077 8.198613496591225 8.207172469237372 8.21573144188352 8.021543688560149 7.610615100100913 7.1996865116416755 6.788757923182439 6.377829334723202 5.966900746263965 5.555972157804729 5.145043569344791 4.734114980885554 4.323186392426318 3.912257803967081 3.5013292155078446 3.1936985170027397 2.9964955991312507 2.799292681259762 2.602089763388273 2.404886845516784 2.207683927645295 2.010481009773806 1.8132780919023175 1.6160751740304924
24.239910875938193 24.303051409268345 24.366191942598498 23.724674322264146 22.329861202863043 20.93504808346194 19.540234964060836 18.14542184465973 16.75060872525625 15.355795605855146 13.960982486454041 12.566169367052938 11.171356247651834 9.776543128250731 8.381730008849626 7.663284419433205 7.667891014091992 7.672497608750779 7.677104203409566 7.6817107980683526 7.6863173927271395 7.690923987385934 7.695530582044721 7.700137176703508 7.704743771362295 7.709350366021082 7.713956960679869 7.535801551378425 7.16226942671932 6.7887373020602135 6.415205177401108 6.041673052742002 5.668140928082897 5.294608803423791 4.921076678764049 4.547544554104943 4.1740124294458365 3.8004803047867313 3.426948180127625 3.135913625964281 2.9330708404958967 2.7302280550275126 2.5273852695591286 2.324542484090744 2.12169969862236 1.9188569131539757 1.7160141276855916 1.5131713422168616
22.136802800777907 22.184960709160837 22.23311861754377 21.65170285810497 20.397258612676556 19.142814367248143 17.888370121819726 16.633925876391313 15.379481630960761 14.125037385532346 12.870593140103933 11.616148894675518 10.361704649247105 9.10726040381869 7.852816158390278 7.204986096090135 7.205640312761558 7.206294529432981 7.206948746104404 7.207602962775827 7.20825717944725 7.2089113961186735 7.2095656127900964 7.210219829461519 7.210874046132942 7.211528262804365 7.212182479475788 7.050059414196286 6.713923753337343 6.377788092478401 6.0416524316194575 5.705516770760514 5.369381109901572 5.03324544904263 4.697109788183113 4.3609741273241704 4.024838466465228 3.688702805606285 3.352567144747342 3.0781287349257727 2.8696460818604885 2.661163428795204 2.45268077572992 2.2441981226646357 2.035715469599351 1.827232816534067 1.6187501634687826 1.4102675104031428
20.033694725619412 20.066870009055137 20.10004529249086 19.57873139394756 18.464656022491717 17.350580651035873 16.23650527958003 15.122429908124188 14.008354536666445 12.894279165210602 11.780203793754756 10.666128422298913 9.55205305084307 8.437977679387226 7.323902307931382 6.746687772747459 6.743389611431521 6.740091450115583 6.736793288799645 6.733495127483707 6.730196966167768 6.7268988048518255 6.723600643535887 6.7203024822199495 6.717004320904011 6.713706159588074 6.710407998272135 6.5643172770145615 6.265578079955749 5.966838882896938 5.668099685838126 5.369360488779314 5.070621291720502 4.771882094661691 4.4731428976023695 4.174403700543557 3.875664503484746 3.576925306425934 3.2781861093671223 3.0203438438873134 2.806221323225134 2.5920988025629543 2.3779762819007746 2.1638537612385953 1.9497312405764156 1.735608719914236 1.5214861992520565 1.3073636785895117
17.930586650460913 17.948779308949433 17.96697196743795 17.50575992979015 16.532053432306878 15.558346934823604 14.584640437340331 13.610933939857059 12.637227442372124 11.663520944888852 10.689814447405578 9.716107949922305 8.742401452439031 7.768694954955759 6.794988457472487 6.288389449404781 6.2811389101014825 6.273888370798184 6.266637831494885 6.259387292191586 6.252136752888287 6.244886213584976 6.237635674281677 6.230385134978378 6.223134595675079 6.21588405637178 6.208633517068481 6.078575139832835 5.8172324065741545 5.555889673315474 5.294546940056794 5.033204206798112 4.771861473539432 4.510518740280752 4.249176007021625 3.9878332737629445 3.7264905405042636 3.4651478072455832 3.2038050739869024 2.9625589528488545 2.7427965645897796 2.5230341763307047 2.30327178807163 2.083509399812555 1.8637470115534802 1.6439846232944053 1.4242222350353304 1.2044598467758807
15.82747857530242 15.83068860884373 15.83389864238504 15.432788465632742 14.599450842122039 13.766113218611336 12.932775595100633 12.09943797158993 11.266100348077806 10.432762724567104 9.5994251010564 8.7660874775457 7.932749854034996 7.099412230524292 6.266074607013589 5.830091126062103 5.818888208771444 5.807685291480785 5.796482374190125 5.785279456899465 5.774076539608806 5.762873622318127 5.751670705027467 5.740467787736808 5.729264870446148 5.718061953155488 5.706859035864829 5.59283300265111 5.368886733192561 5.144940463734011 4.920994194275462 4.697047924816912 4.473101655358362 4.249155385899813 4.025209116440881 3.8012628469823317 3.577316577523782 3.3533703080652324 3.1294240386066825 2.9047740618103957 2.679371805954425 2.453969550098455 2.2285672942424846 2.0031650383865145 1.7777627825305444 1.5523605266745741 1.326958270818604 1.1015560149622494
13.724370500143925 13.71259790873803 13.700825317332132 13.359817001475333 12.6668482519372 11.973879502399068 11.280910752860937 10.587942003322803 9.894973253783489 9.202004504245355 8.509035754707224 7.816067005169091 7.123098255630959 6.430129506092826 5.737160756554694 5.371792802719427 5.356637507441406 5.341482212163386 5.326326916885366 5.311171621607345 5.296016326329324 5.280861031051278 5.265705735773257 5.250550440495237 5.2353951452172165 5.220239849939196 5.205084554661175 5.1070908654693845 4.920541059810966 4.7339912541525475 4.547441448494129 4.3608916428357105 4.174341837177292 3.9877920315188735 3.801242225860137 3.6146924202017185 3.4281426145433 3.2415928088848815 3.055043003226463 2.846989170771937 2.615947047319071 2.3849049238662055 2.15386280041334 1.9228206769604748 1.6917785535076093 1.4607364300547436 1.2296943066018782 0.9986521831486188
