Figures/CREST_Example_wjb_NSE/Rolling_result/20100722/BJP_forecast/ens_29/wjb.rain.20100726.asc
ncols            288
nrows            254
xllcorner        113.274861
yllcorner        31.4918055
cellsize         0.008333333333
NODATA_value     -9999
[rows 116 to 144 of 254, columns 192 to 255 of 288]
0.0 0.0 0.0 0.0 0.0 0.0 0.0 0.0 0.0 0.0 0.0 0.0 0.0 0.0 0.0 0.0 0.0 0.0 0.0 0.0 0.0 0.0 0.0 0.0 0.0 0.0 0.0 0.0 0.0 0.0 0.0 0.0 0.0 0.0 0.0 0.0 0.0 0.0 0.0 0.7528840740127338 0.7528840740127338 0.7528840740127338 0.7528840740127338 0.7528840740127338 0.7528840740127338 0.7528840740127338 0.7528840740127338 0.7528840740127338 0.7528840740127338 0.7528840740127338 0.7528840740127338 0.7528840740127338 0.7528840740127338 0.7528840740127338 0.7528840740127338 0.7528840740127338 0.7528840740127338 0.7528840740127338 0.7528840740127338 0.7528840740127338 0.7528840740127338 0.7528840740127338 0.7528840740127338 0.7528840740127338
0.0 0.0 0.0 0.0 0.0 0.0 0.0 0.0 0.0 0.0 0.0 0.0 0.0 0.0 0.0 0.0 0.0 0.0 0.0 0.0 0.0 0.0 0.0 0.0 0.0 0.0 0.0 0.0 0.0 0.0 0.0 0.0 0.0 0.0 0.0 0.0 0.0 0.0 0.0 0.7528840740127338 0.7528840740127338 0.7528840740127338 0.7528840740127338 0.7528840740127338 0.7528840740127338 0.7528840740127338 0.7528840740127338 0.7528840740127338 0.7528840740127338 0.7528840740127338 0.7528840740127338 0.7528840740127338 0.7528840740127338 0.7528840740127338 0.7528840740127338 0.7528840740127338 0.7528840740127338 0.7528840740127338 0.7528840740127338 0.7528840740127338 0.7528840740127338 0.7528840740127338 0.7528840740127338 0.7528840740127338
0.0 0.0 0.0 0.0 0.0 0.0 0.0 0.0 0.0 0.0 0.0 0.0 0.0 0.0 0.0 0.0 0.0 0.0 0.0 0.0 0.0 0.0 0.0 0.0 0.0 0.0 0.0 0.0 0.0 0.0 0.0 0.0 0.0 0.0 0.0 0.0 0.0 0.0 0.0 0.7528840740127338 0.7528840740127338 0.7528840740127338 0.7528840740127338 0.7528840740127338 0.7528840740127338 0.7528840740127338 0.7528840740127338 0.7528840740127338 0.7528840740127338 0.7528840740127338 0.7528840740127338 0.7528840740127338 0.7528840740127338 0.7528840740127338 0.7528840740127338 0.7528840740127338 0.7528840740127338 0.7528840740127338 0.7528840740127338 0.7528840740127338 0.7528840740127338 0.7528840740127338 0.7528840740127338 0.7528840740127338
0.0 0.0 0.0 0.0 0.0 0.0 0.0 0.0 0.0 0.0 0.0 0.0 0.0 0.0 0.0 0.0 0.0 0.0 0.0 0.0 0.0 0.0 0.0 0.0 0.0 0.0 0.0 0.0 0.0 0.0 0.0 0.0 0.0 0.0 0.0 0.0 0.0 0.0 0.0 0.7528840740127338 0.7528840740127338 0.7528840740127338 0.7528840740127338 0.7528840740127338 0.7528840740127338 0.7528840740127338 0.7528840740127338 0.7528840740127338 0.7528840740127338 0.7528840740127338 0.7528840740127338 0.7528840740127338 0.7528840740127338 0.7528840740127338 0.7528840740127338 0.7528840740127338 0.7528840740127338 0.7528840740127338 0.7528840740127338 0.7528840740127338 0.7528840740127338 0.7528840740127338 0.7528840740127338 0.7528840740127338
0.0 0.0 0.0 0.0 0.0 0.0 0.0 0.0 0.0 0.0 0.0 0.0 0.0 0.0 0.0 0.0 0.0 0.0 0.0 0.0 0.0 0.0 0.0 0.0 0.0 0.0 0.0 0.0 0.0 0.0 0.0 0.0 0.0 0.0 0.0 0.0 0.0 0.0 0.0 0.7528840740127338 0.7528840740127338 0.7528840740127338 0.7528840740127338 0.7528840740127338 0.7528840740127338 0.7528840740127338 0.7528840740127338 0.7528840740127338 0.7528840740127338 0.7528840740127338 0.7528840740127338 0.7528840740127338 0.7528840740127338 0.7528840740127338 0.7528840740127338 0.7528840740127338 0.7528840740127338 0.7528840740127338 0.7528840740127338 0.7528840740127338 0.7528840740127338 0.7528840740127338 0.7528840740127338 0.7528840740127338
0.0 0.0 0.0 0.002348730315824655 0.007208306484266362 0.012067882652708068 0.016927458821149776 0.021787034989591482 0.026646611158033188 0.031506187326474894 0.0363657634949166 0.041225339663358306 0.046084915831800015 0.05094449200024172 0.05580406816868343 0.059524205567066064 0.06202625713569743 0.06452830870432452 0.06703036027295163 0.06953241184157873 0.07203446341020582 0.07453651497883292 0.07703856654746002 0.07954061811608712 0.08204266968471421 0.08454472125334131 0.0870467728219684 0.08478151099497759 0.07741988325790983 0.07005825552082952 0.06269662778376175 0.055335000046694005 0.04797337230962625 0.04061174457255849 0.03325011683549073 0.025888489098422972 0.018526861361355215 0.011165233624287452 0.003803605887219702 0.0 0.0 0.0 0.0 0.0 0.0 0.0 0.0 0.0 0.0 0.0 0.0 0.0 0.0 0.0 0.0 0.0 0.0 0.0 0.0 0.0 0.0 0.0 0.0 0.7528840740127338
0.0 0.0 0.0 0.007208105269224246 0.022121838169905334 0.03703557107058642 0.051949303971267506 0.0668630368719486 0.08177676977262968 0.09669050267331077 0.11160423557399186 0.12651796847467295 0.14143170137535402 0.15634543427603512 0.17125916717671621 0.1826760343252569 0.19035467285357607 0.19803331138188215 0.20571194991018824 0.2133905884384943 0.22106922696680037 0.22874786549510645 0.23642650402341253 0.2441051425517186 0.2517837810800247 0.2594624196083308 0.26714105813663686 0.260189112397574 0.23759674096859001 0.21500436953956753 0.19241199811058357 0.1698196266815996 0.14722725525261565 0.12463488382363172 0.10204251239464776 0.0794501409656638 0.05685776953667984 0.03426539810769588 0.01167302667871195 0.0 0.0 0.0 0.0 0.0 0.0 0.0 0.0 0.0 0.0 0.0 0.0 0.0 0.0 0.0 0.0 0.0 0.0 0.0 0.0 0.0 0.0 0.0 0.0 0.7528840740127338
0.0 0.0 0.0 0.012067480222623838 0.03703536985554431 0.06200325948846478 0.08697114912138525 0.11193903875430572 0.1369069283872262 0.16187481802014667 0.18684270765306712 0.2118105972859876 0.23677848691890807 0.26174637655182853 0.28671426618474904 0.3058278630834477 0.31868308857145466 0.33153831405943973 0.34439353954742474 0.3572487650354098 0.3701039905233948 0.3829592160113799 0.39581444149936496 0.40866966698734997 0.421524892475335 0.43438011796332004 0.4472353434513051 0.4355967138001701 0.39777359867927 0.35995048355830533 0.3221273684374052 0.2843042533165051 0.24648113819560494 0.2086580230747048 0.17083490795380463 0.13301179283290454 0.0951886777120044 0.05736556259110426 0.019542447470204116 0.0 0.0 0.0 0.0 0.0 0.0 0.0 0.0 0.0 0.0 0.0 0.0 0.0 0.0 0.0 0.0 0.0 0.0 0.0 0.0 0.0 0.0 0.0 0.0 0.7528840740127338
0.0 0.0 0.0 0.01692685517602757 0.05194890154119599 0.08697094790636441 0.12199299427153282 0.15701504063670124 0.19203708700186967 0.2270591333670381 0.2620811797322065 0.29710322609737494 0.3321252724625433 0.36714731882771173 0.40216936519288016 0.4289796918417435 0.4470115042894427 0.46504331673711113 0.4830751291847796 0.5011069416324481 0.5191387540801164 0.5371705665277849 0.5552023789754533 0.5732341914231218 0.5912660038707902 0.6092978163184587 0.6273296287661272 0.6110043152029161 0.5579504563900868 0.504896597577167 0.45184273876433767 0.3987888799515083 0.345735021138679 0.2926811623258497 0.2396273035130203 0.186573444700191 0.13351958588736168 0.08046572707453237 0.027411868261703054 0.0 0.0 0.0 0.0 0.0 0.0 0.0 0.0 0.0 0.0 0.0 0.0 0.0 0.0 0.0 0.0 0.0 0.0 0.0 0.0 0.0 0.0 0.0 0.0 0.7528840740127338
0.0 0.0 0.0 0.021786230129427153 0.06686243322683494 0.11193863632424272 0.1570148394216505 0.2020910425190583 0.24716724561646608 0.29224344871387387 0.33731965181128165 0.38239585490868944 0.4274720580060972 0.472548261103505 0.5176244642009128 0.5521315205999342 0.5753399200073211 0.5985483194146686 0.621756718822016 0.6449651182293634 0.6681735176367108 0.6913819170440583 0.7145903164514057 0.7377987158587531 0.7610071152661005 0.784215514673448 0.8074239140807954 0.7864119166055122 0.7181273141007667 0.6498427115959048 0.5815581090911592 0.5132735065864138 0.44498890408166825 0.37670430157692275 0.30841969907217726 0.2401350965674317 0.17185049406268627 0.10356589155794071 0.035281289053195164 0.0 0.0 0.0 0.0 0.0 0.0 0.0 0.0 0.0 0.0 0.0 0.0 0.0 0.0 0.0 0.0 0.0 0.0 0.0 0.0 0.0 0.0 0.0 0.0 0.7528840740127338
0.0 0.0 0.0 0.026645605082826745 0.08177596491247391 0.13690632474212108 0.19203668457176823 0.2471670444014154 0.30229740423106255 0.3574277640607097 0.4125581238903569 0.46768848372000404 0.5228188435496512 0.5779492033792983 0.6330795632089455 0.675283349358125 0.7036683357251997 0.7320533220922262 0.7604383084592525 0.788823294826279 0.8172082811933054 0.8455932675603317 0.8739782539273582 0.9023632402943846 0.930748226661411 0.9591332130284373 0.9875181993954638 0.9618195180081086 0.8783041718114469 0.7947888256146428 0.7112734794179811 0.6277581332213193 0.5442427870246577 0.460727440827996 0.3772120946313342 0.2936967484346725 0.21018140223801085 0.12666605604134917 0.043150709844687385 0.0 0.0 0.0 0.0 0.0 0.0 0.0 0.0 0.0 0.0 0.0 0.0 0.0 0.0 0.0 0.0 0.0 0.0 0.0 0.0 0.0 0.0 0.0 0.0 0.7528840740127338
0.0 0.0 0.0 0.031504980036226336 0.09668949659811288 0.16187401315999944 0.22705852972188598 0.2922430462837725 0.3574275628456591 0.42261207940754564 0.48779659596943215 0.5529811125313188 0.6181656290932053 0.6833501456550918 0.7485346622169784 0.7984351781163157 0.8319967514430784 0.8655583247697838 0.8991198980964892 0.9326814714231946 0.9662430447499 0.9998046180766054 1.0333661914033108 1.0669277647300162 1.1004893380567216 1.134050911383427 1.1676124847101323 1.137227119410705 1.0384810295221272 0.9397349396333807 0.8409888497448028 0.7422427598562249 0.6434966699676471 0.5447505800790692 0.44600449019049127 0.34725840030191335 0.24851231041333544 0.14976622052475763 0.05102013063617972 0.0 0.0 0.0 0.0 0.0 0.0 0.0 0.0 0.0 0.0 0.0 0.0 0.0 0.0 0.0 0.0 0.0 0.0 0.0 0.0 0.0 0.0 0.0 0.0 0.7528840740127338
0.0 0.0 0.0 0.036364354989625924 0.11160302828375185 0.18684170157787777 0.2620803748720037 0.3373190481661296 0.41255772146025554 0.48779639475438147 0.5630350680485073 0.6382737413426333 0.7135124146367592 0.7887510879308851 0.863989761225011 0.9215870068745065 0.9603251671609568 0.9990633274473413 1.0378014877337256 1.07653964802011 1.1152778083064943 1.1540159685928786 1.1927541288792631 1.2314922891656475 1.2702304494520318 1.3089686097384161 1.3477067700248004 1.3126347208133011 1.198657887232807 1.0846810536521185 0.9707042200716245 0.8567273864911304 0.7427505529106364 0.6287737193301424 0.5147968857496482 0.4008200521691542 0.28684321858866 0.17286638500816598 0.05888955142767194 0.0 0.0 0.0 0.0 0.0 0.0 0.0 0.0 0.0 0.0 0.0 0.0 0.0 0.0 0.0 0.0 0.0 0.0 0.0 0.0 0.0 0.0 0.0 0.0 0.7528840740127338
0.0 0.0 0.0 0.04122372994302552 0.12651655996939082 0.21180938999575613 0.29710222002212144 0.38239505004848673 0.46768788007485207 0.5529807101012174 0.6382735401275826 0.723566370153948 0.8088592001803133 0.8941520302066785 0.9794448602330439 1.0447388356326974 1.0886535828788355 1.132568330124899 1.1764830773709622 1.2203978246170255 1.264312571863089 1.3082273191091522 1.3521420663552157 1.396056813601279 1.4399715608473422 1.4838863080934055 1.527801055339469 1.4880423222158976 1.3588347449434872 1.2296271676708566 1.1004195903984464 0.971212013126036 0.8420044358536257 0.7127968585812154 0.5835892813088052 0.4543817040363949 0.3251741267639845 0.19596654949157433 0.06675897221916394 0.0 0.0 0.0 0.0 0.0 0.0 0.0 0.0 0.0 0.0 0.0 0.0 0.0 0.0 0.0 0.0 0.0 0.0 0.0 0.0 0.0 0.0 0.0 0.0 0.7528840740127338
0.0 0.0 0.0 0.0460831048964251 0.1414300916550298 0.23677707841363446 0.33212406517223914 0.4274710519308438 0.5228180386894484 0.6181650254480532 0.7135120122066578 0.8088589989652625 0.9042059857238672 0.9995529724824719 1.0948999592410766 1.167890664390888 1.216981998596714 1.2660733328024563 1.3151646670081987 1.364256001213941 1.4133473354196835 1.4624386696254257 1.511530003831168 1.5606213380369103 1.6097126722426527 1.658804006448395 1.7078953406541375 1.6634499236184939 1.5190116026541673 1.3745732816895946 1.2301349607252683 1.0856966397609416 0.9412583187966153 0.7968199978322887 0.6523816768679622 0.5079433559036357 0.3635050349393094 0.2190667139749829 0.07462839301065638 0.0 0.0 0.0 0.0 0.0 0.0 0.0 0.0 0.0 0.0 0.0 0.0 0.0 0.0 0.0 0.0 0.0 0.0 0.0 0.0 0.0 0.0 0.0 0.0 0.7528840740127338
0.0 0.0 0.0 0.05094247984982883 0.15634362334068144 0.2617447668315341 0.3671459103223867 0.4725470538132393 0.5779481973040919 0.6833493407949445 0.7887504842857972 0.8941516277766498 0.9995527712675024 1.104953914758355 1.2103550582492075 1.2910424931491837 1.345310414314702 1.3995783354801277 1.4538462566455534 1.5081141778109792 1.5623820989764048 1.6166500201418306 1.6709179413072563 1.7251858624726821 1.779453783638108 1.8337217048035335 1.8879896259689593 1.8388575250212396 1.679188460364984 1.519519395708456 1.3598503310522005 1.2001812663959448 1.040512201739689 0.8808431370834335 0.7211740724271778 0.561505007770922 0.4018359431146665 0.24216687845841078 0.08249781380215526 0.0 0.0 0.0 0.0 0.0 0.0 0.0 0.0 0.0 0.0 0.0 0.0 0.0 0.0 0.0 0.0 0.0 0.0 0.0 0.0 0.0 0.0 0.0 0.0 0.7528840740127338
0.0 0.0 0.0 0.05580185480322842 0.1712571550263204 0.2867124552494124 0.40216775547250444 0.5176230556955964 0.6330783559186884 0.7485336561417805 0.8639889563648724 0.9794442565879644 1.0948995568110564 1.2103548570341485 1.3258101572572405 1.4141943219073745 1.4736388300325807 1.5330833381576854 1.59252784628279 1.6519723544078948 1.7114168625329993 1.770861370658104 1.8303058787832087 1.8897503869083134 1.949194895033418 2.0086394031585226 2.0680839112836273 2.014265126423836 1.839365318075664 1.6644655097271939 1.489565701379022 1.3146658930308504 1.1397660846826785 0.9648662763345066 0.7899664679863347 0.6150666596381629 0.440166851289991 0.26526704294181913 0.09036723459364726 0.0 0.0 0.0 0.0 0.0 0.0 0.0 0.0 0.0 0.0 0.0 0.0 0.0 0.0 0.0 0.0 0.0 0.0 0.0 0.0 0.0 0.0 0.0 0.0 0.7528840740127338
0.0 0.0 0.0 0.0583208283729991 0.1789879419090615 0.2996550554451239 0.4203221689811863 0.5409892825172488 0.6616563960533112 0.7823235095893735 0.9029906231254359 1.0236577366614983 1.1443248501975607 1.264991963733623 1.3856590772696855 1.476211731148141 1.5345713461872552 1.5929309612262699 1.6512905762652845 1.7096501913042992 1.7680098063433138 1.8263694213823285 1.884729036421343 1.9430886514603576 2.0014482664993722 2.059807881538387 2.1181674965774016 2.0617935461004833 1.8827668175254315 1.7037400889500747 1.524713360375023 1.3456866317999714 1.1666599032249199 0.9876331746498681 0.8086064460748166 0.629579717499765 0.4505529889247133 0.27152626034966176 0.09249953177461023 0.0 0.0 0.0 0.0 0.0 0.0 0.0 0.0 0.0 0.0 0.0 0.0 0.0 0.0 0.0 0.0 0.0 0.0 0.0 0.0 0.0 0.0 0.0 0.0 0.0
0.0 0.0 0.0 0.05833806040382553 0.17904082740157903 0.2997435943993325 0.420446361397086 0.5411491283948395 0.661851895392593 0.7825546623903465 0.9032574293881 1.0239601963858536 1.144662963383607 1.2653657303813606 1.386068497379114 1.4728802998712869 1.5234618943824219 1.5740434888934705 1.624625083404519 1.6752066779155679 1.7257882724266165 1.776369866937665 1.8269514614487137 1.8775330559597623 1.928114650470811 1.9786962449818597 2.0292778394929085 1.972627182084106 1.8013428205753281 1.6300584590662581 1.4587740975574803 1.2874897360487023 1.1162053745399247 0.9449210130311467 0.7736366515223689 0.6023522900135911 0.43106792850481335 0.25978356699603555 0.08849920548725754 0.0 0.0 0.0 0.0 0.0 0.0 0.0 0.0 0.0 0.0 0.0 0.0 0.0 0.0 0.0 0.0 0.0 0.0 0.0 0.0 0.0 0.0 0.0 0.0 0.0
0.0 0.0 0.0 0.058355292434651956 0.17909371289409656 0.29983213335354114 0.42057055381298575 0.5413089742724303 0.6620473947318749 0.7827858151913195 0.9035242356507641 1.0242626561102088 1.1450010765696532 1.2657394970290978 1.3864779174885424 1.4695488685944327 1.5123524425775883 1.555156016560671 1.5979595905437538 1.6407631645268366 1.6835667385099193 1.7263703124930019 1.7691738864760846 1.8119774604591674 1.8547810344422502 1.897584608425333 1.9403881824084155 1.883460818067729 1.719918823625225 1.556376829182442 1.3928348347399377 1.229292840297434 1.0657508458549296 0.9022088514124256 0.7386668569699215 0.5751248625274175 0.4115828680849134 0.24804087364240934 0.08449887919990506 0.0 0.0 0.0 0.0 0.0 0.0 0.0 0.0 0.0 0.0 0.0 0.0 0.0 0.0 0.0 0.0 0.0 0.0 0.0 0.0 0.0 0.0 0.0 0.0 0.0
0.0 0.0 0.0 0.05837252446547839 0.1791465983866141 0.29992067230774977 0.4206947462288855 0.5414688201500212 0.6622428940711569 0.7830169679922926 0.9037910419134282 1.0245651158345639 1.1453391897556997 1.2661132636768353 1.3868873375979711 1.4662174373175785 1.501242990772755 1.5362685442278716 1.5712940976829886 1.6063196511381053 1.641345204593222 1.6763707580483387 1.7113963115034556 1.7464218649585723 1.781447418413689 1.8164729718688057 1.8514985253239225 1.794294454051352 1.6384948266751218 1.4826951992986257 1.3268955719223954 1.171095944546165 1.0152963171699347 0.8594966897937044 0.7036970624174741 0.5478974350412438 0.39209780766501345 0.23629818028878313 0.08049855291255281 0.0 0.0 0.0 0.0 0.0 0.0 0.0 0.0 0.0 0.0 0.0 0.0 0.0 0.0 0.0 0.0 0.0 0.0 0.0 0.0 0.0 0.0 0.0 0.0 0.0
0.0 0.0 0.0 0.05838975649630483 0.17919948387913165 0.30000921126195845 0.4208189386447853 0.5416286660276121 0.662438393410439 0.7832481207932658 0.9040578481760926 1.0248675755589194 1.1456773029417462 1.266487030324573 1.3872967577073998 1.4628860060407214 1.490133538967912 1.5173810718950562 1.5446286048222004 1.5718761377493446 1.5991236706764886 1.6263712036036329 1.653618736530777 1.6808662694579213 1.7081138023850655 1.7353613353122097 1.7626088682393537 1.7051280900348988 1.557070829724949 1.4090135694147465 1.2609563091047966 1.1128990487948467 0.9648417884848967 0.8167845281749467 0.6687272678649967 0.5206700075550468 0.37261274724509685 0.22455548693514693 0.07649822662519701 0.0 0.0 0.0 0.0 0.0 0.0 0.0 0.0 0.0 0.0 0.0 0.0 0.0 0.0 0.0 0.0 0.0 0.0 0.0 0.0 0.0 0.0 0.0 0.0 0.0
0.0 0.0 0.0 0.05840698852713126 0.17925236937164918 0.3000977502161671 0.420943131060685 0.5417885119052029 0.6626338927497208 0.7834792735942387 0.9043246544387566 1.0251700352832747 1.1460154161277925 1.2668607969723105 1.3877061778168283 1.4595545747638672 1.4790240871630786 1.4984935995622568 1.517963111961435 1.5374326243606133 1.5569021367597915 1.5763716491589697 1.5958411615581478 1.615310673957326 1.6347801863565044 1.6542496987556825 1.6737192111548607 1.615961726018522 1.4756468327748458 1.3353319395309302 1.195017046287254 1.054702153043578 0.9143872597999018 0.7740723665562256 0.6337574733125493 0.4934425800688731 0.3531276868251969 0.21281279358152072 0.07249790033784453 0.0 0.0 0.0 0.0 0.0 0.0 0.0 0.0 0.0 0.0 0.0 0.0 0.0 0.0 0.0 0.0 0.0 0.0 0.0 0.0 0.0 0.0 0.0 0.0 0.0
0.0 0.0 0.0 0.05842422055795769 0.1793052548641667 0.3001862891703757 0.4210673234765847 0.5419483577827937 0.6628293920890027 0.7837104263952117 0.9045914607014208 1.0254724950076297 1.1463535293138387 1.2672345636200477 1.3881155979262567 1.456223143487013 1.4679146353582453 1.4796061272294574 1.4912976191006697 1.502989110971882 1.5146806028430944 1.5263720947143065 1.5380635865855188 1.549755078456731 1.5614465703279434 1.5731380621991555 1.5848295540703679 1.526795362002145 1.3942228358247426 1.261650309647114 1.1290777834697117 0.9965052572923093 0.8639327311149069 0.7313602049375044 0.598787678760102 0.4662151525826994 0.33364262640529696 0.2010701002278945 0.06849757405049206 0.0 0.0 0.0 0.0 0.0 0.0 0.0 0.0 0.0 0.0 0.0 0.0 0.0 0.0 0.0 0.0 0.0 0.0 0.0 0.0 0.0 0.0 0.0 0.0 0.0
0.0 0.0 0.0 0.058441452588784124 0.17935814035668424 0.30027482812458434 0.42119151589248444 0.5421082036603846 0.6630248914282847 0.7839415791961848 0.9048582669640849 1.025774954731985 1.146691642499885 1.2676083302677852 1.3885250180356854 1.4528917122101588 1.4568051835534117 1.4607186548966582 1.4646321262399045 1.4685455975831507 1.472459068926397 1.4763725402696433 1.4802860116128898 1.484199482956136 1.4881129542993823 1.4920264256426286 1.4959398969858748 1.4376289979857682 1.3127988388746394 1.1879686797632978 1.0631385206521693 0.9383083615410406 0.8134782024299119 0.6886480433187832 0.5638178842076546 0.43898772509652595 0.31415756598539724 0.18932740687426852 0.06449724776313981 0.0 0.0 0.0 0.0 0.0 0.0 0.0 0.0 0.0 0.0 0.0 0.0 0.0 0.0 0.0 0.0 0.0 0.0 0.0 0.0 0.0 0.0 0.0 0.0 0.0
0.0 0.0 0.0 0.058458684619610554 0.17941102584920177 0.30036336707879296 0.42131570830838416 0.5422680495379754 0.6632203907675666 0.7841727319971578 0.905125073226749 1.0260774144563403 1.1470297556859315 1.2679820969155227 1.3889344381451139 1.4495602809333046 1.4456957317485783 1.4418311825638588 1.437966633379139 1.4341020841944194 1.4302375350096999 1.42637298582498 1.4225084366402605 1.4186438874555407 1.4147793382708211 1.4109147890861016 1.4070502399013818 1.348462633969391 1.231374841924536 1.1142870498794815 0.9971992578346267 0.8801114657897717 0.7630236737449169 0.6459358817000619 0.528848089655207 0.41176029761035204 0.29467250556549707 0.1775847135206423 0.060496921475787335 0.0 0.0 0.0 0.0 0.0 0.0 0.0 0.0 0.0 0.0 0.0 0.0 0.0 0.0 0.0 0.0 0.0 0.0 0.0 0.0 0.0 0.0 0.0 0.0 0.0
0.0 0.0 0.0 0.058475916650436985 0.1794639113417193 0.3004519060330016 0.4214399007242839 0.5424278954155661 0.6634158901068484 0.7844038847981308 0.9053918794894131 1.0263798741806953 1.1473678688719777 1.26835586356326 1.3893438582545423 1.4462288496564504 1.434586279943745 1.4229437102310594 1.4113011405183737 1.3996585708056881 1.3880160010930025 1.3763734313803169 1.3647308616676312 1.3530882919549456 1.34144572224226 1.3298031525295744 1.3181605828168887 1.2592962699530141 1.149950844974433 1.0406054199956654 0.9312599950170841 0.821914570038503 0.7125691450599219 0.6032237200813407 0.4938782951027596 0.38453287012417836 0.27518744514559734 0.1658420201670161 0.05649659518843486 0.0 0.0 0.0 0.0 0.0 0.0 0.0 0.0 0.0 0.0 0.0 0.0 0.0 0.0 0.0 0.0 0.0 0.0 0.0 0.0 0.0 0.0 0.0 0.0 0.0
0.0 0.0 0.0 0.05849314868126341 0.1795167968342368 0.3005404449872102 0.4215640931401836 0.542587741293157 0.6636113894461304 0.7846350375991038 0.9056586857520772 1.0266823339050506 1.147705982058024 1.2687296302109974 1.3897532783639708 1.4428974183795962 1.4234768281389114 1.40405623789826 1.3846356476576083 1.3652150574169568 1.3457944671763051 1.3263738769356537 1.306953286695002 1.2875326964543505 1.268112106213699 1.2486915159730474 1.229270925732396 1.170129905936637 1.0685268480243297 0.966923790111849 0.8653207321995416 0.7637176742872342 0.6621146163749269 0.5605115584626195 0.45890850055031207 0.3573054426380048 0.2557023847256974 0.1540993268133899 0.05249626890108261 0.0 0.0 0.0 0.0 0.0 0.0 0.0 0.0 0.0 0.0 0.0 0.0 0.0 0.0 0.0 0.0 0.0 0.0 0.0 0.0 0.0 0.0 0.0 0.0 0.0
0.0 0.0 0.0 0.05851038071208985 0.17956968232675438 0.3006289839414189 0.4216882855560834 0.5427475871707479 0.6638068887854125 0.784866190400077 0.9059254920147415 1.026984793629406 1.1480440952440705 1.269103396858735 1.3901626984733997 1.439565987102739 1.4123673763340687 1.3851687655654445 1.3579701547968204 1.3307715440281962 1.303572933259572 1.2763743224909478 1.249175711722324 1.2219771009536997 1.1947784901850755 1.1675798794164514 1.1403812686478272 1.0809635419201842 0.9871028510741572 0.8932421602279701 0.799381469381943 0.705520778535916 0.6116600876898889 0.5177993968438619 0.4239387059978348 0.3300780151518078 0.23621732430578068 0.1423566334597537 0.048495942613726584 0.0 0.0 0.0 0.0 0.0 0.0 0.0 0.0 0.0 0.0 0.0 0.0 0.0 0.0 0.0 0.0 0.0 0.0 0.0 0.0 0.0 0.0 0.0 0.0 0.0
