Figures/CREST_Example_wjb_NSE/Basics/DEM.asc
ncols         288
nrows         254
xllcorner     113.274861
yllcorner     31.4918055
cellsize      0.008333333333
NODATA_value  -9999
[rows 192 to 239 of 254, columns 192 to 287 of 288]
48 48 53 44 51 41 36 35 33 37 42 64 51 56 65 75 66 51 53 57 77 76 89 73 67 68 72 66 62 76 60 64 69 59 71 61 48 43 56 46 64 79 73 68 62 73 66 66 60 71 63 61 48 66 61 77 63 52 75 81 -9999 -9999 -9999 -9999 -9999 -9999 -9999 -9999 -9999 -9999 -9999 -9999 -9999 -9999 -9999 -9999 -9999 -9999 -9999 -9999 -9999 -9999 -9999 -9999 -9999 -9999 -9999 -9999 -9999 -9999 -9999 -9999 -9999 -9999 -9999 -9999
42 52 45 56 48 52 36 46 45 46 39 39 55 49 58 70 65 50 63 55 72 73 82 79 68 75 73 60 65 75 68 59 69 68 63 61 51 44 44 50 66 75 73 63 78 80 69 54 52 52 53 50 51 55 71 74 73 66 55 72 85 -9999 -9999 -9999 -9999 -9999 -9999 -9999 -9999 -9999 -9999 -9999 -9999 -9999 -9999 -9999 -9999 -9999 -9999 -9999 -9999 -9999 -9999 -9999 -9999 -9999 -9999 -9999 -9999 -9999 -9999 -9999 -9999 -9999 -9999 -9999
50 38 45 49 42 42 46 39 33 44 36 40 38 59 56 62 64 61 73 52 74 74 81 77 71 79 71 62 66 72 83 75 75 64 66 50 59 51 50 47 77 70 75 81 78 82 77 61 58 66 47 60 52 50 58 66 82 80 67 61 71 -9999 -9999 -9999 -9999 -9999 -9999 -9999 -9999 -9999 -9999 -9999 -9999 -9999 -9999 -9999 -9999 -9999 -9999 -9999 -9999 -9999 -9999 -9999 -9999 -9999 -9999 -9999 -9999 -9999 -9999 -9999 -9999 -9999 -9999 -9999
48 40 49 47 48 42 54 48 48 40 47 44 42 42 51 63 58 73 71 64 75 84 81 77 75 78 76 75 61 72 81 82 70 69 58 51 46 54 56 30 69 73 80 82 86 68 69 69 79 63 59 76 62 59 55 73 64 77 82 76 84 -9999 -9999 -9999 -9999 -9999 -9999 -9999 -9999 -9999 -9999 -9999 -9999 -9999 -9999 -9999 -9999 -9999 -9999 -9999 -9999 -9999 -9999 -9999 -9999 -9999 -9999 -9999 -9999 -9999 -9999 -9999 -9999 -9999 -9999 -9999
43 50 54 52 56 64 55 54 27 46 43 62 41 41 50 63 62 80 87 71 69 85 97 81 90 96 72 66 80 84 79 65 61 54 60 49 48 51 48 49 61 67 69 79 92 81 92 77 69 53 60 70 74 65 65 54 65 62 83 76 80 -9999 -9999 -9999 -9999 -9999 -9999 -9999 -9999 -9999 -9999 -9999 -9999 -9999 -9999 -9999 -9999 -9999 -9999 -9999 -9999 -9999 -9999 -9999 -9999 -9999 -9999 -9999 -9999 -9999 -9999 -9999 -9999 -9999 -9999 -9999
61 57 57 66 64 62 52 49 41 41 43 57 49 44 47 65 62 63 64 83 72 84 90 84 98 83 71 78 79 76 78 71 63 71 65 59 51 47 53 55 54 74 64 73 69 74 93 74 67 58 64 72 72 78 63 63 68 71 85 83 80 -9999 -9999 -9999 -9999 -9999 -9999 -9999 -9999 -9999 -9999 -9999 -9999 -9999 -9999 -9999 -9999 -9999 -9999 -9999 -9999 -9999 -9999 -9999 -9999 -9999 -9999 -9999 -9999 -9999 -9999 -9999 -9999 -9999 -9999 -9999
56 70 82 78 56 43 45 44 39 46 46 59 59 41 48 58 57 64 82 75 74 76 99 92 89 82 68 74 78 78 79 80 82 76 59 54 56 62 55 53 52 59 59 66 74 83 80 66 67 80 69 61 64 77 72 66 70 71 73 -9999 -9999 -9999 -9999 -9999 -9999 -9999 -9999 -9999 -9999 -9999 -9999 -9999 -9999 -9999 -9999 -9999 -9999 -9999 -9999 -9999 -9999 -9999 -9999 -9999 -9999 -9999 -9999 -9999 -9999 -9999 -9999 -9999 -9999 -9999 -9999 -9999
56 71 72 73 52 61 51 45 54 42 50 48 68 53 56 46 60 69 80 81 89 83 87 85 77 92 86 83 94 73 63 66 67 64 57 53 58 54 57 58 61 57 56 72 61 71 79 83 70 68 74 85 69 81 77 72 63 82 80 -9999 -9999 -9999 -9999 -9999 -9999 -9999 -9999 -9999 -9999 -9999 -9999 -9999 -9999 -9999 -9999 -9999 -9999 -9999 -9999 -9999 -9999 -9999 -9999 -9999 -9999 -9999 -9999 -9999 -9999 -9999 -9999 -9999 -9999 -9999 -9999 -9999
57 54 61 73 57 65 61 49 59 48 40 43 59 63 64 52 66 64 64 72 71 73 83 96 93 84 84 81 85 81 72 75 72 59 53 51 58 51 54 67 69 75 59 64 78 78 71 87 84 84 80 94 81 74 90 90 74 73 80 -9999 -9999 -9999 -9999 -9999 -9999 -9999 -9999 -9999 -9999 -9999 -9999 -9999 -9999 -9999 -9999 -9999 -9999 -9999 -9999 -9999 -9999 -9999 -9999 -9999 -9999 -9999 -9999 -9999 -9999 -9999 -9999 -9999 -9999 -9999 -9999 -9999
76 72 69 75 77 62 61 62 67 55 48 46 68 73 76 47 62 76 77 70 76 86 98 95 87 85 86 82 81 63 67 67 64 60 67 53 53 58 64 68 62 71 74 62 59 65 63 74 80 91 80 93 88 79 90 77 81 70 -9999 -9999 -9999 -9999 -9999 -9999 -9999 -9999 -9999 -9999 -9999 -9999 -9999 -9999 -9999 -9999 -9999 -9999 -9999 -9999 -9999 -9999 -9999 -9999 -9999 -9999 -9999 -9999 -9999 -9999 -9999 -9999 -9999 -9999 -9999 -9999 -9999 -9999
80 83 91 78 80 77 58 58 63 54 50 50 50 70 66 62 55 64 71 84 75 87 87 96 88 87 90 78 72 63 72 57 73 67 69 57 58 58 67 81 82 81 79 70 66 56 85 95 80 87 99 98 104 80 94 86 84 79 -9999 -9999 -9999 -9999 -9999 -9999 -9999 -9999 -9999 -9999 -9999 -9999 -9999 -9999 -9999 -9999 -9999 -9999 -9999 -9999 -9999 -9999 -9999 -9999 -9999 -9999 -9999 -9999 -9999 -9999 -9999 -9999 -9999 -9999 -9999 -9999 -9999 -9999
85 79 77 81 90 68 78 60 61 54 48 59 53 50 65 61 63 62 69 78 76 80 82 92 96 97 78 68 84 69 64 68 75 70 51 63 60 61 73 85 98 81 107 81 62 67 92 97 113 99 103 93 115 117 92 102 91 104 97 -9999 -9999 -9999 -9999 -9999 -9999 -9999 -9999 -9999 -9999 -9999 -9999 -9999 -9999 -9999 -9999 -9999 -9999 -9999 -9999 -9999 -9999 -9999 -9999 -9999 -9999 -9999 -9999 -9999 -9999 -9999 -9999 -9999 -9999 -9999 -9999 -9999
77 77 110 100 88 79 92 85 71 60 61 46 53 57 59 77 86 77 62 68 74 68 81 76 90 92 85 85 82 72 76 88 74 59 55 60 61 64 65 74 86 108 114 84 70 71 76 87 75 72 95 105 110 108 171 115 135 144 -9999 -9999 -9999 -9999 -9999 -9999 -9999 -9999 -9999 -9999 -9999 -9999 -9999 -9999 -9999 -9999 -9999 -9999 -9999 -9999 -9999 -9999 -9999 -9999 -9999 -9999 -9999 -9999 -9999 -9999 -9999 -9999 -9999 -9999 -9999 -9999 -9999 -9999
72 74 83 86 108 91 77 71 66 63 57 50 65 60 56 69 87 87 68 70 87 89 87 82 82 86 80 74 85 74 83 74 65 59 61 59 57 63 68 74 73 73 92 75 77 82 74 87 85 86 89 99 116 131 141 176 145 -9999 -9999 -9999 -9999 -9999 -9999 -9999 -9999 -9999 -9999 -9999 -9999 -9999 -9999 -9999 -9999 -9999 -9999 -9999 -9999 -9999 -9999 -9999 -9999 -9999 -9999 -9999 -9999 -9999 -9999 -9999 -9999 -9999 -9999 -9999 -9999 -9999 -9999 -9999
56 69 77 80 74 80 70 83 70 66 59 55 64 60 62 72 79 77 92 74 74 73 86 86 90 96 83 78 90 85 75 64 55 64 64 73 68 67 65 77 82 122 136 111 180 173 68 123 126 104 88 170 199 182 230 -9999 -9999 -9999 -9999 -9999 -9999 -9999 -9999 -9999 -9999 -9999 -9999 -9999 -9999 -9999 -9999 -9999 -9999 -9999 -9999 -9999 -9999 -9999 -9999 -9999 -9999 -9999 -9999 -9999 -9999 -9999 -9999 -9999 -9999 -9999 -9999 -9999 -9999 -9999 -9999 -9999
58 81 57 72 73 65 63 75 70 60 59 57 63 56 60 68 62 73 76 89 83 75 83 63 87 72 93 98 86 88 79 73 64 50 59 67 84 67 65 132 134 141 249 154 307 79 134 149 161 121 84 110 146 267 -9999 -9999 -9999 -9999 -9999 -9999 -9999 -9999 -9999 -9999 -9999 -9999 -9999 -9999 -9999 -9999 -9999 -9999 -9999 -9999 -9999 -9999 -9999 -9999 -9999 -9999 -9999 -9999 -9999 -9999 -9999 -9999 -9999 -9999 -9999 -9999 -9999 -9999 -9999 -9999 -9999 -9999
56 67 59 68 93 73 63 61 57 62 61 61 67 58 61 72 77 89 95 91 90 90 89 95 90 86 80 90 86 75 76 68 75 71 81 77 68 70 65 80 86 98 100 133 185 156 196 192 210 253 111 156 261 187 -9999 -9999 -9999 -9999 -9999 -9999 -9999 -9999 -9999 -9999 -9999 -9999 -9999 -9999 -9999 -9999 -9999 -9999 -9999 -9999 -9999 -9999 -9999 -9999 -9999 -9999 -9999 -9999 -9999 -9999 -9999 -9999 -9999 -9999 -9999 -9999 -9999 -9999 -9999 -9999 -9999 -9999
56 63 77 60 74 73 83 74 78 70 60 73 75 73 65 65 76 85 80 81 87 93 115 99 102 93 92 74 67 68 76 67 90 78 72 78 70 77 76 73 70 89 97 126 188 103 99 118 150 140 110 176 261 275 371 -9999 -9999 -9999 -9999 -9999 -9999 -9999 -9999 -9999 -9999 -9999 -9999 -9999 -9999 -9999 -9999 -9999 -9999 -9999 -9999 -9999 -9999 -9999 -9999 -9999 -9999 -9999 -9999 -9999 -9999 -9999 -9999 -9999 -9999 -9999 -9999 -9999 -9999 -9999 -9999 -9999
56 53 61 64 63 75 77 71 63 59 58 74 80 63 65 65 77 69 80 88 85 100 117 132 98 98 86 80 77 40 91 85 82 71 81 78 81 78 77 74 74 92 91 126 122 110 101 128 161 127 147 140 173 178 260 -9999 -9999 -9999 -9999 -9999 -9999 -9999 -9999 -9999 -9999 -9999 -9999 -9999 -9999 -9999 -9999 -9999 -9999 -9999 -9999 -9999 -9999 -9999 -9999 -9999 -9999 -9999 -9999 -9999 -9999 -9999 -9999 -9999 -9999 -9999 -9999 -9999 -9999 -9999 -9999 -9999
48 55 46 76 69 84 89 70 65 66 86 71 77 80 77 70 76 82 69 73 87 96 116 120 98 94 77 86 63 76 90 88 71 93 96 85 92 87 89 100 86 78 95 104 132 99 131 125 144 202 218 167 242 -9999 -9999 -9999 -9999 -9999 -9999 -9999 -9999 -9999 -9999 -9999 -9999 -9999 -9999 -9999 -9999 -9999 -9999 -9999 -9999 -9999 -9999 -9999 -9999 -9999 -9999 -9999 -9999 -9999 -9999 -9999 -9999 -9999 -9999 -9999 -9999 -9999 -9999 -9999 -9999 -9999 -9999 -9999
58 49 53 53 67 76 81 80 62 81 83 87 63 85 84 69 71 69 97 89 102 85 91 111 96 86 86 81 82 64 79 82 74 119 105 95 86 93 76 103 92 96 117 144 128 135 143 127 189 217 227 261 -9999 -9999 -9999 -9999 -9999 -9999 -9999 -9999 -9999 -9999 -9999 -9999 -9999 -9999 -9999 -9999 -9999 -9999 -9999 -9999 -9999 -9999 -9999 -9999 -9999 -9999 -9999 -9999 -9999 -9999 -9999 -9999 -9999 -9999 -9999 -9999 -9999 -9999 -9999 -9999 -9999 -9999 -9999 -9999
54 13 55 71 52 73 84 87 88 87 98 88 90 86 84 66 74 84 96 100 106 90 81 111 101 94 72 90 75 75 92 94 90 125 151 90 89 101 94 158 158 110 149 147 122 147 180 202 169 214 -9999 -9999 -9999 -9999 -9999 -9999 -9999 -9999 -9999 -9999 -9999 -9999 -9999 -9999 -9999 -9999 -9999 -9999 -9999 -9999 -9999 -9999 -9999 -9999 -9999 -9999 -9999 -9999 -9999 -9999 -9999 -9999 -9999 -9999 -9999 -9999 -9999 -9999 -9999 -9999 -9999 -9999 -9999 -9999 -9999 -9999
68 57 43 57 56 78 74 92 92 123 107 104 84 73 82 76 73 86 93 95 105 108 107 100 94 94 80 70 70 84 82 92 96 109 107 88 136 86 111 136 138 206 164 221 109 177 280 345 260 -9999 -9999 -9999 -9999 -9999 -9999 -9999 -9999 -9999 -9999 -9999 -9999 -9999 -9999 -9999 -9999 -9999 -9999 -9999 -9999 -9999 -9999 -9999 -9999 -9999 -9999 -9999 -9999 -9999 -9999 -9999 -9999 -9999 -9999 -9999 -9999 -9999 -9999 -9999 -9999 -9999 -9999 -9999 -9999 -9999 -9999 -9999
68 63 52 70 58 72 68 84 106 103 95 99 86 77 86 90 108 94 83 89 87 106 99 98 94 91 86 72 78 78 87 92 107 97 87 105 100 107 113 135 106 109 121 134 114 143 191 -9999 -9999 -9999 -9999 -9999 -9999 -9999 -9999 -9999 -9999 -9999 -9999 -9999 -9999 -9999 -9999 -9999 -9999 -9999 -9999 -9999 -9999 -9999 -9999 -9999 -9999 -9999 -9999 -9999 -9999 -9999 -9999 -9999 -9999 -9999 -9999 -9999 -9999 -9999 -9999 -9999 -9999 -9999 -9999 -9999 -9999 -9999 -9999 -9999
99 82 84 56 72 75 80 87 81 91 104 99 106 80 77 79 101 103 98 83 109 110 123 174 130 94 86 108 68 114 84 67 111 123 97 98 101 114 127 101 95 120 111 141 142 143 -9999 -9999 -9999 -9999 -9999 -9999 -9999 -9999 -9999 -9999 -9999 -9999 -9999 -9999 -9999 -9999 -9999 -9999 -9999 -9999 -9999 -9999 -9999 -9999 -9999 -9999 -9999 -9999 -9999 -9999 -9999 -9999 -9999 -9999 -9999 -9999 -9999 -9999 -9999 -9999 -9999 -9999 -9999 -9999 -9999 -9999 -9999 -9999 -9999 -9999
136 120 85 42 52 58 78 75 86 81 101 102 88 108 98 70 89 99 108 118 118 126 131 126 104 96 76 77 84 104 90 87 100 106 96 110 118 118 110 130 126 120 125 137 156 141 -9999 -9999 -9999 -9999 -9999 -9999 -9999 -9999 -9999 -9999 -9999 -9999 -9999 -9999 -9999 -9999 -9999 -9999 -9999 -9999 -9999 -9999 -9999 -9999 -9999 -9999 -9999 -9999 -9999 -9999 -9999 -9999 -9999 -9999 -9999 -9999 -9999 -9999 -9999 -9999 -9999 -9999 -9999 -9999 -9999 -9999 -9999 -9999 -9999 -9999
91 99 139 77 58 70 80 85 104 108 96 124 105 100 96 81 81 102 117 125 111 129 124 117 111 92 81 91 89 103 114 110 109 114 113 115 104 124 155 163 186 179 152 149 144 218 -9999 -9999 -9999 -9999 -9999 -9999 -9999 -9999 -9999 -9999 -9999 -9999 -9999 -9999 -9999 -9999 -9999 -9999 -9999 -9999 -9999 -9999 -9999 -9999 -9999 -9999 -9999 -9999 -9999 -9999 -9999 -9999 -9999 -9999 -9999 -9999 -9999 -9999 -9999 -9999 -9999 -9999 -9999 -9999 -9999 -9999 -9999 -9999 -9999 -9999
71 82 86 78 77 77 77 77 79 94 93 103 97 124 102 88 101 91 95 93 117 131 130 116 91 105 85 68 100 83 93 212 121 130 162 116 141 214 176 236 282 300 232 194 205 -9999 -9999 -9999 -9999 -9999 -9999 -9999 -9999 -9999 -9999 -9999 -9999 -9999 -9999 -9999 -9999 -9999 -9999 -9999 -9999 -9999 -9999 -9999 -9999 -9999 -9999 -9999 -9999 -9999 -9999 -9999 -9999 -9999 -9999 -9999 -9999 -9999 -9999 -9999 -9999 -9999 -9999 -9999 -9999 -9999 -9999 -9999 -9999 -9999 -9999 -9999
55 77 84 78 77 77 81 77 86 77 77 77 77 106 106 93 124 132 124 125 115 157 143 132 104 122 75 84 78 81 113 148 125 87 117 119 116 129 126 132 301 258 143 216 -9999 -9999 -9999 -9999 -9999 -9999 -9999 -9999 -9999 -9999 -9999 -9999 -9999 -9999 -9999 -9999 -9999 -9999 -9999 -9999 -9999 -9999 -9999 -9999 -9999 -9999 -9999 -9999 -9999 -9999 -9999 -9999 -9999 -9999 -9999 -9999 -9999 -9999 -9999 -9999 -9999 -9999 -9999 -9999 -9999 -9999 -9999 -9999 -9999 -9999 -9999 -9999
76 85 75 95 86 91 98 77 77 77 81 96 116 129 131 147 113 155 213 175 123 136 133 131 88 89 85 105 95 91 73 92 104 133 103 112 100 151 208 178 219 145 143 -9999 -9999 -9999 -9999 -9999 -9999 -9999 -9999 -9999 -9999 -9999 -9999 -9999 -9999 -9999 -9999 -9999 -9999 -9999 -9999 -9999 -9999 -9999 -9999 -9999 -9999 -9999 -9999 -9999 -9999 -9999 -9999 -9999 -9999 -9999 -9999 -9999 -9999 -9999 -9999 -9999 -9999 -9999 -9999 -9999 -9999 -9999 -9999 -9999 -9999 -9999 -9999 -9999
89 99 114 92 124 119 87 143 96 107 158 98 106 102 179 198 160 156 183 248 158 145 122 136 150 89 67 117 113 117 85 87 113 159 115 94 111 116 140 129 167 152 119 -9999 -9999 -9999 -9999 -9999 -9999 -9999 -9999 -9999 -9999 -9999 -9999 -9999 -9999 -9999 -9999 -9999 -9999 -9999 -9999 -9999 -9999 -9999 -9999 -9999 -9999 -9999 -9999 -9999 -9999 -9999 -9999 -9999 -9999 -9999 -9999 -9999 -9999 -9999 -9999 -9999 -9999 -9999 -9999 -9999 -9999 -9999 -9999 -9999 -9999 -9999 -9999 -9999
78 86 139 137 111 131 112 94 124 78 96 124 101 109 155 157 175 180 195 193 178 163 155 172 141 121 76 93 116 107 108 107 114 173 111 104 96 107 125 126 127 154 158 196 183 -9999 -9999 -9999 -9999 -9999 -9999 -9999 -9999 -9999 -9999 -9999 -9999 -9999 -9999 -9999 -9999 -9999 -9999 -9999 -9999 -9999 -9999 -9999 -9999 -9999 -9999 -9999 -9999 -9999 -9999 -9999 -9999 -9999 -9999 -9999 -9999 -9999 -9999 -9999 -9999 -9999 -9999 -9999 -9999 -9999 -9999 -9999 -9999 -9999 -9999 -9999
73 64 67 64 86 76 115 141 105 104 104 116 81 109 140 154 165 135 146 194 183 171 228 234 191 104 152 110 110 109 113 142 111 147 139 104 95 95 99 104 106 128 119 134 138 203 -9999 -9999 -9999 -9999 -9999 -9999 -9999 -9999 -9999 -9999 -9999 -9999 -9999 -9999 -9999 -9999 -9999 -9999 -9999 -9999 -9999 -9999 -9999 -9999 -9999 -9999 -9999 -9999 -9999 -9999 -9999 -9999 -9999 -9999 -9999 -9999 -9999 -9999 -9999 -9999 -9999 -9999 -9999 -9999 -9999 -9999 -9999 -9999 -9999 -9999
83 97 92 88 76 92 103 112 124 130 99 112 119 92 100 110 146 118 197 236 214 258 312 279 221 173 169 129 106 142 167 155 152 176 137 108 120 106 101 121 117 131 150 200 182 147 145 -9999 -9999 -9999 -9999 -9999 -9999 -9999 -9999 -9999 -9999 -9999 -9999 -9999 -9999 -9999 -9999 -9999 -9999 -9999 -9999 -9999 -9999 -9999 -9999 -9999 -9999 -9999 -9999 -9999 -9999 -9999 -9999 -9999 -9999 -9999 -9999 -9999 -9999 -9999 -9999 -9999 -9999 -9999 -9999 -9999 -9999 -9999 -9999 -9999
70 117 98 92 100 93 120 119 113 135 149 128 106 100 139 151 124 155 186 175 247 295 260 144 135 96 90 85 128 108 109 168 139 129 95 132 122 91 120 134 129 144 132 187 219 206 127 -9999 -9999 -9999 -9999 -9999 -9999 -9999 -9999 -9999 -9999 -9999 -9999 -9999 -9999 -9999 -9999 -9999 -9999 -9999 -9999 -9999 -9999 -9999 -9999 -9999 -9999 -9999 -9999 -9999 -9999 -9999 -9999 -9999 -9999 -9999 -9999 -9999 -9999 -9999 -9999 -9999 -9999 -9999 -9999 -9999 -9999 -9999 -9999 -9999
182 97 111 86 106 88 105 92 110 123 131 98 129 90 121 128 136 158 186 146 189 271 300 289 206 136 108 121 119 126 159 136 127 139 107 125 129 109 128 131 121 119 132 167 164 121 124 169 -9999 -9999 -9999 -9999 -9999 -9999 -9999 -9999 -9999 -9999 -9999 -9999 -9999 -9999 -9999 -9999 -9999 -9999 -9999 -9999 -9999 -9999 -9999 -9999 -9999 -9999 -9999 -9999 -9999 -9999 -9999 -9999 -9999 -9999 -9999 -9999 -9999 -9999 -9999 -9999 -9999 -9999 -9999 -9999 -9999 -9999 -9999 -9999
194 89 145 123 140 103 131 109 127 125 135 144 113 119 115 111 149 150 149 139 164 182 205 219 137 123 98 131 132 111 127 133 143 124 107 143 132 112 122 127 130 125 132 138 125 156 208 253 -9999 -9999 -9999 -9999 -9999 -9999 -9999 -9999 -9999 -9999 -9999 -9999 -9999 -9999 -9999 -9999 -9999 -9999 -9999 -9999 -9999 -9999 -9999 -9999 -9999 -9999 -9999 -9999 -9999 -9999 -9999 -9999 -9999 -9999 -9999 -9999 -9999 -9999 -9999 -9999 -9999 -9999 -9999 -9999 -9999 -9999 -9999 -9999
109 341 190 163 269 179 149 112 142 139 175 175 167 138 125 125 105 114 148 178 150 169 167 124 125 123 123 120 140 105 159 154 152 107 165 131 113 135 137 127 117 113 142 146 141 152 218 418 -9999 -9999 -9999 -9999 -9999 -9999 -9999 -9999 -9999 -9999 -9999 -9999 -9999 -9999 -9999 -9999 -9999 -9999 -9999 -9999 -9999 -9999 -9999 -9999 -9999 -9999 -9999 -9999 -9999 -9999 -9999 -9999 -9999 -9999 -9999 -9999 -9999 -9999 -9999 -9999 -9999 -9999 -9999 -9999 -9999 -9999 -9999 -9999
124 161 283 181 139 159 139 196 204 165 179 156 146 136 162 168 115 129 158 204 224 221 200 130 174 214 253 251 206 147 138 182 148 140 151 143 151 176 197 161 168 132 238 225 210 220 -9999 -9999 -9999 -9999 -9999 -9999 -9999 -9999 -9999 -9999 -9999 -9999 -9999 -9999 -9999 -9999 -9999 -9999 -9999 -9999 -9999 -9999 -9999 -9999 -9999 -9999 -9999 -9999 -9999 -9999 -9999 -9999 -9999 -9999 -9999 -9999 -9999 -9999 -9999 -9999 -9999 -9999 -9999 -9999 -9999 -9999 -9999 -9999 -9999 -9999
60 112 228 252 195 247 159 340 312 203 247 252 282 217 168 151 166 177 294 329 312 256 321 206 262 214 395 400 225 171 144 147 286 299 131 148 158 169 258 281 198 247 360 -9999 -9999 -9999 -9999 -9999 -9999 -9999 -9999 -9999 -9999 -9999 -9999 -9999 -9999 -9999 -9999 -9999 -9999 -9999 -9999 -9999 -9999 -9999 -9999 -9999 -9999 -9999 -9999 -9999 -9999 -9999 -9999 -9999 -9999 -9999 -9999 -9999 -9999 -9999 -9999 -9999 -9999 -9999 -9999 -9999 -9999 -9999 -9999 -9999 -9999 -9999 -9999 -9999
74 210 232 399 298 226 264 251 277 250 200 237 320 284 200 221 144 163 226 312 442 271 341 263 257 404 539 479 383 343 166 292 286 354 193 218 357 407 332 410 295 286 -9999 -9999 -9999 -9999 -9999 -9999 -9999 -9999 -9999 -9999 -9999 -9999 -9999 -9999 -9999 -9999 -9999 -9999 -9999 -9999 -9999 -9999 -9999 -9999 -9999 -9999 -9999 -9999 -9999 -9999 -9999 -9999 -9999 -9999 -9999 -9999 -9999 -9999 -9999 -9999 -9999 -9999 -9999 -9999 -9999 -9999 -9999 -9999 -9999 -9999 -9999 -9999 -9999 -9999
73 129 226 278 232 243 361 391 366 228 179 279 284 376 418 302 127 176 225 274 260 414 432 369 293 513 551 508 445 392 349 178 258 333 302 235 249 492 475 -9999 -9999 -9999 -9999 -9999 -9999 -9999 -9999 -9999 -9999 -9999 -9999 -9999 -9999 -9999 -9999 -9999 -9999 -9999 -9999 -9999 -9999 -9999 -9999 -9999 -9999 -9999 -9999 -9999 -9999 -9999 -9999 -9999 -9999 -9999 -9999 -9999 -9999 -9999 -9999 -9999 -9999 -9999 -9999 -9999 -9999 -9999 -9999 -9999 -9999 -9999 -9999 -9999 -9999 -9999 -9999 -9999
69 84 202 235 183 202 280 222 242 355 191 288 388 417 369 248 233 161 164 207 367 386 462 266 227 332 410 575 512 422 262 314 181 227 397 401 305 338 -9999 -9999 -9999 -9999 -9999 -9999 -9999 -9999 -9999 -9999 -9999 -9999 -9999 -9999 -9999 -9999 -9999 -9999 -9999 -9999 -9999 -9999 -9999 -9999 -9999 -9999 -9999 -9999 -9999 -9999 -9999 -9999 -9999 -9999 -9999 -9999 -9999 -9999 -9999 -9999 -9999 -9999 -9999 -9999 -9999 -9999 -9999 -9999 -9999 -9999 -9999 -9999 -9999 -9999 -9999 -9999 -9999 -9999
70 102 124 202 144 171 141 326 388 290 302 289 291 242 256 194 163 222 161 206 276 327 564 262 284 478 526 646 816 631 580 300 165 283 377 506 437 522 -9999 -9999 -9999 -9999 -9999 -9999 -9999 -9999 -9999 -9999 -9999 -9999 -9999 -9999 -9999 -9999 -9999 -9999 -9999 -9999 -9999 -9999 -9999 -9999 -9999 -9999 -9999 -9999 -9999 -9999 -9999 -9999 -9999 -9999 -9999 -9999 -9999 -9999 -9999 -9999 -9999 -9999 -9999 -9999 -9999 -9999 -9999 -9999 -9999 -9999 -9999 -9999 -9999 -9999 -9999 -9999 -9999 -9999
103 124 172 106 175 121 153 319 245 269 413 347 393 394 318 259 225 197 158 295 326 396 586 310 366 485 731 769 555 445 394 222 182 333 363 484 -9999 -9999 -9999 -9999 -9999 -9999 -9999 -9999 -9999 -9999 -9999 -9999 -9999 -9999 -9999 -9999 -9999 -9999 -9999 -9999 -9999 -9999 -9999 -9999 -9999 -9999 -9999 -9999 -9999 -9999 -9999 -9999 -9999 -9999 -9999 -9999 -9999 -9999 -9999 -9999 -9999 -9999 -9999 -9999 -9999 -9999 -9999 -9999 -9999 -9999 -9999 -9999 -9999 -9999 -9999 -9999 -9999 -9999 -9999 -9999
129 113 108 99 113 145 169 207 181 251 277 279 331 402 328 276 285 177 257 180 209 295 503 336 406 697 730 750 548 421 336 293 195 380 364 456 -9999 -9999 -9999 -9999 -9999 -9999 -9999 -9999 -9999 -9999 -9999 -9999 -9999 -9999 -9999 -9999 -9999 -9999 -9999 -9999 -9999 -9999 -9999 -9999 -9999 -9999 -9999 -9999 -9999 -9999 -9999 -9999 -9999 -9999 -9999 -9999 -9999 -9999 -9999 -9999 -9999 -9999 -9999 -9999 -9999 -9999 -9999 -9999 -9999 -9999 -9999 -9999 -9999 -9999 -9999 -9999 -9999 -9999 -9999 -9999
88 99 101 149 130 121 146 147 218 351 363 320 394 351 249 233 258 215 313 283 196 375 317 306 432 639 756 539 540 536 446 292 242 234 336 474 -9999 -9999 -9999 -9999 -9999 -9999 -9999 -9999 -9999 -9999 -9999 -9999 -9999 -9999 -9999 -9999 -9999 -9999 -9999 -9999 -9999 -9999 -9999 -9999 -9999 -9999 -9999 -9999 -9999 -9999 -9999 -9999 -9999 -9999 -9999 -9999 -9999 -9999 -9999 -9999 -9999 -9999 -9999 -9999 -9999 -9999 -9999 -9999 -9999 -9999 -9999 -9999 -9999 -9999 -9999 -9999 -9999 -9999 -9999 -9999
134 113 108 177 328 175 195 231 224 364 379 407 429 363 269 379 222 242 234 254 227 286 240 292 466 424 549 677 573 422 417 529 359 260 314 -9999 -9999 -9999 -9999 -9999 -9999 -9999 -9999 -9999 -9999 -9999 -9999 -9999 -9999 -9999 -9999 -9999 -9999 -9999 -9999 -9999 -9999 -9999 -9999 -9999 -9999 -9999 -9999 -9999 -9999 -9999 -9999 -9999 -9999 -9999 -9999 -9999 -9999 -9999 -9999 -9999 -9999 -9999 -9999 -9999 -9999 -9999 -9999 -9999 -9999 -9999 -9999 -9999 -9999 -9999 -9999 -9999 -9999 -9999 -9999 -9999
