Figures/CREST_Example_wjb_NSE/Rolling_result/20100722/BJP_forecast/ens_34/wjb.rain.20100728.asc
ncols            288
nrows            254
xllcorner        113.274861
yllcorner        31.4918055
cellsize         0.008333333333
NODATA_value     -9999
[rows 100 to 124 of 254, columns 56 to 111 of 288]
0.0 0.0 0.0 0.0 0.0 0.0 0.0 0.0 0.0 0.0 0.0 0.0 0.0 0.0 0.0 0.0 0.0 0.0 0.0 0.0033238557809806826 0.010200988532829474 0.017078121284678265 0.023955254036538785 0.030832386788387574 0.037709519540236366 0.04458665229208516 0.05146378504393395 0.05834091779578274 0.06521805054763154 0.07209518329948032 0.07897231605132911 0.0811167978970004 0.0782019689252252 0.07528713995345 0.0723723109816748 0.06945748200989464 0.06654265303811943 0.06362782406634424 0.060712995094569046 0.05779816612279385 0.05488333715101865 0.05196850817924346 0.04905367920746826 0.04563258471549461 0.04167028093542158 0.03770797715534854 0.033745673375275516 0.02978336959520248 0.025821065815122696 0.02185876203504966 0.01789645825497663 0.0139341544749036 0.009971850694830565 0.006009546914757538 0.002047243134684504 0.0
0.0 0.0 0.0 0.0 0.0 0.0 0.0 0.0 0.0 0.0 0.0 0.0 0.0 0.0 0.0 0.0 0.0 0.0 0.0 0.0042780709236279095 0.013129496377151368 0.021980921830674825 0.030832347284213378 0.039683772737736836 0.048535198191260294 0.05738662364478375 0.06623804909830722 0.07508947455183067 0.08394090000535413 0.09279232545887758 0.10164375091240105 0.10440387229995038 0.10065225192494705 0.09690063154994373 0.09314901117494041 0.0893973907999307 0.08564577042492738 0.08189415004992405 0.07814252967492073 0.0743909092999174 0.07063928892491408 0.06688766854991077 0.06313604817490745 0.0587328231743396 0.05363301809582019 0.04853321301730078 0.043433407938781365 0.03833360286026195 0.03323379778173384 0.028133992703214428 0.023034187624695016 0.017934382546175597 0.012834577467656184 0.007734772389136772 0.00263496731061736 0.0
0.0 0.0 0.0 0.0 0.0 0.0 0.0 0.0 0.0 0.0 0.0 0.0 0.0 0.0 0.0 0.0 0.0 0.0 0.0 0.005232286066275138 0.016058004221473268 0.026883722376671394 0.03770944053188798 0.04853515868708611 0.05936087684228424 0.07018659499748237 0.0810123131526805 0.09183803130787863 0.10266374946307676 0.11348946761827489 0.124315185773473 0.12769094670290035 0.12310253492466891 0.11851412314643746 0.11392571136820602 0.10933729958996674 0.1047488878117353 0.10016047603350385 0.0955720642552724 0.09098365247704096 0.08639524069880951 0.08180682892057806 0.07721841714234662 0.07183306163318459 0.06559575525621879 0.059358448879253 0.0531211425022872 0.046883836125321404 0.04064652974834498 0.03440922337137919 0.02817191699441339 0.021934610617447593 0.015697304240481803 0.009459997863516006 0.0032226914865502165 0.0
0.0 0.0 0.0 0.0 0.0 0.0 0.0 0.0 0.0 0.0 0.0 0.0 0.0 0.0 0.0 0.0 0.0 0.0 0.0 0.006186501208922363 0.018986512065795155 0.03178652292266795 0.04458653377956257 0.05738654463643536 0.07018655549330816 0.08298656635018095 0.09578657720705373 0.10858658806392653 0.12138659892079932 0.1341866097776721 0.1469866206345449 0.15097802110585032 0.14555281792439073 0.14012761474293117 0.1347024115614716 0.12927720838000278 0.12385200519854321 0.11842680201708364 0.11300159883562408 0.1075763956541645 0.10215119247270493 0.09672598929124537 0.0913007861097858 0.08493330009202958 0.0775584924166174 0.07018368474120523 0.06280887706579305 0.055434069390380876 0.04805926171495613 0.040684454039543946 0.03330964636413177 0.025934838688719597 0.018560031013307415 0.011185223337895248 0.003810415662483066 0.0
0.0 0.0 0.0 0.0 0.0 0.0 0.0 0.0 0.0 0.0 0.0 0.0 0.0 0.0 0.0 0.0 0.0 0.0 0.0 0.007140716351569592 0.021915019910117055 0.03668932346866452 0.051463627027237176 0.06623793058578463 0.08101223414433209 0.09578653770287957 0.11056084126142703 0.1253351448199745 0.14010944837852193 0.1548837519370694 0.16965805549561688 0.1742650955088003 0.1680031009241126 0.1617411063394249 0.15547911175473722 0.14921711717003883 0.14295512258535115 0.13669312800066344 0.13043113341597573 0.12416913883128805 0.11790714424660036 0.11164514966191266 0.10538315507722497 0.09803353855087456 0.08952122957701601 0.08100892060315745 0.0724966116292989 0.06398430265544033 0.05547199368156727 0.04695968470770871 0.03844737573385015 0.029935066759991608 0.021422757786133048 0.012910448812274489 0.004398139838415943 0.0
0.0 0.0 0.0 0.0 0.0 0.0 0.0 0.0 0.0 0.0 0.0 0.0 0.0 0.0 0.0 0.0 0.0 0.0 0.0 0.008094931494217633 0.024843527754441444 0.041592124014665256 0.05834072027491763 0.07508931653514145 0.09183791279536525 0.10858650905558907 0.12533510531581288 0.1420837015760367 0.1588322978362605 0.1755808940964843 0.19232949035670813 0.19755216991177013 0.1904533839238536 0.18335459793593706 0.17625581194802054 0.16915702596009188 0.16205823997217536 0.1549594539842588 0.1478606679963423 0.14076188200842574 0.13366309602050921 0.12656431003259266 0.11946552404467614 0.11113377700973072 0.10148396673742481 0.0918341564651189 0.08218434619281301 0.0725345359205071 0.06288472564818473 0.05323491537587882 0.04358510510357291 0.033935294831267004 0.02428548455896111 0.014635674286655201 0.004985864014349292 0.0
0.0 0.0 0.0 0.0 0.0 0.0 0.0 0.0 0.0 0.0 0.0 0.0 0.0 0.0 0.0 0.0 0.0 0.0 0.0 0.00904914663686486 0.02777203559876334 0.04649492456066182 0.06521781352259223 0.0839407024844907 0.10266359144638919 0.12138648040828767 0.14010936937018614 0.1588322583320846 0.1775551472939831 0.19627803625588158 0.21500092521778005 0.2208392443147201 0.21290366692357543 0.20496808953243079 0.19703251214128611 0.18909693475012793 0.18116135735898325 0.1732257799678386 0.16529020257669394 0.15735462518554927 0.14941904779440462 0.14148347040325998 0.1335478930121153 0.1242340154685757 0.11344670389782341 0.10265939232707112 0.09187208075631884 0.08108476918556655 0.07029745761479586 0.059510146044043574 0.04872283447329129 0.037935522902539 0.027148211331786715 0.016360899761034428 0.005573588190282128 0.0
0.0 0.0 0.0 0.0 0.0 0.0 0.0 0.0 0.0 0.0 0.0 0.0 0.0 0.0 0.0 0.0 0.0 0.0 0.0 0.010003361779512087 0.030700543443085235 0.05139772510665838 0.07209490677026682 0.09279208843383997 0.11348927009741312 0.13418645176098626 0.1548836334245594 0.17558081508813256 0.1962779967517057 0.21697517841527886 0.237672360078852 0.24412631871767007 0.23535394992329728 0.22658158112892451 0.21780921233455172 0.20903684354016397 0.2002644747457912 0.1914921059514184 0.18271973715704565 0.17394736836267283 0.16517499956830006 0.1564026307739273 0.14763026197955448 0.13733425392742069 0.12540944105822202 0.11348462818902336 0.10155981531982469 0.08963500245062601 0.077710189581407 0.06578537671220834 0.053860563843009676 0.041935750973811 0.030010938104612334 0.01808612523541367 0.006161312366215005 0.0
0.0 0.0 0.0 0.0 0.0 0.0 0.0 0.0 0.0 0.0 0.0 0.0 0.0 0.0 0.0 0.0 0.0 0.0 0.0 0.010957576922159316 0.03362905128740713 0.05630052565265495 0.07897200001794143 0.10164347438318924 0.12431494874843706 0.14698642311368487 0.16965789747893267 0.1923293718441805 0.21500084620942833 0.23767232057467613 0.26034379493992393 0.26741339312062007 0.2578042329230191 0.24819507272541824 0.23858591252781733 0.22897675233020004 0.21936759213259913 0.2097584319349982 0.2001492717373973 0.1905401115397964 0.1809309513421955 0.17132179114459456 0.16171263094699367 0.1504344923862657 0.13737217821862063 0.12430986405097558 0.11124754988333053 0.09818523571568549 0.08512292154801816 0.0720606073803731 0.05899829321272805 0.04593597904508301 0.03287366487743795 0.019811350709792896 0.0067490365421478404 0.0
0.0 0.0 0.0 0.0 0.0 0.0 0.0 0.0004674642479887192 0.0014346583438812881 0.0024018524397755067 0.0033690465356680755 0.004336240631560645 0.005303434727453214 0.0062706288233457825 0.007237822919238352 0.008205017015130921 0.00917221111102349 0.01013940520691606 0.011106599302808627 0.02307823939723757 0.046813881036951444 0.07054952267666531 0.09428516431641967 0.11802080595613354 0.1417564475958474 0.1654920892355613 0.18922773087527517 0.21296337251498904 0.2366990141547029 0.2604346557944168 0.28417029743413064 0.2917614331325986 0.2820937269747494 0.2724260208169001 0.2627583146590508 0.2530906085011851 0.2434229023433358 0.2337551961854865 0.22408749002763725 0.214419783869788 0.2047520777119387 0.19508437155408945 0.1854166653962402 0.17315477617233724 0.15811964659458208 0.1430845170168269 0.12804938743907174 0.11301425786131655 0.09797912828353575 0.08294399870578058 0.06790886912802539 0.05287373955027022 0.037838609972515064 0.02280348039475988 0.007768350817004721 0.0
0.0 0.0 0.0 0.0 0.0 0.0 0.0 0.001434618305960033 0.004402876009846358 0.0073711337137377445 0.010339391417624069 0.013307649121510393 0.01627590682539672 0.019244164529283042 0.022212422233169368 0.02518067993705569 0.028148937640942017 0.031117195344828343 0.034085453048714666 0.04713513008598182 0.07096207229700979 0.09478901450803776 0.11861595671910637 0.14244289893013434 0.1662698411411623 0.19009678335219027 0.21392372556321823 0.2377506677742462 0.26157760998527413 0.2854045521963021 0.3092314944073301 0.3172435784924292 0.30834922168866963 0.29945486488491 0.2905605080811504 0.2816661512773757 0.2727717944736161 0.2638774376698565 0.25498308086609695 0.24608872406233734 0.2371943672585778 0.22830001045481818 0.2194056536510586 0.20615828192087596 0.18825743880972337 0.17035659569857078 0.1524557525874182 0.1345549094762656 0.11665406636508249 0.0987532232539299 0.08085238014277732 0.06295153703162473 0.045050693920472146 0.02714985080931956 0.009249007698166972 0.0
0.0 0.0 0.0 0.0 0.0 0.0 0.0 0.002401772363932173 0.007371093675813963 0.012340414987704227 0.01730973629958602 0.02227905761146781 0.0272483789233496 0.032217700235231385 0.037187021547113175 0.042156342858994965 0.047125664170876755 0.052094985482758545 0.057064306794640335 0.07119202077474662 0.09511026355708876 0.1190285063394309 0.14294674912181382 0.166864991904156 0.1907832346864981 0.21470147746884025 0.2386197202511824 0.2625379630335245 0.28645620581586667 0.31037444859820884 0.33429269138055095 0.34272572385228145 0.3346047164026122 0.326483708952943 0.3183627015032737 0.31024169405359064 0.3021206866039214 0.2939996791542522 0.2858786717045829 0.2777576642549137 0.26963665680524446 0.26151564935557525 0.253394641905906 0.23916178766944282 0.21839523102489036 0.1976286743803379 0.17686211773578547 0.15609556109123301 0.13532900444664514 0.11456244780209271 0.09379589115754025 0.07302933451298782 0.05226277786843536 0.03149622122388293 0.010729664579330472 0.0
0.0 0.0 0.0 0.0 0.0 0.0 0.0 0.0033689264219034887 0.010339311341779038 0.017309696261666476 0.024280081181542023 0.03125046610141757 0.03822085102129313 0.045191235941168674 0.05216162086104422 0.059132005780919775 0.06610239070079532 0.07307277562067087 0.08004316054054643 0.09524891146349093 0.11925845481714716 0.14326799817080338 0.16727754152450053 0.19128708487815677 0.21529662823181298 0.2393061715854692 0.2633157149391254 0.28732525829278166 0.3113348016464379 0.33534434500009414 0.35935388835375026 0.36820786921211185 0.3608602111165323 0.3535125530209528 0.3461648949253733 0.3388172368297812 0.3314695787342017 0.32412192063862216 0.31677426254304264 0.30942660444746306 0.30207894635188354 0.294731288256304 0.2873836301607245 0.27216529341798157 0.2485330232400317 0.22490075306208185 0.20126848288413196 0.1776362127061821 0.15400394252819194 0.13037167235024208 0.10673940217229219 0.08310713199434233 0.05947486181639247 0.035842591638442584 0.012210321460492723 0.0
0.0 0.0 0.0 0.0 0.0 0.0 0.0 0.004336080479874804 0.013307529007744113 0.02227897753562872 0.03125042606349803 0.040221874591367335 0.049193323119236645 0.058164771647105956 0.06713622017497527 0.07610766870284458 0.08507911723071387 0.09405056575858319 0.1030220142864525 0.11930580215223521 0.14340664607720555 0.16750749000217585 0.19160833392718724 0.21570917785215757 0.23981002177712787 0.2639108657020982 0.28801170962706846 0.3121125535520388 0.3362133974770091 0.36031424140197943 0.38441508532694973 0.3936900145719424 0.38711570583045257 0.38054139708896273 0.3739670883474729 0.36739277960597183 0.360818470864482 0.35424416212299215 0.3476698533815023 0.34109554464001246 0.3345212358985226 0.3279469271570328 0.3213726184155429 0.3051687991665203 0.278670815455173 0.25217283174382576 0.22567484803247845 0.1991768643211312 0.1726788806097387 0.14618089689839142 0.11968291318704413 0.09318492947569684 0.06668694576434958 0.040188962053002264 0.013690978341655002 0.0
0.0 0.0 0.0 0.0 0.0 0.0 0.0 0.005303234537846119 0.016275746673709183 0.02724825880959096 0.03822077094545403 0.04919328308131709 0.06016579521718016 0.07113830735304322 0.08211081948890629 0.09308333162476935 0.10405584376063241 0.11502835589649549 0.12600086803235855 0.1433626928409795 0.1675548373372639 0.19174698183354832 0.21593912632987397 0.24013127082615837 0.26432341532244275 0.2885155598187272 0.3127077043150116 0.336899848811296 0.3610919933075804 0.38528413780386483 0.4094762823001492 0.4191721599317729 0.41337120054437276 0.4075702411569726 0.40176928176957244 0.3959683223821624 0.39016736299476223 0.38436640360736213 0.37856544421996197 0.3727644848325618 0.36696352544516164 0.3611625660577615 0.3553616066703613 0.338172304915059 0.3088086076703143 0.2794449104255696 0.2500812131808249 0.22071751593608022 0.19135381869128545 0.16199012144654074 0.13262642420179604 0.10326272695705135 0.07389902971230666 0.04453533246756192 0.015171635222817226 0.0
0.0 0.0 0.0 0.0 0.0 0.0 0.0 0.006270388595817434 0.01924396433967426 0.03221754008355321 0.04519111582741003 0.05816469157126686 0.07113826731512368 0.0841118430589805 0.09708541880283733 0.11005899454669416 0.12303257029055098 0.1360061460344078 0.14897972177826463 0.16741958352972378 0.19170302859732227 0.21598647366492077 0.24026991873256065 0.26455336380015915 0.28883680886775764 0.31312025393535614 0.33740369900295464 0.36168714407055313 0.38597058913815163 0.41025403420575013 0.43453747927334857 0.4446543052916034 0.43962669525829295 0.4345990852249825 0.42957147519167205 0.42454386515835296 0.41951625512504254 0.41448864509173206 0.40946103505842163 0.40443342502511115 0.39940581499180067 0.39437820495849024 0.38935059492517976 0.3711758106635977 0.3389463998854556 0.3067169891073135 0.27448757832917137 0.24225816755102927 0.21002875677283217 0.17779934599469008 0.14556993521654796 0.11334052443840581 0.08111111366026369 0.048881702882121625 0.016652292103979505 0.0
0.0 0.0 0.0 0.0 0.0 0.0 0.0 0.007237542653788749 0.022212182005639333 0.03718682135751545 0.05216146070936604 0.06713610006121662 0.08211073941306721 0.09708537876491778 0.11206001811676837 0.12703465746861894 0.14200929682046953 0.15698393617232012 0.1719585755241707 0.19147647421846808 0.21585121985738068 0.24022596549629327 0.2646007111352474 0.28897545677416 0.31335020241307254 0.33772494805198516 0.36209969369089773 0.3864744393298103 0.4108491849687229 0.4352239306076355 0.45959867624654804 0.47013645065143395 0.4658821899722132 0.4616279292929924 0.45737366861377166 0.45311940793454364 0.44886514725532284 0.4446108865761021 0.4403566258968813 0.43610236521766055 0.4318481045384398 0.427593843859219 0.42333958317999826 0.4041793164121365 0.36908419210059695 0.33398906778905746 0.2988939434775179 0.26379881916597836 0.22870369485437897 0.19360857054283945 0.15851344623129993 0.12341832191976038 0.08832319760822083 0.05322807329668133 0.018132948985141784 0.0
0.0 0.0 0.0 0.0 0.0 0.0 0.0 0.008204696711760065 0.02518039967160441 0.042156102631477704 0.05913180559132204 0.0761075085511664 0.09308321151101073 0.11005891447085507 0.1270346174306994 0.14401032039054376 0.1609860233503881 0.17796172631023247 0.1949374292700768 0.21553336490721237 0.23999941111743905 0.2644654573276657 0.28893150353793406 0.31339754974816075 0.33786359595838744 0.3623296421686141 0.38679568837884076 0.41126173458906745 0.4357277807992941 0.4601938270095207 0.48465987321974746 0.49561859601126446 0.4921376846861334 0.48865677336100233 0.4851758620358712 0.4816949507107342 0.47821403938560314 0.4747331280604721 0.47125221673534096 0.4677713054102099 0.46429039408507883 0.46080948275994776 0.45732857143481664 0.4371828221606752 0.39922198431573824 0.3612611464708013 0.32330030862586434 0.2853394707809274 0.2473786329359257 0.20941779509098876 0.1714569572460518 0.1334961194011149 0.09553528155617791 0.057574443711240986 0.019613605866304007 0.0
0.0 0.0 0.0 0.0 0.0 0.0 0.0 0.009171850769732206 0.028148617337572013 0.047125383905444185 0.066102150473284 0.0850789170411238 0.10405568360896361 0.12303245017680342 0.14200921674464323 0.16098598331248304 0.17996274988032285 0.19893951644816266 0.21791628301600247 0.2395902555959772 0.264147602377518 0.28870494915905887 0.3132622959406416 0.3378196427221824 0.3623769895037232 0.3869343362852641 0.41149168306680495 0.43604902984834576 0.46060637662988657 0.48516372341142744 0.5097210701929683 0.5211007413711167 0.518393179400076 0.5156856174290352 0.5129780554579945 0.5102704934869492 0.5075629315159085 0.5048553695448678 0.5021478075738269 0.49944024560278627 0.4967326836317455 0.4940251216607048 0.49131755968966406 0.4701863279092421 0.42935977653090523 0.38853322515256844 0.3477066737742316 0.3068801223958948 0.2660535710174884 0.2252270196391516 0.18440046826081474 0.14357391688247795 0.10274736550414115 0.0619208141258043 0.021094262747467507 0.0
0.0 0.0 0.0 0.0 0.0 0.0 0.0 0.01013900482770352 0.031116835003537086 0.052094665179406426 0.07307249535523999 0.09405032553107356 0.11502815570690714 0.1360059858827407 0.15698381605857425 0.17796164623440783 0.1989394764102414 0.21991730658607497 0.24089513676190855 0.26364714628472147 0.2882957936375764 0.31294444099043134 0.3375930883433283 0.36224173569618323 0.3868903830490381 0.41153903040189305 0.436187677754748 0.46083632510760286 0.4854849724604578 0.5101336198133127 0.5347822671661677 0.5465828867309471 0.5446486741139961 0.542714461497045 0.540780248880094 0.5388460362631398 0.5369118236461887 0.5349776110292377 0.5330433984122867 0.5311091857953356 0.5291749731783846 0.5272407605614335 0.5253065479444825 0.5031898336577808 0.4594975687460466 0.41580530383431236 0.37211303892257813 0.3284207740108439 0.28472850909903513 0.2410362441873009 0.19734397927556668 0.15365171436383246 0.10995944945209818 0.06626718454036395 0.022574919628629675 0.0
0.0 0.0 0.0 0.0 0.0 0.0 0.0 0.011106158885674833 0.03408505266950216 0.057063946453368666 0.08004284023719599 0.10302173402102331 0.12600062780485063 0.14897952158867794 0.17195841537250528 0.1949373091563326 0.21791620294015993 0.24089509672398723 0.26387399050781457 0.28770403697346575 0.31244398489763475 0.33718393282180376 0.361923880746015 0.386663828670184 0.411403776594353 0.436143724518522 0.460883672442691 0.4856236203668601 0.5103635682910291 0.5351035162151981 0.5598434641393671 0.5720650320907776 0.5709041688279164 0.569743305565055 0.5685824423021937 0.5674215790393303 0.566260715776469 0.5650998525136076 0.5639389892507463 0.5627781259878849 0.5616172627250237 0.5604563994621623 0.559295536199301 0.5361933394063195 0.48963536096118787 0.4430773825160562 0.39651940407092456 0.3499614256257929 0.3034034471805819 0.2568454687354502 0.21028749029031857 0.16372951184518691 0.11717153340005526 0.07061355495492366 0.024055576509791954 0.0
0.0 0.0 0.0 0.0 0.0 0.0 0.0 0.02060995108149546 0.06325240574711541 0.10589486041280807 0.14853731507842802 0.191179769744048 0.23382222440966793 0.2764646790752879 0.3191071337409078 0.36174958840652777 0.4043920430721477 0.44703449773776766 0.4896769524033876 0.5164918785347541 0.5263868188567702 0.5362817591787863 0.5461766995008193 0.5560716398228354 0.5659665801448514 0.5758615204668674 0.5857564607888835 0.5956514011108996 0.6055463414329157 0.6154412817549317 0.6253362220769478 0.6302936125837365 0.6299726507068211 0.6296516888299055 0.6293307269529901 0.6290097650760741 0.6286888031991587 0.6283678413222432 0.6280468794453278 0.6277259175684123 0.6274049556914969 0.6270839938145814 0.6267630319376659 0.6013599511095371 0.5491435179988179 0.49692708488809867 0.44471065177737945 0.39249421866666023 0.3402777855558519 0.28806135244513276 0.23584491933441354 0.18362848622369432 0.1314120531129751 0.07919562000225588 0.026979186891536666 0.0
0.0 0.0 0.0 0.0 0.0 0.0 0.0 0.03923887127490144 0.12042498291843626 0.20161109456210952 0.28279720620564436 0.36398331784917914 0.445169429492714 0.5263555411362488 0.6075416527797836 0.6887277644233184 0.7699138760668532 0.8510999877103881 0.9322860993539228 0.9641241998094571 0.9432081607154317 0.9222921216214064 0.9013760825273455 0.8804600434333202 0.8595440043392949 0.8386279652452695 0.8177119261512442 0.7967958870572189 0.7758798479631936 0.7549638088691684 0.7340477697751431 0.7235260678139347 0.724116147249407 0.7247062266848793 0.7252963061203515 0.7258863855558247 0.726476464991297 0.7270665444267693 0.7276566238622415 0.7282467032977138 0.7288367827331861 0.7294268621686583 0.7300169416041306 0.7009068954328135 0.6400467434478289 0.5791865914628441 0.5183264394778595 0.4574662874928748 0.3966061355077864 0.3357459835228017 0.27488583153781704 0.21402567955283236 0.15316552756784774 0.09230537558286311 0.03144522359787838 0.0
0.0 0.0 0.0 0.0 0.0 0.0 0.0 0.057867791468307395 0.177597560089757 0.2973273287114108 0.4170570973328604 0.53678686595431 0.6565166345757596 0.7762464031972093 0.8959761718186589 1.0157059404401085 1.135435709061558 1.2551654776830077 1.3748952463044573 1.4117565210841592 1.3600295025740925 1.3083024840640258 1.256575465553871 1.2048484470438043 1.153121428533738 1.1013944100236712 1.0496673915136046 0.997940373003538 0.9462133544934714 0.8944863359834048 0.8427593174733382 0.816758523044133 0.818259643791993 0.8197607645398529 0.8212618852877128 0.8227630060355754 0.8242641267834353 0.8257652475312953 0.8272663682791552 0.8287674890270151 0.8302686097748752 0.8317697305227351 0.8332708512705951 0.8004538397560899 0.7309499688968397 0.6614460980375896 0.5919422271783394 0.5224383563190894 0.4529344854597208 0.3834306146004707 0.31392674374122065 0.2444228728819705 0.17491900202272037 0.10541513116347034 0.035911260304220205 0.0
0.0 0.0 0.0 0.0 0.0 0.0 0.0 0.07649671166172926 0.23477013726112664 0.3930435628607939 0.5513169884601913 0.7095904140595887 0.867863839658986 1.0261372652583833 1.1844106908577807 1.3426841164571781 1.5009575420565755 1.6592309676559729 1.8175043932553703 1.8593888423592437 1.7768508444331095 1.6943128465069752 1.6117748485807002 1.529236850654566 1.4466988527284317 1.3641608548022974 1.281622856876163 1.199084858950029 1.1165468610238944 1.0340088630977604 0.951470865171626 0.9099909782744108 0.9124031403346592 0.9148153023949077 0.9172274644551561 0.9196396265154086 0.9220517885756571 0.9244639506359056 0.926876112696154 0.9292882747564024 0.9317004368166508 0.9341125988768992 0.9365247609371478 0.9000007840794512 0.8218531943459282 0.7437056046124053 0.6655580148788824 0.5874104251453595 0.5092628354117033 0.43111524567818027 0.3529676559446574 0.2748200662111344 0.19667247647761155 0.11852488674408856 0.040377297010565694 0.0
