Figures/CREST_Example_wjb_NSE/Rolling_result/20100722/BJP_forecast/ens_34/wjb.rain.20100723.asc
ncols            288
nrows            254
xllcorner        113.274861
yllcorner        31.4918055
cellsize         0.008333333333
NODATA_value     -9999
[rows 200 to 219 of 254, columns 45 to 89 of 288]
-9999.0 -9999.0 -9999.0 -9999.0 -9999.0 -9999.0 -9999.0 -9999.0 -9999.0 7.961420061382811 7.961420061382811 7.961420061382811 7.961420061382811 7.961420061382811 7.961420061382811 7.961420061382811 7.961420061382811 7.961420061382811 13.77665041140424 14.258251347314012 14.739852283224606 15.221453219134377 15.703054155044148 16.184655090953918 16.666256026863692 17.147856962773464 17.629457898683235 18.111058834593006 18.592659770502777 19.07426070641255 19.388644708301886 19.524270027520974 19.659895346740065 19.795520665959387 19.93114598517848 20.06677130439757 20.20239662361666 20.33802194283575 20.47364726205484 20.60927258127393 20.744897900493022 20.880523219712114 21.124045601295578 21.482912381951078 21.84177916260658
-9999.0 -9999.0 -9999.0 -9999.0 -9999.0 -9999.0 -9999.0 -9999.0 7.961420061382811 7.961420061382811 7.961420061382811 7.961420061382811 7.961420061382811 7.961420061382811 7.961420061382811 7.961420061382811 7.961420061382811 7.961420061382811 14.231360367792702 14.742333923548857 15.253307479305885 15.764281035062043 16.2752545908182 16.786228146574356 17.29720170233051 17.80817525808667 18.319148813842826 18.830122369598982 19.341095925355138 19.852069481111297 20.202475100357123 20.381229965582076 20.559984830807032 20.73873969603229 20.917494561257243 21.0962494264822 21.275004291707152 21.453759156932108 21.63251402215706 21.811268887382017 21.99002375260697 22.168778617831926 22.45114996785154 22.844289682743184 23.237429397634827
-9999.0 -9999.0 -9999.0 -9999.0 -9999.0 -9999.0 -9999.0 7.961420061382811 7.961420061382811 7.961420061382811 7.961420061382811 7.961420061382811 7.961420061382811 7.961420061382811 7.961420061382811 7.961420061382811 7.961420061382811 7.961420061382811 14.686070324181161 15.226416499783703 15.766762675387167 16.307108850989707 16.84745502659225 17.387801202194794 17.928147377797334 18.468493553399874 19.008839729002418 19.54918590460496 20.0895320802075 20.62987825581004 21.01630549241236 21.23818990364318 21.460074314873996 21.681958726105194 21.90384313733601 22.12572754856683 22.34761195979765 22.569496371028468 22.791380782259285 23.013265193490103 23.235149604720924 23.45703401595174 23.778254334407507 24.20566698353529 24.633079632663076
-9999.0 -9999.0 -9999.0 -9999.0 -9999.0 -9999.0 -9999.0 -9999.0 7.961420061382811 7.961420061382811 7.961420061382811 7.961420061382811 7.961420061382811 7.961420061382811 7.961420061382811 7.961420061382811 7.961420061382811 7.961420061382811 15.140780280569622 15.71049907601855 16.280217871468448 16.849936666917376 17.419655462366304 17.98937425781523 18.559093053264156 19.128811848713084 19.698530644162012 20.26824943961094 20.83796823505987 21.407687030508793 21.8301358844676 22.095149841704284 22.360163798940967 22.6251777561781 22.890191713414783 23.155205670651466 23.420219627888144 23.685233585124827 23.95024754236151 24.215261499598192 24.480275456834875 24.745289414071557 25.10535870096347 25.567044284327398 26.028729867691325
-9999.0 -9999.0 -9999.0 -9999.0 -9999.0 -9999.0 -9999.0 -9999.0 -9999.0 7.961420061382811 7.961420061382811 7.961420061382811 7.961420061382811 7.961420061382811 7.961420061382811 7.961420061382811 7.961420061382811 7.961420061382811 15.595490236958275 16.1945816522536 16.793673067549946 17.392764482845273 17.991855898140596 18.590947313435922 19.190038728731245 19.789130144026572 20.3882215593219 20.987312974617222 21.586404389912545 22.18549580520787 22.643966276523187 22.95210977976575 23.260253283008314 23.568396786251405 23.876540289493967 24.184683792736532 24.492827295979097 24.800970799221663 25.109114302464224 25.41725780570679 25.725401308949355 26.03354481219192 26.43246306752 26.928421585120084 27.424380102720164
-9999.0 -9999.0 -9999.0 -9999.0 -9999.0 -9999.0 -9999.0 -9999.0 -9999.0 7.961420061382811 7.961420061382811 7.961420061382811 7.961420061382811 7.961420061382811 7.961420061382811 7.961420061382811 7.961420061382811 7.961420061382811 7.961420061382811 7.961420061382811 7.961420061382811 7.961420061382811 7.961420061382811 7.961420061382811 7.961420061382811 7.961420061382811 7.961420061382811 7.961420061382811 7.961420061382811 7.961420061382811 22.974789060528977 23.32299501316355 23.671200965798118 24.019406918433283 24.367612871067855 24.715818823702428 25.064024776337 25.412230728971572 25.760436681606144 26.108642634240717 26.45684858687529 26.80505453950986 7.961420061382811 7.961420061382811 7.961420061382811
-9999.0 -9999.0 -9999.0 -9999.0 -9999.0 -9999.0 -9999.0 -9999.0 -9999.0 -9999.0 -9999.0 7.961420061382811 7.961420061382811 7.961420061382811 7.961420061382811 7.961420061382811 7.961420061382811 7.961420061382811 7.961420061382811 7.961420061382811 7.961420061382811 7.961420061382811 7.961420061382811 7.961420061382811 7.961420061382811 7.961420061382811 7.961420061382811 7.961420061382811 7.961420061382811 7.961420061382811 22.7893071546329 23.174297023692866 23.55928689275283 23.94427676181345 24.329266630873416 24.714256499933377 25.09924636899334 25.484236238053306 25.86922610711327 26.254215976173235 26.6392058452332 27.02419571429316 7.961420061382811 7.961420061382811 7.961420061382811
-9999.0 -9999.0 -9999.0 -9999.0 -9999.0 -9999.0 -9999.0 -9999.0 -9999.0 -9999.0 -9999.0 -9999.0 7.961420061382811 7.961420061382811 7.961420061382811 7.961420061382811 7.961420061382811 7.961420061382811 7.961420061382811 7.961420061382811 7.961420061382811 7.961420061382811 7.961420061382811 7.961420061382811 7.961420061382811 7.961420061382811 7.961420061382811 7.961420061382811 7.961420061382811 7.961420061382811 22.603825248736747 23.02559903422212 23.447372819707493 23.869146605193585 24.290920390678956 24.712694176164327 25.134467961649698 25.55624174713507 25.978015532620443 26.399789318105814 26.821563103591185 27.243336889076556 7.961420061382811 7.961420061382811 7.961420061382811
-9999.0 -9999.0 -9999.0 -9999.0 -9999.0 -9999.0 -9999.0 -9999.0 -9999.0 -9999.0 -9999.0 -9999.0 7.961420061382811 7.961420061382811 7.961420061382811 7.961420061382811 7.961420061382811 7.961420061382811 7.961420061382811 7.961420061382811 7.961420061382811 7.961420061382811 7.961420061382811 7.961420061382811 7.961420061382811 7.961420061382811 7.961420061382811 7.961420061382811 7.961420061382811 7.961420061382811 22.418343342840675 22.87690104475144 23.3354587466622 23.79401644857375 24.252574150484513 24.711131852395276 25.16968955430604 25.628247256216802 26.086804958127566 26.54536266003833 27.003920361949092 27.46247806385986 7.961420061382811 7.961420061382811 7.961420061382811
-9999.0 -9999.0 -9999.0 -9999.0 -9999.0 -9999.0 -9999.0 -9999.0 -9999.0 -9999.0 -9999.0 -9999.0 -9999.0 7.961420061382811 7.961420061382811 7.961420061382811 7.961420061382811 7.961420061382811 7.961420061382811 7.961420061382811 7.961420061382811 7.961420061382811 7.961420061382811 7.961420061382811 7.961420061382811 7.961420061382811 7.961420061382811 7.961420061382811 7.961420061382811 7.961420061382811 22.232861436944603 22.72820305528076 23.223544673616914 23.718886291953915 24.21422791029007 24.709569528626226 25.20491114696238 25.700252765298536 26.195594383634692 26.690936001970847 27.186277620307003 27.681619238643158 7.961420061382811 7.961420061382811 7.961420061382811
-9999.0 -9999.0 -9999.0 -9999.0 -9999.0 -9999.0 -9999.0 -9999.0 -9999.0 -9999.0 -9999.0 -9999.0 -9999.0 -9999.0 7.961420061382811 7.961420061382811 7.961420061382811 7.961420061382811 7.961420061382811 7.961420061382811 7.961420061382811 7.961420061382811 7.961420061382811 7.961420061382811 7.961420061382811 7.961420061382811 7.961420061382811 7.961420061382811 7.961420061382811 7.961420061382811 22.04737953104845 22.57950506581001 23.111630600571576 23.643756135334044 24.17588167009561 24.70800720485717 25.240132739618737 25.7722582743803 26.30438380914186 26.836509343903426 27.368634878664988 27.900760413426553 7.961420061382811 7.961420061382811 7.961420061382811
-9999.0 -9999.0 -9999.0 -9999.0 -9999.0 -9999.0 -9999.0 -9999.0 -9999.0 -9999.0 -9999.0 -9999.0 -9999.0 -9999.0 -9999.0 -9999.0 -9999.0 7.961420061382811 7.961420061382811 7.961420061382811 7.961420061382811 7.961420061382811 7.961420061382811 7.961420061382811 7.961420061382811 7.961420061382811 7.961420061382811 7.961420061382811 7.961420061382811 7.961420061382811 21.861897625152377 22.43080707633933 22.999716527526285 23.568625978714213 24.137535429901167 24.70644488108812 25.27535433227508 25.844263783462033 26.413173234648987 26.98208268583594 27.5509921370229 28.119901588209853 7.961420061382811 7.961420061382811 7.961420061382811
-9999.0 -9999.0 -9999.0 -9999.0 -9999.0 -9999.0 -9999.0 -9999.0 -9999.0 -9999.0 -9999.0 -9999.0 -9999.0 -9999.0 -9999.0 -9999.0 -9999.0 7.961420061382811 7.961420061382811 7.961420061382811 7.961420061382811 7.961420061382811 7.961420061382811 7.961420061382811 7.961420061382811 7.961420061382811 7.961420061382811 7.961420061382811 7.961420061382811 7.961420061382811 21.676415719256298 22.282109086868648 22.887802454480994 23.493495822094374 24.09918918970672 24.70488255731907 25.310575924931417 25.916269292543763 26.521962660156113 27.12765602776846 27.733349395380806 28.339042762993152 7.961420061382811 7.961420061382811 7.961420061382811
-9999.0 -9999.0 -9999.0 -9999.0 -9999.0 -9999.0 -9999.0 -9999.0 -9999.0 -9999.0 -9999.0 -9999.0 -9999.0 -9999.0 -9999.0 -9999.0 -9999.0 -9999.0 -9999.0 7.961420061382811 7.961420061382811 7.961420061382811 7.961420061382811 7.961420061382811 7.961420061382811 7.961420061382811 7.961420061382811 7.961420061382811 7.961420061382811 7.961420061382811 21.490933813360144 22.1334110973979 22.775888381435657 23.418365665474507 24.06084294951226 24.703320233550016 25.345797517587773 25.98827480162553 26.630752085663282 27.27322936970104 27.915706653738795 28.558183937776548 7.961420061382811 7.961420061382811 7.961420061382811
-9999.0 -9999.0 -9999.0 -9999.0 -9999.0 -9999.0 -9999.0 -9999.0 -9999.0 -9999.0 -9999.0 -9999.0 -9999.0 -9999.0 -9999.0 -9999.0 -9999.0 -9999.0 -9999.0 -9999.0 -9999.0 7.961420061382811 -9999.0 7.961420061382811 7.961420061382811 7.961420061382811 7.961420061382811 7.961420061382811 7.961420061382811 7.961420061382811 21.30545190746407 21.98471310792722 22.663974308390365 23.343235508854672 24.02249670931782 24.701757909780966 25.381019110244115 26.06028031070726 26.73954151117041 27.418802711633553 28.098063912096702 28.77732511255985 7.961420061382811 7.961420061382811 7.961420061382811
-9999.0 -9999.0 -9999.0 -9999.0 -9999.0 -9999.0 -9999.0 -9999.0 -9999.0 -9999.0 -9999.0 -9999.0 -9999.0 -9999.0 -9999.0 -9999.0 -9999.0 -9999.0 -9999.0 -9999.0 -9999.0 -9999.0 -9999.0 -9999.0 -9999.0 7.961420061382811 7.961420061382811 7.961420061382811 7.961420061382811 7.961420061382811 21.119970001568 21.836015118456537 22.552060235345078 23.268105352234837 23.984150469123378 24.700195586011915 25.416240702900456 26.132285819788994 26.848330936677534 27.564376053566072 28.280421170454613 28.996466287343154 7.961420061382811 7.961420061382811 7.961420061382811
-9999.0 -9999.0 -9999.0 -9999.0 -9999.0 -9999.0 -9999.0 -9999.0 -9999.0 -9999.0 -9999.0 -9999.0 -9999.0 -9999.0 -9999.0 -9999.0 -9999.0 -9999.0 -9999.0 -9999.0 -9999.0 -9999.0 -9999.0 -9999.0 -9999.0 7.961420061382811 7.961420061382811 7.961420061382811 7.961420061382811 7.961420061382811 20.934488095671924 21.687317128985853 22.440146162299786 23.192975195615002 23.94580422892893 24.698633262242865 25.451462295556794 26.204291328870724 26.957120362184657 27.70994939549859 28.46277842881252 29.21560746212645 7.961420061382811 7.961420061382811 7.961420061382811
-9999.0 -9999.0 -9999.0 -9999.0 -9999.0 -9999.0 -9999.0 -9999.0 -9999.0 -9999.0 -9999.0 -9999.0 -9999.0 -9999.0 -9999.0 -9999.0 -9999.0 -9999.0 -9999.0 -9999.0 -9999.0 -9999.0 -9999.0 -9999.0 -9999.0 -9999.0 7.961420061382811 7.961420061382811 7.961420061382811 7.961420061382811 7.961420061382811 7.961420061382811 7.961420061382811 7.961420061382811 7.961420061382811 7.961420061382811 7.961420061382811 7.961420061382811 7.961420061382811 7.961420061382811 7.961420061382811 7.961420061382811 7.961420061382811 7.961420061382811 7.961420061382811
-9999.0 -9999.0 -9999.0 -9999.0 -9999.0 -9999.0 -9999.0 -9999.0 -9999.0 -9999.0 -9999.0 -9999.0 -9999.0 -9999.0 -9999.0 -9999.0 -9999.0 -9999.0 -9999.0 -9999.0 -9999.0 -9999.0 -9999.0 -9999.0 -9999.0 -9999.0 -9999.0 7.961420061382811 7.961420061382811 7.961420061382811 7.961420061382811 7.961420061382811 7.961420061382811 7.961420061382811 7.961420061382811 7.961420061382811 7.961420061382811 7.961420061382811 7.961420061382811 7.961420061382811 7.961420061382811 7.961420061382811 7.961420061382811 7.961420061382811 7.961420061382811
-9999.0 -9999.0 -9999.0 -9999.0 -9999.0 -9999.0 -9999.0 -9999.0 -9999.0 -9999.0 -9999.0 -9999.0 -9999.0 -9999.0 -9999.0 -9999.0 -9999.0 -9999.0 -9999.0 -9999.0 -9999.0 -9999.0 -9999.0 -9999.0 -9999.0 -9999.0 -9999.0 -9999.0 7.961420061382811 7.961420061382811 7.961420061382811 7.961420061382811 7.961420061382811 7.961420061382811 7.961420061382811 7.961420061382811 7.961420061382811 7.961420061382811 7.961420061382811 7.961420061382811 7.961420061382811 7.961420061382811 7.961420061382811 7.961420061382811 7.961420061382811
