Figures/CREST_Example_wjb_NSE/Rolling_result/20100722/BJP_forecast/ens_34/wjb.rain.20090906.asc
ncols            288
nrows            254
xllcorner        113.274861
yllcorner        31.4918055
cellsize         0.008333333333
NODATA_value     -9999
[rows 22 to 43 of 254, columns 98 to 146 of 288]
0.0 0.0005506410442961641 0.0016899298153128888 0.0028292185863296134 0.003968507357346338 0.005107796128363063 0.00624708489938173 0.0073863736703984545 0.008525662441415179 0.009664951212431903 0.010804239983448628 0.011943528754465353 0.013082817525482078 0.013671465252750517 0.013671465252750517 0.013671465252750517 0.013671465252750517 0.013671465252750517 0.013671465252750517 0.013671465252750517 0.013671465252750517 0.013671465252750517 0.013671465252750517 0.013671465252750517 0.013671465252750517 0.018076234135799764 -9999.0 0.03630336699969622 -9999.0 -9999.0 -9999.0 -9999.0 -9999.0 -9999.0 -9999.0 -9999.0 -9999.0 -9999.0 -9999.0 -9999.0 -9999.0 -9999.0 -9999.0 -9999.0 -9999.0 -9999.0 -9999.0 -9999.0 -9999.0
0.0 0.0003318426979561368 0.0010184327432161445 0.0017050227884761525 0.0023916128337361604 0.003078202878996168 0.0037647929242573468 0.004451382969517355 0.005137973014777362 0.0058245630600373705 0.006511153105297378 0.0071977431505573855 0.007884333195817394 0.008239080543451443 0.008239080543451443 0.008239080543451443 0.008239080543451443 0.008239080543451443 0.008239080543451443 0.008239080543451443 0.008239080543451443 0.008239080543451443 0.008239080543451443 0.008239080543451443 0.008239080543451443 0.013277364674141302 0.023701688480271675 0.03412601228640205 0.04455033609253242 -9999.0 -9999.0 -9999.0 -9999.0 -9999.0 -9999.0 -9999.0 -9999.0 -9999.0 -9999.0 -9999.0 -9999.0 -9999.0 -9999.0 -9999.0 -9999.0 -9999.0 -9999.0 -9999.0 -9999.0
0.0 0.00011304435161610949 0.0003469356711194004 0.0005808269906226913 0.0008147183101259822 0.001048609629629273 0.0012825009491329628 0.0015163922686362537 0.0017502835881395447 0.0019841749076428355 0.0022180662271461264 0.0024519575466494174 0.0026858488661527084 0.002806695834152367 0.002806695834152367 0.002806695834152367 0.002806695834152367 0.002806695834152367 0.002806695834152367 0.002806695834152367 0.002806695834152367 0.002806695834152367 0.002806695834152367 0.002806695834152367 0.002806695834152367 0.008478495212482838 0.020213576392795352 0.03194865757310787 0.04368373875342039 -9999.0 -9999.0 -9999.0 -9999.0 -9999.0 -9999.0 -9999.0 -9999.0 -9999.0 -9999.0 -9999.0 -9999.0 -9999.0 -9999.0 -9999.0 -9999.0 -9999.0 -9999.0 -9999.0 -9999.0
0.04058436278623112 0.03894975994786976 0.03556772971581985 0.03218569948376994 0.028803669251720024 0.02542163901967011 0.02203960878761443 0.01865757855556452 0.015275548323514604 0.011893518091464692 0.00851148785941478 0.005129457627364865 0.0017474273953149572 0.0 0.0 0.0 0.0 0.0 0.0 0.0 0.0 0.0 0.0 0.0 0.0 0.006349294113519586 0.019486127222338938 0.03262296033115829 0.045759793439977645 -9999.0 -9999.0 -9999.0 -9999.0 -9999.0 -9999.0 -9999.0 -9999.0 -9999.0 -9999.0 -9999.0 -9999.0 -9999.0 -9999.0 -9999.0 -9999.0 -9999.0 -9999.0 -9999.0 -9999.0
0.1245508501806104 0.11953435714614005 0.1091551196315066 0.09877588211687316 0.08839664460223971 0.07801740708760627 0.06763816957295511 0.057258932058321665 0.04687969454368822 0.03650045702905477 0.026121219514421312 0.015741981999787866 0.005362744485154419 0.0 0.0 0.0 0.0 0.0 0.0 0.0 0.0 0.0 0.0 0.0 0.0 0.007073800147594466 0.021709652625465908 0.036345505103337346 0.05098135758120879 -9999.0 -9999.0 -9999.0 -9999.0 -9999.0 -9999.0 -9999.0 -9999.0 -9999.0 -9999.0 -9999.0 -9999.0 -9999.0 -9999.0 -9999.0 -9999.0 -9999.0 -9999.0 -9999.0 -9999.0
0.2085173375750614 0.20011895434447918 0.18274250954725624 0.16536606475003326 0.1479896199528103 0.13061317515558735 0.11323673035833474 0.09586028556111179 0.07848384076388884 0.06110739596666587 0.04373095116944292 0.02635450637221995 0.008978061574996976 0.0 0.0 0.0 0.0 0.0 0.0 0.0 0.0 0.0 0.0 0.0 0.0 0.007798306181669962 0.02393317802859477 0.040068049875519575 0.05620292172244438 0.07233779356936919 0.08847266541629399 0.1046075372632188 -9999.0 -9999.0 -9999.0 -9999.0 -9999.0 -9999.0 -9999.0 -9999.0 -9999.0 -9999.0 -9999.0 -9999.0 -9999.0 -9999.0 -9999.0 -9999.0 -9999.0
0.2924838249694407 0.28070355154274945 0.256329899462943 0.23195624738313647 0.20758259530332998 0.1832089432235235 0.15883529114367542 0.13446163906386893 0.11008798698406244 0.08571433490425595 0.06134068282444943 0.03696703074464297 0.012593378664836452 0.0 0.0 0.0 0.0 0.0 0.0 0.0 0.0 0.0 0.0 0.0 0.0 0.00852281221574484 0.026156703431721735 0.043790594647698626 0.06142448586367552 0.07905837707965242 0.09669226829562931 0.11432615951160621 0.13196005072761316 0.14959394194359008 0.16722783315956696 -9999.0 -9999.0 -9999.0 -9999.0 -9999.0 -9999.0 -9999.0 -9999.0 -9999.0 -9999.0 -9999.0 -9999.0 -9999.0 -9999.0
0.37645031236382 0.3612881487410198 0.32991728937862974 0.2985464300162397 0.26717557065384967 0.23580471129145963 0.2044338519290161 0.17306299256662608 0.14169213320423604 0.11032127384184598 0.078950414479456 0.047579555117065964 0.016208695754675928 0.0 0.0 0.0 0.0 0.0 0.0 0.0 0.0 0.0 0.0 0.0 0.0 0.009247318249819721 0.028380228834848708 0.04751313941987769 0.06664605000490668 0.08577896058993567 0.10491187117496466 0.12404478175999364 0.14317769234505526 0.16231060293008423 0.18144351351511323 0.2005764241001422 0.2197093346851712 -9999.0 -9999.0 -9999.0 -9999.0 -9999.0 -9999.0 -9999.0 -9999.0 -9999.0 -9999.0 -9999.0 -9999.0
0.4604167997581994 0.44187274593929016 0.4035046792943166 0.36513661264934305 0.32676854600436944 0.2884004793593959 0.2500324127143569 0.2116643460693833 0.17329627942440973 0.13492821277943617 0.09656014613446257 0.05819207948948901 0.01982401284451546 0.0 0.0 0.0 0.0 0.0 0.0 0.0 0.0 0.0 0.0 0.0 0.0 0.009971824283894598 0.030603754237975667 0.05123568419205674 0.0718676141461378 0.09249954410021888 0.11313147405429995 0.13376340400838102 0.15439533396249727 0.17502726391657836 0.19565919387065941 0.2162911238247405 0.23692305377882156 0.2473177032704479 0.24676846841269653 0.24621923355494518 -9999.0 -9999.0 -9999.0 -9999.0 -9999.0 -9999.0 -9999.0 -9999.0 -9999.0
0.5443832871525787 0.5224573431375604 0.47709206921000336 0.43172679528244623 0.3863615213548891 0.34099624742733203 0.2956309734996975 0.2502656995721404 0.20490042564458333 0.1595351517170262 0.11416987778946908 0.06880460386191195 0.023439329934354824 0.0 0.0 0.0 0.0 0.0 0.0 0.0 0.0 0.0 0.0 0.0 0.0 0.010696330317969476 0.03282727964110264 0.05495822896423579 0.07708917828736896 0.09922012761050211 0.12135107693363527 0.14348202625676842 0.16561297557993931 0.18774392490307248 0.20987487422620565 0.2320058235493388 0.25413677287247194 0.26514577533140876 0.2642651650491408 0.2633845547668729 -9999.0 -9999.0 -9999.0 -9999.0 -9999.0 -9999.0 -9999.0 -9999.0 -9999.0
0.628349774546958 0.6030419403358308 0.55067945912569 0.49831697791554946 0.4459544967054088 0.3935920154952682 0.3412295342850382 0.2888670530748976 0.23650457186475693 0.18414209065461629 0.13177960944447564 0.079417128234335 0.027054647024194356 0.0 0.0 0.0 0.0 0.0 0.0 0.0 0.0 0.0 0.0 0.0 0.0 0.011420836352044357 0.03505080504422961 0.05868077373641486 0.0823107424286001 0.10594071112078536 0.1295706798129706 0.15320064850515586 0.1768306171973814 0.20046058588956667 0.2240905545817519 0.24772052327393715 0.27135049196612243 0.2829738473923697 0.2817618616855851 0.28054987597880054 -9999.0 -9999.0 -9999.0 -9999.0 -9999.0 -9999.0 -9999.0 -9999.0 -9999.0
0.712316261941409 0.6836265375341699 0.6242668490414397 0.5649071605487096 0.5055474720559794 0.44618778356324923 0.3868280950704179 0.3274684065776877 0.26810871808495756 0.2087490295922274 0.1493893410994972 0.0900296526067671 0.030669964114036885 0.0 0.0 0.0 0.0 0.0 0.0 0.0 0.0 0.0 0.0 0.0 0.0 0.012145342386119853 0.03727433044735847 0.06240331850859708 0.0875323065698357 0.11266129463107431 0.13779028269231292 0.16291927075355153 0.188048258814833 0.21317724687607162 0.23830623493731024 0.2634352229985489 0.28856421105978747 0.3008019194533458 0.2992585583220443 0.29771519719074285 0.2961718360594414 -9999.0 -9999.0 -9999.0 -9999.0 -9999.0 -9999.0 -9999.0 -9999.0
0.7962827493357882 0.7642111347324402 0.6978542389571265 0.6314973431818127 0.565140447406499 0.4987835516311854 0.4324266558557585 0.36606976008044484 0.2997128643051311 0.23335596852981744 0.16699907275450376 0.10064217697918998 0.034285281203876306 0.0 0.0 0.0 0.0 0.0 0.0 0.0 0.0 0.0 0.0 0.0 0.0 0.012869848420194731 0.03949785585048544 0.06612586328077613 0.09275387071106685 0.11938187814135755 0.14600988557164823 0.17263789300193896 0.19926590043227507 0.22589390786256577 0.25252191529285645 0.27914992272314715 0.3057779301534379 0.31862999151430665 0.3167552549584886 0.31488051840267056 0.3130057818468525 0.3111310452910344 -9999.0 -9999.0 -9999.0 -9999.0 -9999.0 -9999.0 -9999.0
0.8802492367301675 0.8447957319307104 0.7714416288728132 0.698087525814916 0.6247334227570187 0.5513793196991215 0.4780252166410992 0.40467111358320196 0.3313170105253047 0.25796290746740747 0.18460880440951033 0.11125470135161308 0.03790059829371584 0.0 0.0 0.0 0.0 0.0 0.0 0.0 0.0 0.0 0.0 0.0 0.0 0.01359435445426961 0.041721381253612404 0.0698484080529552 0.09797543485229798 0.12610246165164077 0.15422948845098355 0.18235651525032637 0.21048354204971712 0.2386105688490599 0.2667375956484027 0.2948646224477455 0.3229916492470883 0.33645806357526753 0.3342519515949329 0.3320458396145982 0.32983972763426356 0.3276336156539289 -9999.0 -9999.0 -9999.0 -9999.0 -9999.0 -9999.0 -9999.0
0.9642157241245468 0.9253803291289807 0.8450290187885 0.7646777084480192 0.6843263981075385 0.6039750877670577 0.5236237774264398 0.44327246708595913 0.3629211567454783 0.2825698464049976 0.20221853606451679 0.12186722572403597 0.04151591538355526 0.0 0.0 0.0 0.0 0.0 0.0 0.0 0.0 0.0 0.0 0.0 0.0 0.014318860488344489 0.04394490665673937 0.07357095282513425 0.10319699899352913 0.132823045161924 0.16244909133031887 0.19207513749871377 0.22170118366715916 0.25132722983555406 0.2809532760039489 0.3105793221723438 0.34020536834073867 0.35428613563622846 0.3517486482313772 0.3492111608265259 0.34667367342167466 0.3441361860168234 0.3415986986119721 -9999.0 -9999.0 -9999.0 -9999.0 -9999.0 -9999.0
1.0075978487730026 0.9670151664180655 0.8830486790236921 0.7990821916293188 0.7151157042349454 0.6311492168405721 0.5471827294460555 0.4632162420516822 0.3792497546573088 0.2952832672629354 0.21131677986856212 0.12735029247418872 0.04338380507981543 0.0 0.0 0.0 0.0 0.0 0.0 0.0 0.0 0.0 0.0 0.0 0.0 0.01469318376962181 0.04509371327222153 0.07549424277482125 0.10589477227742096 0.1362953017800207 0.16669583128262042 0.1970963607852201 0.22749689028787168 0.2578974197904714 0.2882979492930711 0.3186984787956708 0.34909900829827056 0.3634971871925191 0.360788491363713 0.35807979553490693 0.3553710997061008 0.35266240387729475 0.34995370804848863 0.34724501221968257 0.34453631639087645 -9999.0 -9999.0 -9999.0 -9999.0
1.0075978487730026 0.9670151664180655 0.8830486790236921 0.7990821916293188 0.7151157042349454 0.6311492168405721 0.5471827294460555 0.4632162420516822 0.3792497546573088 0.2952832672629354 0.21131677986856212 0.12735029247418872 0.04338380507981543 0.0 0.0 0.0 0.0 0.0 0.0 0.0 0.0 0.0 0.0 0.0 0.0 0.01469318376962181 0.04509371327222153 0.07549424277482125 0.10589477227742096 0.1362953017800207 0.16669583128262042 0.1970963607852201 0.22749689028787168 0.2578974197904714 0.2882979492930711 0.3186984787956708 0.34909900829827056 0.3634971871925191 0.360788491363713 0.35807979553490693 0.3553710997061008 0.35266240387729475 0.34995370804848863 0.34724501221968257 0.34453631639087645 -9999.0 -9999.0 -9999.0 -9999.0
1.0075978487730026 0.9670151664180655 0.8830486790236921 0.7990821916293188 0.7151157042349454 0.6311492168405721 0.5471827294460555 0.4632162420516822 0.3792497546573088 0.2952832672629354 0.21131677986856212 0.12735029247418872 0.04338380507981543 0.0 0.0 0.0 0.0 0.0 0.0 0.0 0.0 0.0 0.0 0.0 0.0 0.01469318376962181 0.04509371327222153 0.07549424277482125 0.10589477227742096 0.1362953017800207 0.16669583128262042 0.1970963607852201 0.22749689028787168 0.2578974197904714 0.2882979492930711 0.3186984787956708 0.34909900829827056 0.3634971871925191 0.360788491363713 0.35807979553490693 0.3553710997061008 0.35266240387729475 0.34995370804848863 0.34724501221968257 0.34453631639087645 -9999.0 -9999.0 -9999.0 -9999.0
1.0075978487730026 0.9670151664180655 0.8830486790236921 0.7990821916293188 0.7151157042349454 0.6311492168405721 0.5471827294460555 0.4632162420516822 0.3792497546573088 0.2952832672629354 0.21131677986856212 0.12735029247418872 0.04338380507981543 0.0 0.0 0.0 0.0 0.0 0.0 0.0 0.0 0.0 0.0 0.0 0.0 0.01469318376962181 0.04509371327222153 0.07549424277482125 0.10589477227742096 0.1362953017800207 0.16669583128262042 0.1970963607852201 0.22749689028787168 0.2578974197904714 0.2882979492930711 0.3186984787956708 0.34909900829827056 0.3634971871925191 0.360788491363713 0.35807979553490693 0.3553710997061008 0.35266240387729475 0.34995370804848863 0.34724501221968257 0.34453631639087645 -9999.0 -9999.0 -9999.0 -9999.0
1.0075978487730026 0.9670151664180655 0.8830486790236921 0.7990821916293188 0.7151157042349454 0.6311492168405721 0.5471827294460555 0.4632162420516822 0.3792497546573088 0.2952832672629354 0.21131677986856212 0.12735029247418872 0.04338380507981543 0.0 0.0 0.0 0.0 0.0 0.0 0.0 0.0 0.0 0.0 0.0 0.0 0.01469318376962181 0.04509371327222153 0.07549424277482125 0.10589477227742096 0.1362953017800207 0.16669583128262042 0.1970963607852201 0.22749689028787168 0.2578974197904714 0.2882979492930711 0.3186984787956708 0.34909900829827056 0.3634971871925191 0.360788491363713 0.35807979553490693 0.3553710997061008 0.35266240387729475 0.34995370804848863 0.34724501221968257 0.34453631639087645 0.3418276205620657 -9999.0 -9999.0 -9999.0
1.0075978487730026 0.9670151664180655 0.8830486790236921 0.7990821916293188 0.7151157042349454 0.6311492168405721 0.5471827294460555 0.4632162420516822 0.3792497546573088 0.2952832672629354 0.21131677986856212 0.12735029247418872 0.04338380507981543 0.0 0.0 0.0 0.0 0.0 0.0 0.0 0.0 0.0 0.0 0.0 0.0 0.01469318376962181 0.04509371327222153 0.07549424277482125 0.10589477227742096 0.1362953017800207 0.16669583128262042 0.1970963607852201 0.22749689028787168 0.2578974197904714 0.2882979492930711 0.3186984787956708 0.34909900829827056 0.3634971871925191 0.360788491363713 0.35807979553490693 0.3553710997061008 0.35266240387729475 0.34995370804848863 0.34724501221968257 0.34453631639087645 0.3418276205620657 0.33911892473325966 0.33641022890445355 0.3337015330756475
1.0075978487730026 0.9670151664180655 0.8830486790236921 0.7990821916293188 0.7151157042349454 0.6311492168405721 0.5471827294460555 0.4632162420516822 0.3792497546573088 0.2952832672629354 0.21131677986856212 0.12735029247418872 0.04338380507981543 0.0 0.0 0.0 0.0 0.0 0.0 0.0 0.0 0.0 0.0 0.0 0.0 0.01469318376962181 0.04509371327222153 0.07549424277482125 0.10589477227742096 0.1362953017800207 0.16669583128262042 0.1970963607852201 0.22749689028787168 0.2578974197904714 0.2882979492930711 0.3186984787956708 0.34909900829827056 0.3634971871925191 0.360788491363713 0.35807979553490693 0.3553710997061008 0.35266240387729475 0.34995370804848863 0.34724501221968257 0.34453631639087645 0.3418276205620657 0.33911892473325966 0.33641022890445355 0.3337015330756475
