Figures/CREST_Example_wjb_NSE/Rolling_result/20100722/BJP_forecast/ens_34/wjb.rain.20100722.asc
ncols            288
nrows            254
xllcorner        113.274861
yllcorner        31.4918055
cellsize         0.008333333333
NODATA_value     -9999
[rows 40 to 59 of 254, columns 0 to 44 of 288]
-9999.0 -9999.0 -9999.0 -9999.0 -9999.0 -9999.0 -9999.0 -9999.0 -9999.0 -9999.0 -9999.0 -9999.0 -9999.0 -9999.0 42.61640822814692 42.61640822814692 42.61640822814692 42.61640822814692 42.61640822814692 42.61640822814692 42.61640822814692 42.61640822814692 42.61640822814692 42.61640822814692 42.61640822814692 42.61640822814692 42.61640822814692 32.81313898290587 32.58638437554811 32.359629768190345 32.13287516083259 31.906120553474825 31.679365946117063 31.4526113387593 31.225856731401542 30.99910212404378 30.77234751668602 30.545592909328256 30.318838301970494 29.921704104544105 29.34243027468818 28.76315644483226 28.183882614976334 27.60460878512041 27.025334955264483
-9999.0 -9999.0 -9999.0 -9999.0 -9999.0 -9999.0 -9999.0 -9999.0 -9999.0 -9999.0 -9999.0 -9999.0 -9999.0 -9999.0 -9999.0 42.61640822814692 42.61640822814692 42.61640822814692 42.61640822814692 42.61640822814692 42.61640822814692 42.61640822814692 42.61640822814692 42.61640822814692 42.61640822814692 42.61640822814692 42.61640822814692 32.85040672145674 32.61733674144347 32.38426676143019 32.151196781416914 31.918126801403634 31.685056821390358 31.45198684137708 31.2189168613638 30.985846881350525 30.75277690133725 30.519706921323973 30.286636941310697 29.882878158649145 29.296649188322114 28.710420217995082 28.124191247668048 27.537962277341016 26.95173330701398
-9999.0 -9999.0 -9999.0 -9999.0 -9999.0 -9999.0 -9999.0 -9999.0 -9999.0 -9999.0 -9999.0 -9999.0 -9999.0 -9999.0 -9999.0 42.61640822814692 42.61640822814692 42.61640822814692 42.61640822814692 42.61640822814692 42.61640822814692 42.61640822814692 42.61640822814692 42.61640822814692 42.61640822814692 42.61640822814692 42.61640822814692 32.88767446000761 32.64828910733882 32.40890375467003 32.16951840200123 31.930133049332444 31.69074769666365 31.45136234399486 31.211976991326065 30.972591638657274 30.733206285988484 30.49382093331969 30.2544355806509 29.844052212754185 29.250868101956044 28.657683991157903 28.06449988035976 27.47131576956162 26.87813165876348
-9999.0 -9999.0 -9999.0 -9999.0 -9999.0 -9999.0 -9999.0 -9999.0 -9999.0 -9999.0 -9999.0 -9999.0 -9999.0 -9999.0 -9999.0 -9999.0 42.61640822814692 42.61640822814692 42.61640822814692 42.61640822814692 42.61640822814692 42.61640822814692 42.61640822814692 42.61640822814692 42.61640822814692 42.61640822814692 42.61640822814692 32.924942198558476 32.67924147323417 32.433540747909866 32.187840022585554 31.94213929726125 31.69643857193694 31.450737846612633 31.205037121288328 30.95933639596402 30.71363567063971 30.467934945315406 30.222234219991098 29.805226266859226 29.205087015589974 28.604947764320723 28.004808513051476 27.404669261782225 26.804530010512977
-9999.0 -9999.0 -9999.0 -9999.0 -9999.0 -9999.0 -9999.0 -9999.0 -9999.0 -9999.0 -9999.0 -9999.0 -9999.0 -9999.0 -9999.0 -9999.0 -9999.0 42.61640822814692 42.61640822814692 42.61640822814692 42.61640822814692 42.61640822814692 42.61640822814692 42.61640822814692 42.61640822814692 42.61640822814692 42.61640822814692 32.96220993710936 32.71019383912953 32.45817774114971 32.206161643169885 31.954145545190062 31.70212944721024 31.450113349230417 31.19809725125059 30.946081153270768 30.694065055290945 30.442048957311123 30.1900328593313 29.766400320964266 29.159305929223905 28.552211537483547 27.94511714574319 27.338022754002832 26.730928362262475
-9999.0 -9999.0 -9999.0 -9999.0 -9999.0 -9999.0 -9999.0 -9999.0 -9999.0 -9999.0 -9999.0 -9999.0 -9999.0 -9999.0 -9999.0 -9999.0 -9999.0 42.61640822814692 42.61640822814692 42.61640822814692 42.61640822814692 42.61640822814692 42.61640822814692 42.61640822814692 42.61640822814692 42.61640822814692 42.61640822814692 32.99947767566022 32.74114620502489 32.48281473438955 32.22448326375421 31.966151793118872 31.70782032248353 31.449488851848194 31.191157381212854 30.932825910577517 30.67449443994218 30.41616296930684 30.157831498671502 29.727574375069306 29.11352484285784 28.49947531064637 27.885425778434904 27.27137624622344 26.657326714011973
-9999.0 -9999.0 -9999.0 -9999.0 -9999.0 -9999.0 -9999.0 -9999.0 -9999.0 -9999.0 -9999.0 -9999.0 -9999.0 -9999.0 -9999.0 -9999.0 -9999.0 -9999.0 42.61640822814692 42.61640822814692 42.61640822814692 42.61640822814692 42.61640822814692 42.61640822814692 42.61640822814692 42.61640822814692 42.61640822814692 33.036745414211126 32.77209857092027 32.50745172762941 32.24280488433855 31.97815804104769 31.71351119775683 31.44886435446597 31.184217511175113 30.91957066788425 30.654923824593393 30.390276981302534 30.125630138011672 29.68874842917431 29.06774375649173 28.44673908380915 27.825734411126568 27.204729738443987 26.583725065761406
-9999.0 -9999.0 -9999.0 -9999.0 -9999.0 -9999.0 -9999.0 -9999.0 -9999.0 -9999.0 -9999.0 -9999.0 -9999.0 -9999.0 -9999.0 -9999.0 -9999.0 -9999.0 42.61640822814692 42.61640822814692 42.61640822814692 42.61640822814692 42.61640822814692 42.61640822814692 42.61640822814692 42.61640822814692 42.61640822814692 33.074013152762 32.80305093681562 32.53208872086925 32.26112650492287 31.990164288976498 31.719202073030125 31.44823985708375 31.177277641137373 30.906315425191 30.635353209244624 30.36439099329825 30.093428777351875 29.64992248327935 29.021962670125664 28.394002856971973 27.766043043818282 27.13808323066459 26.510123417510904
-9999.0 -9999.0 -9999.0 -9999.0 -9999.0 -9999.0 -9999.0 -9999.0 -9999.0 -9999.0 -9999.0 -9999.0 -9999.0 -9999.0 -9999.0 -9999.0 -9999.0 -9999.0 -9999.0 42.61640822814692 42.61640822814692 42.61640822814692 42.61640822814692 42.61640822814692 42.61640822814692 42.61640822814692 42.61640822814692 33.111280891312866 32.834003302710975 32.556725714109085 32.279448125507194 32.002170536905304 31.724892948303417 31.447615359701526 31.170337771099636 30.89306018249775 30.615782593895858 30.338505005293968 30.061227416692077 29.611096537384395 28.976181583759594 28.341266630134797 27.706351676509996 27.0714367228852 26.4365217692604
-9999.0 -9999.0 -9999.0 -9999.0 -9999.0 -9999.0 -9999.0 -9999.0 -9999.0 -9999.0 -9999.0 -9999.0 -9999.0 -9999.0 -9999.0 -9999.0 -9999.0 -9999.0 -9999.0 42.61640822814692 42.61640822814692 42.61640822814692 42.61640822814692 42.61640822814692 42.61640822814692 42.61640822814692 42.61640822814692 33.022729889367575 32.75124913535034 32.479768381333116 32.20828762731588 31.936806873298657 31.665326119281428 31.393845365264198 31.122364611246972 30.850883857229743 30.579403103212513 30.307922349195284 30.036441595178054 29.583733000383475 28.93728774797708 28.290842495570686 27.64439724316429 26.997951990757894 26.351506738351496
-9999.0 -9999.0 -9999.0 -9999.0 -9999.0 -9999.0 -9999.0 -9999.0 -9999.0 -9999.0 -9999.0 -9999.0 -9999.0 -9999.0 -9999.0 -9999.0 -9999.0 -9999.0 -9999.0 -9999.0 -9999.0 -9999.0 -9999.0 42.61640822814692 42.61640822814692 42.61640822814692 42.61640822814692 32.79968658732231 32.54694985369525 32.29421312006819 32.04147638644113 31.788739652814073 31.536002919187013 31.283266185559953 31.030529451932892 30.777792718305832 30.525055984678772 30.272319251051712 30.019582517424652 29.568622055729026 28.905755948793356 28.24288984185769 27.58002373492202 26.91715762798635 26.25429152105068
-9999.0 -9999.0 -9999.0 -9999.0 -9999.0 -9999.0 -9999.0 -9999.0 -9999.0 -9999.0 -9999.0 -9999.0 -9999.0 -9999.0 -9999.0 -9999.0 -9999.0 -9999.0 -9999.0 -9999.0 -9999.0 -9999.0 -9999.0 42.61640822814692 42.61640822814692 42.61640822814692 42.61640822814692 32.57664328527706 32.34265057204017 32.10865785880328 31.874665145566382 31.64067243232949 31.406679719092597 31.172687005855707 30.938694292618813 30.704701579381922 30.47070886614503 30.236716152908137 30.002723439671247 29.553511111074577 28.874224149609635 28.194937188144692 27.51565022667975 26.836363265214803 26.15707630374986
-9999.0 -9999.0 -9999.0 -9999.0 -9999.0 -9999.0 -9999.0 -9999.0 -9999.0 -9999.0 -9999.0 -9999.0 -9999.0 -9999.0 -9999.0 -9999.0 -9999.0 -9999.0 -9999.0 -9999.0 -9999.0 -9999.0 -9999.0 -9999.0 -9999.0 42.61640822814692 42.61640822814692 32.3535999832318 32.13835129038508 31.923102597538357 31.707853904691635 31.49260521184491 31.277356518998186 31.06210782615146 30.84685913330474 30.631610440458015 30.41636174761129 30.201113054764566 29.985864361917844 29.538400166420132 28.842692350425914 28.1469845344317 27.45127671843748 26.75556890244326 26.059861086449047
-9999.0 -9999.0 -9999.0 -9999.0 -9999.0 -9999.0 -9999.0 -9999.0 -9999.0 -9999.0 -9999.0 -9999.0 -9999.0 -9999.0 -9999.0 -9999.0 -9999.0 -9999.0 -9999.0 -9999.0 -9999.0 -9999.0 -9999.0 -9999.0 -9999.0 42.61640822814692 42.61640822814692 32.130556681186356 31.934052008729818 31.73754733627328 31.54104266381674 31.344537991360202 31.14803331890366 30.951528646447123 30.755023973990582 30.558519301534044 30.362014629077503 30.165509956620966 29.969005284164425 29.523289221765673 28.811160551242168 28.099031880718663 27.386903210195154 26.67477453967165 25.962645869148144
-9999.0 -9999.0 -9999.0 -9999.0 -9999.0 -9999.0 -9999.0 -9999.0 -9999.0 -9999.0 -9999.0 -9999.0 -9999.0 -9999.0 -9999.0 -9999.0 -9999.0 -9999.0 -9999.0 -9999.0 -9999.0 -9999.0 -9999.0 -9999.0 -9999.0 42.61640822814692 42.61640822814692 31.907513379141108 31.729752727074736 31.551992075008364 31.374231422941993 31.19647077087562 31.01871011880925 30.840949466742877 30.663188814676506 30.485428162610134 30.307667510543762 30.12990685847739 29.95214620641102 29.508178277111224 28.779628752058446 28.051079227005665 27.322529701952885 26.593980176900104 25.865430651847326
-9999.0 -9999.0 -9999.0 -9999.0 -9999.0 -9999.0 -9999.0 -9999.0 -9999.0 -9999.0 -9999.0 -9999.0 -9999.0 -9999.0 -9999.0 -9999.0 -9999.0 -9999.0 -9999.0 -9999.0 42.61640822814692 42.61640822814692 42.61640822814692 42.61640822814692 42.61640822814692 42.61640822814692 42.61640822814692 31.684470077095853 31.525453445419647 31.366436813743444 31.207420182067242 31.048403550391036 30.889386918714834 30.73037028703863 30.57135365536243 30.412337023686224 30.25332039201002 30.09430376033382 29.935287128657613 29.493067332456775 28.74809695287472 28.00312657329267 27.258156193710615 26.513185814128562 25.768215434546505
-9999.0 -9999.0 -9999.0 -9999.0 -9999.0 -9999.0 -9999.0 -9999.0 -9999.0 -9999.0 -9999.0 -9999.0 -9999.0 -9999.0 -9999.0 -9999.0 -9999.0 -9999.0 -9999.0 42.61640822814692 42.61640822814692 42.61640822814692 42.61640822814692 42.61640822814692 42.61640822814692 42.61640822814692 42.61640822814692 31.461426775050597 31.321154163764565 31.180881552478528 31.040608941192495 30.90033632990646 30.760063718620422 30.61979110733439 30.479518496048353 30.339245884762317 30.198973273476284 30.058700662190247 29.91842805090421 29.47795638780233 28.716565153691004 27.955173919579675 27.193782685468346 26.43239145135702 25.67100021724569
-9999.0 -9999.0 -9999.0 -9999.0 -9999.0 -9999.0 -9999.0 -9999.0 -9999.0 -9999.0 -9999.0 -9999.0 -9999.0 -9999.0 -9999.0 -9999.0 -9999.0 42.61640822814692 42.61640822814692 42.61640822814692 42.61640822814692 42.61640822814692 42.61640822814692 42.61640822814692 42.61640822814692 42.61640822814692 42.61640822814692 31.238383473005342 31.116854882109475 30.99532629121361 30.87379770031774 30.752269109421874 30.630740518526007 30.50921192763014 30.387683336734273 30.266154745838406 30.14462615494254 30.023097564046672 29.901568973150805 29.46284544314788 28.68503335450728 27.907221265866678 27.129409177226076 26.351597088585475 25.57378499994487
-9999.0 -9999.0 -9999.0 -9999.0 -9999.0 -9999.0 -9999.0 -9999.0 -9999.0 -9999.0 -9999.0 -9999.0 -9999.0 -9999.0 -9999.0 42.61640822814692 42.61640822814692 42.61640822814692 42.61640822814692 42.61640822814692 42.61640822814692 42.61640822814692 42.61640822814692 42.61640822814692 42.61640822814692 42.61640822814692 42.61640822814692 31.015340170960087 30.91255560045439 30.809771029948692 30.706986459442994 30.604201888937293 30.501417318431596 30.398632747925898 30.295848177420197 30.1930636069145 30.090279036408802 29.987494465903104 29.884709895397403 29.447734498493435 28.65350155532356 27.859268612153684 27.065035668983807 26.270802725813933 25.476569782644056
-9999.0 -9999.0 -9999.0 -9999.0 -9999.0 -9999.0 -9999.0 -9999.0 -9999.0 -9999.0 -9999.0 -9999.0 -9999.0 -9999.0 42.61640822814692 42.61640822814692 42.61640822814692 42.61640822814692 42.61640822814692 42.61640822814692 42.61640822814692 42.61640822814692 42.61640822814692 42.61640822814692 42.61640822814692 42.61640822814692 42.61640822814692 30.792296868914644 30.70825631879913 30.624215768683616 30.540175218568102 30.456134668452588 30.37209411833707 30.288053568221557 30.204013018106043 30.11997246799053 30.035931917875015 29.951891367759497 29.867850817643983 29.432623553838976 28.621969756139812 27.811315958440645 27.00066216074148 26.190008363042317 25.379354565343153
