Figures/CREST_Example_wjb_NSE/Rolling_result/20100722/BJP_forecast/ens_34/wjb.rain.20100725.asc
ncols            288
nrows            254
xllcorner        113.274861
yllcorner        31.4918055
cellsize         0.008333333333
NODATA_value     -9999
[rows 189 to 209 of 254, columns 96 to 143 of 288]
0.0 0.0 0.0 0.0 0.0 0.0 0.0 0.0 0.0 0.0 0.0 0.0 0.0 0.0 0.0 0.0 0.0 0.0 0.0 0.0 0.0 0.0 0.0 0.0 0.0 0.0 0.0 0.007359876433749589 0.022587627217230857 0.03781537800071213 0.0530431287841934 0.06827087956767466 0.08349863035115593 0.0987263811346372 0.11395413191814444 0.1291818827016257 0.144409633485107 0.15963738426858826 0.17486513505206952 0.19154625572500397 0.20978106168040941 0.22801586763581483 0.24625067359122027 0.2644854795466257 0.2827202855020311 0.30095509145743654 0.319189897412842 0.3374247033682785
0.0 0.0 0.0 0.0 0.0 0.0 0.0 0.0 0.0 0.0 0.0 0.0 0.0 0.0 0.0 0.0 0.0 0.0 0.0 0.0 0.0 0.0 0.0 0.0 0.0 0.0 0.0 0.005267016606852994 0.016164593078901602 0.027062169550950213 0.03795974602299882 0.04885732249504743 0.059754898967096036 0.07065247543914464 0.08155005191121184 0.09244762838326046 0.10334520485530906 0.11424278132735767 0.12514035779940627 0.14358348078818234 0.17009296365981677 0.1966024465314512 0.22311192940308563 0.24962141227472007 0.2761308951463545 0.30264037801798893 0.3291498608896234 0.35565934376130304
0.0 0.0 0.0 0.0 0.0 0.0 0.0 0.0 0.0 0.0 0.0 0.0 0.0 0.0 0.0 0.0 0.0 0.0 0.0 0.0 0.0 0.0 0.0 0.0 0.0 0.0 0.0 0.0031741567799564003 0.00974155894057235 0.016308961101188298 0.02287636326180425 0.029443765422420196 0.036011167583036144 0.042578569743652095 0.049145971904279245 0.055713374064895196 0.06228077622551114 0.0688481783861271 0.07541558054674304 0.0956207058513607 0.13040486563922415 0.16518902542708758 0.19997318521495103 0.23475734500281448 0.2695415047906779 0.3043256645785414 0.3391098243664048 0.37389398415432756
0.0 0.0 0.0 0.0 0.0 0.0 0.0 0.0 0.0 0.0 0.0 0.0 0.0 0.0 0.0 0.0 0.0 0.0 0.0 0.0 0.0 0.0 0.0 0.0 0.0 0.0 0.0 0.001081296953059806 0.0033185248022430955 0.005555752651426385 0.007792980500609674 0.010030208349792964 0.012267436198976253 0.014504664048159543 0.016741891897346647 0.018979119746529938 0.021216347595713225 0.023453575444896516 0.025690803294079804 0.04765793091453907 0.09071676761863151 0.13377560432272395 0.1768344410268164 0.21989327773090883 0.26295211443500127 0.3060109511390937 0.34906978784318615 0.392128624547352
0.0 0.0 0.0 1.4087207280128617 1.4087207280128617 1.4087207280128617 1.4087207280128617 1.4087207280128617 1.4087207280128617 1.4087207280128617 1.4087207280128617 1.4087207280128617 1.4087207280128617 1.4087207280128617 1.4087207280128617 1.4087207280128617 1.4087207280128617 1.4087207280128617 1.4087207280128617 1.4087207280128617 1.4087207280128617 1.4087207280128617 1.4087207280128617 1.4087207280128617 1.4087207280128617 1.4087207280128617 1.4087207280128617 0.0012876245466205017 0.003951748852935885 0.006615873159251268 0.009279997465566651 0.011944121771882034 0.014608246078197417 0.0172723703845128 0.019936494690832727 0.02260061899714811 0.025264743303463493 0.027928867609778876 0.03059299191609426 0.05537601223085678 0.10380463263835261 0.15223325304584845 0.2006618734533443 0.24909049386084012 0.29751911426833594 0.3459477346758318 0.39437635508332763 0.442804975490906
0.0 0.0 0.0 1.4087207280128617 1.4087207280128617 1.4087207280128617 1.4087207280128617 1.4087207280128617 1.4087207280128617 1.4087207280128617 1.4087207280128617 1.4087207280128617 1.4087207280128617 1.4087207280128617 1.4087207280128617 1.4087207280128617 1.4087207280128617 1.4087207280128617 1.4087207280128617 1.4087207280128617 1.4087207280128617 1.4087207280128617 1.4087207280128617 1.4087207280128617 1.4087207280128617 1.4087207280128617 1.4087207280128617 0.003951638574268513 0.012127668149903034 0.020303697725537553 0.028479727301172073 0.0366557568768066 0.04483178645244112 0.05300781602807564 0.0611838456037241 0.06935987517935861 0.07753590475499314 0.08571193433062765 0.09388796390626218 0.12261341930291977 0.17330667566548608 0.2239999320280524 0.27469318839061874 0.325386444753185 0.37607970111575134 0.42677295747831767 0.47746621384088395 0.5281594702035367
0.0 0.0 0.0 1.4087207280128617 1.4087207280128617 1.4087207280128617 1.4087207280128617 1.4087207280128617 1.4087207280128617 1.4087207280128617 1.4087207280128617 1.4087207280128617 1.4087207280128617 1.4087207280128617 1.4087207280128617 1.4087207280128617 1.4087207280128617 1.4087207280128617 1.4087207280128617 1.4087207280128617 1.4087207280128617 1.4087207280128617 1.4087207280128617 1.4087207280128617 1.4087207280128617 1.4087207280128617 1.4087207280128617 0.006615652601915389 0.020303587446866698 0.033991522291818003 0.04767945713676931 0.06136739198172062 0.07505532682667193 0.08874326167162323 0.10243119651659789 0.1161191313615492 0.1298070662065005 0.14349500105145183 0.15718293589640311 0.18985082637495412 0.24280871869258996 0.2957666110102258 0.34872450332786165 0.40168239564549746 0.45464028796313327 0.5075981802807692 0.5605560725984049 0.6135139649161312
0.0 0.0 0.0 1.4087207280128617 1.4087207280128617 1.4087207280128617 1.4087207280128617 1.4087207280128617 1.4087207280128617 1.4087207280128617 1.4087207280128617 1.4087207280128617 1.4087207280128617 1.4087207280128617 1.4087207280128617 1.4087207280128617 1.4087207280128617 1.4087207280128617 1.4087207280128617 1.4087207280128617 1.4087207280128617 1.4087207280128617 1.4087207280128617 1.4087207280128617 1.4087207280128617 1.4087207280128617 1.4087207280128617 0.009279666629562266 0.02847950674383036 0.04767934685809846 0.06687918697236656 0.08607902708663465 0.10527886720090275 0.12447870731517084 0.14367854742947167 0.16287838754373976 0.18207822765800788 0.20127806777227597 0.22047790788654406 0.25708823344698845 0.31231076171969385 0.3675332899923992 0.42275581826510455 0.4779783465378099 0.5332008748105153 0.5884234030832207 0.643645931355926 0.6988684596287256
0.0 0.0 0.0 1.4087207280128617 1.4087207280128617 1.4087207280128617 1.4087207280128617 1.4087207280128617 1.4087207280128617 1.4087207280128617 1.4087207280128617 1.4087207280128617 1.4087207280128617 1.4087207280128617 1.4087207280128617 1.4087207280128617 1.4087207280128617 1.4087207280128617 1.4087207280128617 1.4087207280128617 1.4087207280128617 1.4087207280128617 1.4087207280128617 1.4087207280128617 1.4087207280128617 1.4087207280128617 1.4087207280128617 0.01194368065721028 0.036655426040797516 0.061367171424384755 0.086078916807972 0.11079066219155924 0.13550240757514648 0.1602141529587337 0.1849258983423631 0.20963764372595034 0.23434938910953756 0.2590611344931248 0.28377287987671207 0.3243256405190515 0.38181280474682733 0.4392999689746032 0.49678713320237905 0.5542742974301549 0.6117614616579308 0.6692486258857067 0.7267357901134824 0.7842229543413564
0.0 0.0 0.0 1.4087207280128617 1.4087207280128617 1.4087207280128617 1.4087207280128617 1.4087207280128617 1.4087207280128617 1.4087207280128617 1.4087207280128617 1.4087207280128617 1.4087207280128617 1.4087207280128617 1.4087207280128617 1.4087207280128617 1.4087207280128617 1.4087207280128617 1.4087207280128617 1.4087207280128617 1.4087207280128617 1.4087207280128617 1.4087207280128617 1.4087207280128617 1.4087207280128617 1.4087207280128617 1.4087207280128617 0.014607694684857155 0.04483134533776118 0.0750549959906652 0.10527864664356923 0.13550229729647326 0.16572594794937728 0.1959495986022813 0.22617324925523688 0.2563968999081409 0.2866205505610449 0.31684420121394896 0.34706785186685296 0.39156304759108584 0.4513148477739312 0.5110666479567766 0.5708184481396219 0.6305702483224673 0.6903220485053128 0.7500738486881581 0.8098256488710034 0.8695774490539507
0.0 0.0 0.0 1.4087207280128617 1.4087207280128617 1.4087207280128617 1.4087207280128617 1.4087207280128617 1.4087207280128617 1.4087207280128617 1.4087207280128617 1.4087207280128617 1.4087207280128617 1.4087207280128617 1.4087207280128617 1.4087207280128617 1.4087207280128617 1.4087207280128617 1.4087207280128617 1.4087207280128617 1.4087207280128617 1.4087207280128617 1.4087207280128617 1.4087207280128617 1.4087207280128617 1.4087207280128617 1.4087207280128617 0.017271708712504028 0.05300726463472484 0.08874282055694566 0.12447837647916646 0.16021393240138726 0.1959494883236081 0.2316850442458289 0.26742060016811064 0.3031561560903315 0.33889171201255225 0.3746272679347731 0.4103628238569939 0.4588004546631202 0.5208168908010351 0.58283332693895 0.6448497630768649 0.7068661992147798 0.7688826353526947 0.8308990714906096 0.8929155076285245 0.9549319437665451
0.0 0.0 0.0 1.4087207280128617 1.4087207280128617 1.4087207280128617 1.4087207280128617 1.4087207280128617 1.4087207280128617 1.4087207280128617 1.4087207280128617 1.4087207280128617 1.4087207280128617 1.4087207280128617 1.4087207280128617 1.4087207280128617 1.4087207280128617 1.4087207280128617 1.4087207280128617 1.4087207280128617 1.4087207280128617 1.4087207280128617 1.4087207280128617 1.4087207280128617 1.4087207280128617 1.4087207280128617 1.4087207280128617 0.019935722740152043 0.061183183931691996 0.10243064512323195 0.1436781063147719 0.18492556750631187 0.2261730286978518 0.26742048988939177 0.30866795108100203 0.349915412272542 0.39116287346408196 0.4324103346556219 0.4736577958471619 0.5260378617351832 0.5903189338281686 0.654600005921154 0.7188810780141394 0.7831621501071248 0.84744322220011 0.9117242942930954 0.9760053663860808 1.040286438479176
0.0 0.0 0.0 1.4087207280128617 1.4087207280128617 1.4087207280128617 1.4087207280128617 1.4087207280128617 1.4087207280128617 1.4087207280128617 1.4087207280128617 1.4087207280128617 1.4087207280128617 1.4087207280128617 1.4087207280128617 1.4087207280128617 1.4087207280128617 1.4087207280128617 1.4087207280128617 1.4087207280128617 1.4087207280128617 1.4087207280128617 1.4087207280128617 1.4087207280128617 1.4087207280128617 1.4087207280128617 1.4087207280128617 0.02259973676779892 0.06935910322865567 0.11611846968951241 0.16287783615036916 0.2096372026112259 0.25639656907208264 0.3031559355329394 0.3499153019938759 0.3966746684547326 0.44343403491558936 0.49019340137644607 0.5369527678373028 0.5932752688072176 0.6598209768552725 0.7263666849033275 0.7929123929513823 0.8594581009994372 0.926003809047492 0.992549517095547 1.0590952251436019 1.1256409331917703
0.0 0.0 0.0 1.4087207280128617 1.4087207280128617 1.4087207280128617 1.4087207280128617 -9999.0 -9999.0 -9999.0 1.4087207280128617 1.4087207280128617 1.4087207280128617 1.4087207280128617 1.4087207280128617 1.4087207280128617 1.4087207280128617 1.4087207280128617 1.4087207280128617 1.4087207280128617 1.4087207280128617 1.4087207280128617 1.4087207280128617 1.4087207280128617 1.4087207280128617 1.4087207280128617 1.4087207280128617 0.025263750795445798 0.07753502252561933 0.12980629425579288 0.1820775659859664 0.23434883771613993 0.28662010944631344 0.338891381176487 0.3911626529067497 0.4434339246369232 0.49570519636709676 0.5479764680972703 0.6002477398274438 0.6605126758792519 0.7293230198823764 0.7981333638855007 0.8669437078886252 0.9357540518917495 1.004564395894874 1.0733747398979985 1.142185083901123 1.2109954279043644
0.0 0.0 0.0 1.4087207280128617 1.4087207280128617 1.4087207280128617 1.4087207280128617 -9999.0 -9999.0 -9999.0 -9999.0 1.4087207280128617 1.4087207280128617 -9999.0 1.4087207280128617 1.4087207280128617 1.4087207280128617 1.4087207280128617 1.4087207280128617 1.4087207280128617 1.4087207280128617 1.4087207280128617 1.4087207280128617 1.4087207280128617 1.4087207280128617 1.4087207280128617 1.4087207280128617 0.027927764823092675 0.085710941822583 0.14349411882207333 0.20127729582156365 0.259060472821054 0.3168436498205443 0.3746268268200346 0.43241000381962347 0.4901931808191138 0.5479763578186041 0.6057595348180944 0.6635427118175847 0.7277500829512863 0.7988250629094802 0.8699000428676741 0.9409750228258681 1.012050002784062 1.083124982742256 1.1541999627004498 1.2252749426586438 1.296349922616959
0.0 0.0 0.0 1.4087207280128617 1.4087207280128617 1.4087207280128617 -9999.0 -9999.0 -9999.0 -9999.0 -9999.0 -9999.0 -9999.0 -9999.0 -9999.0 1.4087207280128617 1.4087207280128617 1.4087207280128617 1.4087207280128617 1.4087207280128617 1.4087207280128617 1.4087207280128617 1.4087207280128617 1.4087207280128617 1.4087207280128617 1.4087207280128617 1.4087207280128617 0.030591778850740686 0.09388686111955015 0.1571819433883596 0.22047702565716906 0.2837721079259785 0.347067190194788 0.4103622724635974 0.47365735473251486 0.5369524370013243 0.6002475192701338 0.6635426015389432 0.7268376838077527 0.7949874900233492 0.8683271059366137 0.9416667218498782 1.0150063377631426 1.088345953676407 1.1616855695896715 1.235025185502936 1.3083648014162004 1.3817044173295898
1.4087207280128617 1.4087207280128617 1.4087207280128617 1.4087207280128617 1.4087207280128617 1.4087207280128617 -9999.0 -9999.0 -9999.0 -9999.0 -9999.0 -9999.0 -9999.0 -9999.0 -9999.0 -9999.0 1.4087207280128617 1.4087207280128617 1.4087207280128617 1.4087207280128617 1.4087207280128617 1.4087207280128617 1.4087207280128617 1.4087207280128617 1.4087207280128617 1.4087207280128617 1.4087207280128617 0.032272642270007354 0.09904546896565129 0.16581829566129525 0.23259112235693916 0.2993639490525831 0.36613677574822706 0.432909602443871 0.4996824291396288 0.5664552558352727 0.6332280825309167 0.7000009092265606 0.7667737359222045 0.8390538405787358 0.9172213499327226 0.9953888592867096 1.0735563686406966 1.1517238779946835 1.2298913873486703 1.3080588967026574 1.3862264060566443 1.4643939154107646
1.4087207280128617 1.4087207280128617 1.4087207280128617 1.4087207280128617 1.4087207280128617 1.4087207280128617 1.4087207280128617 -9999.0 -9999.0 -9999.0 -9999.0 -9999.0 -9999.0 -9999.0 -9999.0 -9999.0 1.4087207280128617 1.4087207280128617 1.4087207280128617 1.4087207280128617 1.4087207280128617 1.4087207280128617 1.4087207280128617 1.4087207280128617 1.4087207280128617 1.4087207280128617 1.4087207280128617 0.0329025796551346 0.10097876104650792 0.16905494243788124 0.23713112382925455 0.3052073052206279 0.3732834866120012 0.4413596680033745 0.509435849394864 0.5775120307862373 0.6455882121776105 0.7136643935689839 0.7817405749603572 0.8583517921479477 0.9440871556372994 1.0298225191266512 1.1155578826160029 1.2012932461053545 1.2870286095947063 1.3727639730840582 1.4584993365734098 1.5442347000629075
1.4087207280128617 1.4087207280128617 1.4087207280128617 1.4087207280128617 1.4087207280128617 1.4087207280128617 1.4087207280128617 -9999.0 -9999.0 -9999.0 -9999.0 -9999.0 -9999.0 -9999.0 -9999.0 -9999.0 -9999.0 1.4087207280128617 1.4087207280128617 1.4087207280128617 1.4087207280128617 1.4087207280128617 1.4087207280128617 1.4087207280128617 1.4087207280128617 1.4087207280128617 1.4087207280128617 0.03353251704026212 0.10291205312736539 0.17229158921446866 0.24167112530157192 0.3110506613886752 0.38043019747577844 0.44980973356288173 0.5191892696501033 0.5885688057372066 0.6579483418243098 0.7273278779114131 0.7967074139985164 0.8776497437171679 0.9709529613418877 1.0642561789666074 1.1575593965913273 1.250862614216047 1.3441658318407668 1.4374690494654865 1.5307722670902062 1.6240754847150853
1.4087207280128617 1.4087207280128617 1.4087207280128617 1.4087207280128617 1.4087207280128617 1.4087207280128617 1.4087207280128617 -9999.0 -9999.0 -9999.0 -9999.0 -9999.0 -9999.0 -9999.0 -9999.0 -9999.0 -9999.0 -9999.0 -9999.0 -9999.0 -9999.0 1.4087207280128617 1.4087207280128617 1.4087207280128617 1.4087207280128617 1.4087207280128617 1.4087207280128617 0.034162454425389364 0.10484534520822202 0.17552823599105466 0.24621112677388732 0.31689401755672 0.3875769083395526 0.4582597991223853 0.5289426899053384 0.5996255806881711 0.6703084714710038 0.7409913622538364 0.8116742530366691 0.8969476952863799 0.9978187670464644 1.0986898388065491 1.1995609105666336 1.3004319823267183 1.401303054086803 1.5021741258468875 1.6030451976069722 1.7039162693672287
1.4087207280128617 1.4087207280128617 1.4087207280128617 1.4087207280128617 1.4087207280128617 1.4087207280128617 1.4087207280128617 -9999.0 -9999.0 -9999.0 -9999.0 -9999.0 -9999.0 -9999.0 -9999.0 -9999.0 -9999.0 -9999.0 -9999.0 -9999.0 -9999.0 -9999.0 -9999.0 1.4087207280128617 1.4087207280128617 1.4087207280128617 1.4087207280128617 0.03479239181051661 0.10677863728907865 0.1787648827676407 0.2507511282462027 0.32273737372476474 0.39472361920332677 0.4667098646818888 0.5386961101605736 0.6106823556391356 0.6826686011176977 0.7546548465962597 0.8266410920748217 0.9162456468555917 1.0246845727510412 1.1331234986464906 1.24156242454194 1.3500013504373896 1.4584402763328388 1.5668792022282885 1.6753181281237377 1.7837570540193721
