Figures/CREST_Example_wjb_NSE/Rolling_result/20100722/BJP_forecast/ens_34/wjb.rain.20100724.asc
ncols            288
nrows            254
xllcorner        113.274861
yllcorner        31.4918055
cellsize         0.008333333333
NODATA_value     -9999
[rows 20 to 39 of 254, columns 0 to 44 of 288]
-9999.0 -9999.0 -9999.0 -9999.0 -9999.0 -9999.0 -9999.0 -9999.0 -9999.0 -9999.0 -9999.0 -9999.0 -9999.0 -9999.0 -9999.0 -9999.0 -9999.0 -9999.0 -9999.0 -9999.0 -9999.0 -9999.0 -9999.0 3.599809712714732 3.599809712714732 3.599809712714732 3.599809712714732 3.599809712714732 3.599809712714732 3.599809712714732 3.599809712714732 3.599809712714732 3.599809712714732 3.599809712714732 3.599809712714732 3.599809712714732 3.599809712714732 3.599809712714732 3.599809712714732 3.599809712714732 3.599809712714732 3.599809712714732 3.599809712714732 3.599809712714732 3.599809712714732
-9999.0 -9999.0 -9999.0 -9999.0 -9999.0 -9999.0 -9999.0 -9999.0 -9999.0 -9999.0 -9999.0 -9999.0 -9999.0 -9999.0 -9999.0 -9999.0 -9999.0 -9999.0 -9999.0 -9999.0 -9999.0 -9999.0 3.599809712714732 3.599809712714732 3.599809712714732 3.599809712714732 3.599809712714732 3.599809712714732 3.599809712714732 3.599809712714732 3.599809712714732 3.599809712714732 3.599809712714732 3.599809712714732 3.599809712714732 3.599809712714732 3.599809712714732 3.599809712714732 3.599809712714732 3.599809712714732 3.599809712714732 3.599809712714732 3.599809712714732 3.599809712714732 3.599809712714732
-9999.0 -9999.0 -9999.0 -9999.0 -9999.0 -9999.0 -9999.0 -9999.0 -9999.0 -9999.0 -9999.0 -9999.0 -9999.0 -9999.0 -9999.0 -9999.0 -9999.0 -9999.0 -9999.0 -9999.0 -9999.0 -9999.0 -9999.0 3.599809712714732 3.599809712714732 3.599809712714732 3.599809712714732 3.599809712714732 3.599809712714732 3.599809712714732 3.599809712714732 3.599809712714732 3.599809712714732 3.599809712714732 3.599809712714732 3.599809712714732 3.599809712714732 3.599809712714732 3.599809712714732 3.599809712714732 3.599809712714732 3.599809712714732 3.599809712714732 3.599809712714732 3.599809712714732
-9999.0 -9999.0 -9999.0 -9999.0 -9999.0 -9999.0 -9999.0 -9999.0 -9999.0 -9999.0 -9999.0 -9999.0 -9999.0 -9999.0 -9999.0 -9999.0 -9999.0 -9999.0 -9999.0 -9999.0 -9999.0 -9999.0 3.599809712714732 3.599809712714732 3.599809712714732 3.599809712714732 3.599809712714732 3.599809712714732 3.599809712714732 3.599809712714732 3.599809712714732 3.599809712714732 3.599809712714732 3.599809712714732 3.599809712714732 3.599809712714732 3.599809712714732 3.599809712714732 3.599809712714732 3.599809712714732 3.599809712714732 3.599809712714732 3.599809712714732 3.599809712714732 3.599809712714732
-9999.0 -9999.0 -9999.0 -9999.0 -9999.0 -9999.0 -9999.0 -9999.0 -9999.0 -9999.0 -9999.0 -9999.0 -9999.0 -9999.0 -9999.0 -9999.0 -9999.0 -9999.0 -9999.0 -9999.0 -9999.0 -9999.0 3.599809712714732 3.599809712714732 3.599809712714732 3.599809712714732 3.599809712714732 3.599809712714732 3.599809712714732 3.599809712714732 3.599809712714732 3.599809712714732 3.599809712714732 3.599809712714732 3.599809712714732 3.599809712714732 3.599809712714732 3.599809712714732 3.599809712714732 3.599809712714732 3.599809712714732 3.599809712714732 3.599809712714732 3.599809712714732 3.599809712714732
-9999.0 -9999.0 -9999.0 -9999.0 -9999.0 -9999.0 -9999.0 -9999.0 -9999.0 -9999.0 -9999.0 -9999.0 -9999.0 -9999.0 -9999.0 -9999.0 -9999.0 -9999.0 -9999.0 -9999.0 -9999.0 -9999.0 3.599809712714732 3.599809712714732 3.599809712714732 3.599809712714732 3.599809712714732 25.450160634133994 25.433996562485422 25.41783249083685 25.40166841918828 25.385504347539705 25.369340275891133 25.353176204242562 25.337012132593987 25.320848060945416 25.304683989296844 25.288519917648273 25.272355845999698 25.264217364369898 25.26465841985177 25.26509947533364 25.26554053081551 25.265981586297382 25.26642264177925
-9999.0 -9999.0 -9999.0 -9999.0 -9999.0 -9999.0 -9999.0 -9999.0 -9999.0 -9999.0 -9999.0 -9999.0 -9999.0 -9999.0 -9999.0 -9999.0 3.599809712714732 3.599809712714732 3.599809712714732 3.599809712714732 3.599809712714732 3.599809712714732 3.599809712714732 3.599809712714732 3.599809712714732 3.599809712714732 3.599809712714732 25.96849267663233 25.91994995525187 25.87140723387141 25.822864512490945 25.774321791110484 25.725779069730024 25.67723634834956 25.6286936269691 25.58015090558864 25.531608184208174 25.483065462827714 25.43452274144725 25.39993271635394 25.38025843892829 25.360584161502643 25.340909884076993 25.321235606651342 25.30156132922569
-9999.0 -9999.0 -9999.0 -9999.0 -9999.0 -9999.0 -9999.0 -9999.0 -9999.0 -9999.0 -9999.0 -9999.0 -9999.0 -9999.0 -9999.0 -9999.0 3.599809712714732 3.599809712714732 3.599809712714732 3.599809712714732 3.599809712714732 3.599809712714732 3.599809712714732 3.599809712714732 3.599809712714732 3.599809712714732 3.599809712714732 26.48682471913111 26.40590334801873 26.32498197690635 26.244060605793972 26.163139234681594 26.082217863569213 26.001296492456834 25.920375121344456 25.839453750232074 25.758532379119696 25.677611008007318 25.596689636894936 25.535648068338098 25.49585845800491 25.456068847671723 25.416279237338536 25.37648962700535 25.33670001667216
-9999.0 -9999.0 -9999.0 -9999.0 -9999.0 -9999.0 -9999.0 -9999.0 -9999.0 -9999.0 -9999.0 -9999.0 -9999.0 -9999.0 -9999.0 3.599809712714732 3.599809712714732 3.599809712714732 3.599809712714732 3.599809712714732 3.599809712714732 3.599809712714732 3.599809712714732 3.599809712714732 3.599809712714732 3.599809712714732 3.599809712714732 27.005156761629443 26.891856740785173 26.778556719940905 26.665256699096638 26.551956678252367 26.4386566574081 26.32535663656383 26.21205661571956 26.098756594875294 25.985456574031023 25.872156553186755 25.758856532342485 25.671363420322134 25.611458477081428 25.55155353384072 25.491648590600015 25.43174364735931 25.3718387041186
-9999.0 -9999.0 -9999.0 -9999.0 -9999.0 -9999.0 -9999.0 -9999.0 -9999.0 -9999.0 -9999.0 -9999.0 -9999.0 -9999.0 -9999.0 3.599809712714732 3.599809712714732 3.599809712714732 3.599809712714732 3.599809712714732 3.599809712714732 3.599809712714732 3.599809712714732 3.599809712714732 3.599809712714732 3.599809712714732 3.599809712714732 27.52348880412778 27.37781013355162 27.232131462975463 27.086452792399303 26.940774121823146 26.795095451246986 26.64941678067083 26.50373811009467 26.358059439518513 26.212380768942353 26.066702098366196 25.921023427790036 25.807078772306177 25.72705849615795 25.647038220009723 25.567017943861497 25.48699766771327 25.40697739156504
-9999.0 -9999.0 -9999.0 -9999.0 -9999.0 -9999.0 -9999.0 -9999.0 -9999.0 -9999.0 -9999.0 -9999.0 -9999.0 -9999.0 -9999.0 3.599809712714732 3.599809712714732 3.599809712714732 3.599809712714732 3.599809712714732 3.599809712714732 3.599809712714732 3.599809712714732 3.599809712714732 3.599809712714732 3.599809712714732 3.599809712714732 28.041820846626116 27.863763526318067 27.68570620601002 27.507648885701972 27.329591565393923 27.151534245085877 26.973476924777827 26.795419604469778 26.61736228416173 26.439304963853683 26.261247643545634 26.083190323237588 25.942794124290216 25.84265851523447 25.742522906178724 25.642387297122976 25.54225168806723 25.44211607901148
-9999.0 -9999.0 -9999.0 -9999.0 -9999.0 -9999.0 -9999.0 -9999.0 -9999.0 -9999.0 -9999.0 -9999.0 -9999.0 -9999.0 -9999.0 3.599809712714732 3.599809712714732 3.599809712714732 3.599809712714732 3.599809712714732 3.599809712714732 3.599809712714732 3.599809712714732 3.599809712714732 3.599809712714732 3.599809712714732 3.599809712714732 28.560152889124453 28.349716919084514 28.139280949044576 27.92884497900464 27.718409008964702 27.507973038924764 27.297537068884825 27.08710109884489 26.87666512880495 26.666229158765013 26.455793188725075 26.245357218685136 26.07850947627426 25.958258534310993 25.838007592347726 25.717756650384455 25.59750570842119 25.47725476645792
-9999.0 -9999.0 -9999.0 -9999.0 -9999.0 -9999.0 -9999.0 -9999.0 -9999.0 -9999.0 -9999.0 -9999.0 -9999.0 -9999.0 3.599809712714732 3.599809712714732 3.599809712714732 3.599809712714732 3.599809712714732 3.599809712714732 3.599809712714732 3.599809712714732 3.599809712714732 3.599809712714732 3.599809712714732 3.599809712714732 3.599809712714732 29.07848493162279 28.83567031185096 28.592855692079134 28.350041072307306 28.10722645253548 27.86441183276365 27.621597212991823 27.378782593219995 27.135967973448167 26.89315335367634 26.650338733904512 26.407524114132684 26.2142248282583 26.073858553387513 25.933492278516724 25.793126003645934 25.65275972877515 25.51239345390436
-9999.0 -9999.0 -9999.0 -9999.0 -9999.0 -9999.0 -9999.0 -9999.0 -9999.0 -9999.0 -9999.0 -9999.0 -9999.0 -9999.0 3.599809712714732 3.599809712714732 3.599809712714732 3.599809712714732 3.599809712714732 3.599809712714732 3.599809712714732 3.599809712714732 3.599809712714732 3.599809712714732 3.599809712714732 3.599809712714732 3.599809712714732 29.596816974121566 29.32162370461782 29.046430435114075 28.77123716561033 28.49604389610659 28.220850626602843 27.945657357099098 27.670464087595352 27.39527081809161 27.120077548587865 26.84488427908412 26.569691009580374 26.34994018024246 26.189458572464133 26.028976964685807 25.86849535690748 25.708013749129158 25.547532141350832
-9999.0 -9999.0 -9999.0 -9999.0 -9999.0 -9999.0 -9999.0 -9999.0 -9999.0 -9999.0 -9999.0 -9999.0 -9999.0 -9999.0 3.599809712714732 3.599809712714732 3.599809712714732 3.599809712714732 3.599809712714732 3.599809712714732 3.599809712714732 3.599809712714732 3.599809712714732 3.599809712714732 3.599809712714732 3.599809712714732 3.599809712714732 30.115149016619903 29.807577097384268 29.500005178148633 29.192433258913 28.884861339677364 28.57728942044173 28.269717501206095 27.96214558197046 27.654573662734826 27.34700174349919 27.039429824263557 26.731857905027923 26.4856555322265 26.305058591540654 26.124461650854805 25.94386471016896 25.763267769483114 25.58267082879727
-9999.0 -9999.0 -9999.0 -9999.0 -9999.0 -9999.0 -9999.0 -9999.0 -9999.0 -9999.0 -9999.0 -9999.0 -9999.0 -9999.0 3.599809712714732 3.599809712714732 3.599809712714732 3.599809712714732 3.599809712714732 3.599809712714732 3.599809712714732 3.599809712714732 3.599809712714732 3.599809712714732 3.599809712714732 3.599809712714732 3.599809712714732 30.63348105911824 30.293530490150715 29.95357992118319 29.613629352215668 29.273678783248144 28.93372821428062 28.593777645313097 28.253827076345573 27.91387650737805 27.573925938410525 27.233975369443 26.894024800475478 26.621370884210542 26.420658610617174 26.21994633702381 26.019234063430442 25.818521789837078 25.61780951624371
-9999.0 -9999.0 -9999.0 -9999.0 -9999.0 -9999.0 -9999.0 -9999.0 -9999.0 -9999.0 -9999.0 -9999.0 -9999.0 3.599809712714732 3.599809712714732 3.599809712714732 3.599809712714732 3.599809712714732 3.599809712714732 3.599809712714732 3.599809712714732 3.599809712714732 3.599809712714732 3.599809712714732 3.599809712714732 3.599809712714732 3.599809712714732 31.151813101616575 30.779483882917162 30.407154664217746 30.034825445518333 29.66249622681892 29.290167008119507 28.91783778942009 28.545508570720678 28.173179352021265 27.800850133321852 27.42852091462244 27.056191695923026 26.757086236194578 26.536258629693695 26.315431023192808 26.09460341669192 25.873775810191034 25.65294820369015
-9999.0 -9999.0 -9999.0 -9999.0 -9999.0 -9999.0 -9999.0 -9999.0 -9999.0 -9999.0 -9999.0 -9999.0 3.599809712714732 3.599809712714732 3.599809712714732 3.599809712714732 3.599809712714732 3.599809712714732 3.599809712714732 3.599809712714732 3.599809712714732 3.599809712714732 3.599809712714732 3.599809712714732 3.599809712714732 3.599809712714732 3.599809712714732 31.233566134996547 30.844172191273373 30.454778247550195 30.065384303827017 29.675990360103842 29.286596416380664 28.897202472657487 28.507808528934312 28.118414585211134 27.729020641487956 27.339626697764782 26.950232754041604 26.638840517004393 26.41083386728566 26.182827217566928 25.954820567848195 25.726813918129462 25.49880726841073
-9999.0 -9999.0 -9999.0 -9999.0 -9999.0 -9999.0 -9999.0 -9999.0 -9999.0 -9999.0 -9999.0 -9999.0 -9999.0 3.599809712714732 3.599809712714732 3.599809712714732 3.599809712714732 3.599809712714732 3.599809712714732 3.599809712714732 3.599809712714732 3.599809712714732 3.599809712714732 3.599809712714732 3.599809712714732 3.599809712714732 3.599809712714732 30.8486437369784 30.458554688094758 30.068465639211116 29.678376590327474 29.288287541443836 28.898198492560194 28.508109443676553 28.118020394792914 27.727931345909273 27.33784229702563 26.947753248141993 26.55766419925835 26.249126426744557 26.027768811763007 25.80641119678146 25.585053581799915 25.363695966818366 25.14233835183682
-9999.0 -9999.0 -9999.0 -9999.0 -9999.0 -9999.0 -9999.0 -9999.0 -9999.0 -9999.0 -9999.0 -9999.0 -9999.0 3.599809712714732 3.599809712714732 3.599809712714732 3.599809712714732 3.599809712714732 3.599809712714732 3.599809712714732 3.599809712714732 3.599809712714732 3.599809712714732 3.599809712714732 3.599809712714732 3.599809712714732 3.599809712714732 30.463721338960244 30.07293718491614 29.682153030872033 29.29136887682793 28.900584722783826 28.50980056873972 28.119016414695615 27.72823226065151 27.337448106607408 26.946663952563302 26.555879798519197 26.165095644475095 25.859412336484713 25.644703756240354 25.42999517599599 25.21528659575163 25.00057801550727 24.785869435262907
