Figures/CREST_Example_wjb_NSE/Rolling_result/20100722/BJP_forecast/ens_34/wjb.rain.20100726.asc
ncols            288
nrows            254
xllcorner        113.274861
yllcorner        31.4918055
cellsize         0.008333333333
NODATA_value     -9999
[rows 115 to 137 of 254, columns 153 to 203 of 288]
0.0 0.0 0.0 0.0 0.0 0.0 0.0 0.0 0.0 0.0 0.0 0.0 0.0 0.0 0.0 0.0 0.0 0.0 0.0 0.0 0.0 0.0 0.0 0.0 0.0 0.0 0.0 0.0 0.0 0.0 0.0 0.0 0.0 0.0 0.0 0.0 0.0 0.0 0.0 0.0 0.0 0.0 0.0 0.0 0.0 0.0 0.0 0.0 0.0 0.0 0.0
0.0 0.0 0.0 0.0 0.0 0.0 0.0 0.0 0.0 0.0 0.0 0.0 0.0 0.0 0.0 0.0 0.0 0.0 0.0 0.0 0.0 0.0 0.0 0.0 0.0 0.0 0.0 0.0 0.0 0.0 0.0 0.0 0.0 0.0 0.0 0.0 0.0 0.0 0.0 0.0 0.0 0.0 0.0 0.0 0.0 0.0 0.0 0.0 0.0 0.0 0.0
0.0 0.0 0.0 0.0 0.0 0.0 0.0 0.0 0.0 0.0 0.0 0.0 0.0 0.0 0.0 0.0 0.0 0.0 0.0 0.0 0.0 0.0 0.0 0.0 0.0 0.0 0.0 0.0 0.0 0.0 0.0 0.0 0.0 0.0 0.0 0.0 0.0 0.0 0.0 0.0 0.0 0.0 0.0 0.0 0.0 0.0 0.0 0.0 0.0 0.0 0.0
0.0 0.0 0.0 0.0 0.0 0.0 0.0 0.0 0.0 0.0 0.0 0.0 0.0 0.0 0.0 0.0 0.0 0.0 0.0 0.0 0.0 0.0 0.0 0.0 0.0 0.0 0.0 0.0 0.0 0.0 0.0 0.0 0.0 0.0 0.0 0.0 0.0 0.0 0.0 0.0 0.0 0.0 0.0 0.0 0.0 0.0 0.0 0.0 0.0 0.0 0.0
0.0 0.0 0.0 0.0 0.0 0.0 0.0 0.0 0.0 0.0 0.0 0.0 0.0 0.0 0.0 0.0 0.0 0.0 0.0 0.0 0.0 0.0 0.0 0.0 0.0 0.0 0.0 0.0 0.0 0.0 0.0 0.0 0.0 0.0 0.0 0.0 0.0 0.0 0.0 0.0 0.0 0.0 0.0 0.0 0.0 0.0 0.0 0.0 0.0 0.0 0.0
0.0 0.0 0.0 0.0 0.0 0.0 0.0 0.0 0.0 0.0 0.0 0.0 0.0 0.0 0.0 0.0 0.0 0.0 0.0 0.0 0.0 0.0 0.0 0.0 0.0 0.0 0.0 0.0 0.0 0.0 0.0 0.0 0.0 0.0 0.0 0.0 0.0 0.0 0.0 0.0 0.0 0.0 0.0 0.0 0.0 0.0 0.0 0.0 0.0 0.0 0.0
0.0 0.0 0.0 0.0 0.0 0.0 0.00547228558814356 0.01679456825831362 0.02811685092848368 0.03943913359865374 0.0507614162688238 0.06208369893899386 0.07340598160916392 0.08472826427933398 0.09605054694950405 0.10737282961967409 0.11869511228986347 0.13001739496003353 0.13699806621497476 0.13933745664672192 0.1416768470784691 0.14401623751021625 0.1463556279419634 0.14869501837371057 0.15103440880545774 0.1533737992372049 0.15571318966895203 0.15805258010069922 0.16039197053244636 0.16273136096419752 0.1583043393428213 0.14664387014617467 0.13498340094952804 0.12332293175288139 0.11166246255623476 0.10000199335958812 0.08834152416294148 0.07668105496629485 0.06502058576964821 0.053360116573001576 0.04169964737635494 0.030039178179708304 0.023613587846312456 0.022784201468000115 0.021954815089687774 0.021125428711375432 0.02029604233306309 0.01946665595475075 0.01863726957643841 0.017807883198126068 0.016978496819813726
0.0 0.0 0.0 0.0 0.0 0.0 0.016794099482957552 0.05154147121168867 0.08628884294041979 0.1210362146691509 0.15578358639788203 0.19053095812661314 0.22527832985534427 0.2600257015840754 0.2947730733128065 0.3295204450415376 0.364267816770328 0.3990151884990591 0.4204384285008799 0.4276178702546808 0.43479731200848165 0.4419767537622825 0.4491561955160834 0.45633563726988424 0.46351507902368516 0.47069452077748597 0.4778739625312869 0.4850534042850877 0.4922328460388886 0.4994122877927017 0.48582603752760567 0.45004079266927244 0.41425554781093915 0.37847030295260586 0.3426850580942726 0.3068998132359393 0.271114568377606 0.23532932351927272 0.19954407866093943 0.1637588338026062 0.1279735889442729 0.09218834408593962 0.07246861243860273 0.06992327793022732 0.06737794342185192 0.06483260891347652 0.062287274405101116 0.059741939896725715 0.057196605388350315 0.054651270879974914 0.05210593637159951
0.0 0.0 0.0 0.0 0.0 0.0 0.02811591337777153 0.08628837416506366 0.1444608349523558 0.20263329573964792 0.26080575652694005 0.3189782173142322 0.3771506781015243 0.43532313888881646 0.4934955996761086 0.5516680604634008 0.609840521250792 0.6680129820380842 0.7038787907867847 0.7158982838626393 0.7279177769384939 0.7399372700143485 0.7519567630902031 0.7639762561660577 0.7759957492419123 0.7880152423177669 0.8000347353936216 0.8120542284694762 0.8240737215453308 0.8360932146212059 0.81334773571239 0.7534377151923701 0.6935276946723503 0.6336176741523304 0.5737076536323105 0.5137976331122905 0.4538876125922706 0.39397759207225075 0.33406757155223077 0.27415755103221096 0.21424753051219103 0.1543375099921711 0.12132363703089315 0.11706235439245467 0.1128010717540162 0.10853978911557773 0.10427850647713925 0.10001722383870076 0.09575594120026229 0.09149465856182382 0.08723337592338534
0.0 0.0 0.0 0.0 0.0 0.0 0.03943772727259514 0.12103527711846823 0.20263282696434132 0.2842303768102144 0.3658279266560875 0.4474254765019606 0.5290230263478337 0.6106205761937068 0.6922181260395799 0.773815675885453 0.8554132257314652 0.9370107755773383 0.9873191530729308 1.0041786974708433 1.0210382418687558 1.0378977862666683 1.0547573306645808 1.0716168750624933 1.0884764194604057 1.1053359638583182 1.1221955082562307 1.1390550526541432 1.1559145970520557 1.172774141449997 1.1408694338974537 1.0568346377157265 0.9727998415339995 0.8887650453522724 0.8047302491705453 0.7206954529888181 0.636660656807091 0.552625860625364 0.46859106444363685 0.3845562682619098 0.30052147208018265 0.2164866758984556 0.17017866162322512 0.1642014308547221 0.15822420008621912 0.1522469693177161 0.1462697385492131 0.14029250778071012 0.1343152770122071 0.1283380462437041 0.12236081547520111
0.0 0.0 0.0 0.0 0.0 0.0 0.05075954116740911 0.15578218007184322 0.26080481897627733 0.36582745788071147 0.47085009678514556 0.5758727356895796 0.6808953745940138 0.7859180134984479 0.890940652402882 0.9959632913073161 1.1009859302119294 1.2060085691163636 1.2707595153588356 1.2924591110788017 1.3141587067987681 1.3358583025187343 1.3575578982387004 1.3792574939586668 1.400957089678633 1.4226566853985991 1.4443562811185655 1.4660558768385317 1.4877554725584978 1.509455068278501 1.468391132082238 1.3602315602388244 1.2520719883954106 1.143912416551997 1.035752844708583 0.9275932728651695 0.8194337010217557 0.711274129178342 0.6031145573349282 0.4949549854915145 0.38679541364810066 0.27863584180468703 0.2190336862155155 0.21134050731694942 0.20364732841838334 0.19595414951981727 0.1882609706212512 0.18056779172268514 0.17287461282411906 0.16518143392555298 0.15748825502698693
0.0 0.0 0.0 0.0 0.0 0.0 0.0620813550622231 0.19052908302521826 0.3189768109882134 0.44742453895120854 0.5758722669142037 0.7043199948771989 0.832767722840194 0.9612154508031892 1.0896631787661843 1.2181109067291795 1.3465586346923937 1.4750063626553889 1.5541998776447405 1.5807395246867606 1.6072791717287804 1.6338188187708005 1.6603584658128203 1.6868981128548404 1.7134377598968602 1.7399774069388803 1.7665170539809 1.7930567010229201 1.8195963480649402 1.8461359951070053 1.7959128302670224 1.663628482761922 1.5313441352568218 1.3990597877517215 1.266775440246621 1.1344910927415206 1.0022067452364203 0.8699223977313199 0.7376380502262194 0.6053537027211191 0.4730693552160188 0.34078500771091824 0.26788871080780585 0.25847958377917674 0.2490704567505476 0.23966132972191845 0.23025220269328933 0.22084307566466016 0.21143394863603104 0.2020248216074019 0.19261569457877276
0.0 0.0 0.0 0.0 0.0 0.0 0.07340316895703708 0.22527598597859325 0.3771488030001494 0.5290216200217056 0.6808944370432618 0.832767254064818 0.9846400710863741 1.1365128881079303 1.2883857051294865 1.4402585221510427 1.5921313391728578 1.744004156194414 1.8376402399306453 1.869019938294719 1.9003996366587927 1.9317793350228665 1.96315903338694 1.9945387317510137 2.0259184301150874 2.057298128479161 2.088677826843235 2.1200575252073084 2.1514372235713823 2.1828169219355096 2.123434528451807 1.9670254052850198 1.8106162821182328 1.6542071589514458 1.4977980357846588 1.341388912617872 1.184979789451085 1.028570666284298 0.8721615431175109 0.7157524199507239 0.5593432967839369 0.4029341736171499 0.31674373540009626 0.30561866024140405 0.29449358508271184 0.28336850992401963 0.2722434347653274 0.2611183596066352 0.249993284447943 0.2388682092892508 0.22774313413055858
0.0 0.0 0.0 0.0 0.0 0.0 0.08472498285185105 0.26002288893196823 0.4353207950120854 0.6106187010922026 0.7859166071723198 0.961214513252437 1.1365124193325542 1.3118103254126714 1.4871082314927886 1.6624061375729058 1.837704043653322 2.013001949733439 2.1210806022165505 2.157300351902678 2.1935201015888053 2.2297398512749327 2.26595960096106 2.3021793506471875 2.338399100333315 2.3746188500194423 2.4108385997055697 2.447058349391697 2.4832780990778245 2.5194978487640136 2.4509562266365914 2.2704223278081175 2.089888428979644 1.9093545301511703 1.7288206313226966 1.548286732494223 1.3677528336657494 1.1872189348372757 1.006685036008802 0.8261511371803285 0.6456172383518548 0.4650833395233813 0.36559875999238656 0.3527577367036313 0.339916713414876 0.32707569012612075 0.31423466683736545 0.3013936435486102 0.28855262025985495 0.27571159697109965 0.2628705736823444
0.0 0.0 0.0 0.0 0.0 0.0 0.09604679674666503 0.29476979188534325 0.4934927870240215 0.6922157821626997 0.8909387773013779 1.0896617724400561 1.2883847675787343 1.4871077627174125 1.6858307578560907 1.8845537529947691 2.083276748133786 2.2819997432724644 2.404520964502455 2.4455807655106363 2.486640566518817 2.5277003675269984 2.5687601685351797 2.609819969543361 2.650879770551542 2.691939571559723 2.732999372567904 2.7740591735760853 2.8151189745842666 2.8561787755925176 2.7784779248213756 2.5738192503312156 2.369160575841055 2.164501901350895 1.9598432268607346 1.7551845523705745 1.5505258778804143 1.345867203390254 1.1412085289000937 0.9365498544099333 0.7318911799197734 0.527232505429613 0.4144537845846769 0.39989681316585857 0.3853398417470403 0.3707828703282219 0.3562258989094036 0.3416689274905852 0.3271119560717669 0.3125549846529485 0.2979980132341302
0.0 0.0 0.0 0.0 0.0 0.0 0.10736861064147901 0.32951669483871826 0.5516647790359575 0.7738128632331968 0.995960947430436 1.2181090316276753 1.4402571158249144 1.6624052000221536 1.884553284219393 2.106701368416632 2.3288494526142505 2.5509975368114897 2.68796132678836 2.7338611791185947 2.7797610314488295 2.8256608837790647 2.8715607361092994 2.917460588439534 2.9633604407697693 3.009260293100004 3.055160145430239 3.101059997760474 3.1469598500907088 3.192859702421022 3.10599962300616 2.8772161728543133 2.6484327227024664 2.4196492725506196 2.1908658223987727 1.9620823722469256 1.7332989220950787 1.5045154719432319 1.275732021791385 1.0469485716395384 0.8181651214876915 0.5893816713358442 0.4633088091769673 0.4470358896280859 0.4307629700792045 0.41449005053032306 0.3982171309814416 0.38194421143256024 0.3656712918836788 0.3493983723347974 0.333125452785916
0.0 0.0 0.0 0.0 0.0 0.0 0.11869042453630262 0.3642635977921228 0.609836771047943 0.8554099443037632 1.1009831175595834 1.3465562908154036 1.5921294640712238 1.837702637327044 2.0832758105828644 2.3288489838386845 2.5744221570949235 2.8199953303507437 2.971401689074506 3.0221415927267987 3.0728814963790914 3.1236214000313844 3.174361303683677 3.22510120733597 3.275841110988263 3.3265810146405554 3.3773209182928485 3.428060821945141 3.4788007255974343 3.5295406292498135 3.433521321191224 3.18061309537767 2.927704869564116 2.674796643750562 2.4218884179370077 2.1689801921234535 1.9160719663098993 1.6631637404963453 1.4102555146827913 1.157347288869237 0.9044390630556829 0.6515308372421287 0.5121638337692993 0.49417496609035333 0.4761860984114074 0.45819723073246144 0.4402083630535155 0.4222194953745696 0.4042306276956236 0.3862417600166777 0.36825289233773173
0.0 0.0 0.0 0.0 0.0 0.0 0.13001223843111662 0.3990105007454979 0.6680087630598791 0.9370070253742604 1.2060052876886416 1.4750035500030227 1.7440018123174041 2.0130000746317855 2.2819983369461667 2.550996599260548 2.819994861575388 3.088993123889769 3.254842051360411 3.3104220063347576 3.366001961309104 3.4215819162834507 3.477161871257797 3.5327418262321437 3.5883217812064903 3.643901736180837 3.6994816911551833 3.75506164612953 3.8106416011038764 3.8662215560783175 3.7610430193760083 3.4840100179007676 3.206977016425527 2.9299440149502862 2.6529110134750455 2.3758780119998044 2.0988450105245637 1.8218120090493226 1.544779007574082 1.2677460060988412 0.9907130046236006 0.7136800031483594 0.5610188583615896 0.5413140425525806 0.5216092267435717 0.5019044109345626 0.4821995951255536 0.4624947793165446 0.44278996350753563 0.42308514769852656 0.4033803318895176
0.0 0.0 0.0 0.0 0.0 0.0 0.13038948116051335 0.40016826721560556 0.6699470532706978 0.93972583932579 1.2095046253808823 1.4792834114359745 1.7490621974910667 2.0188409835461587 2.288619769601251 2.558398555656343 2.8281773417118954 3.0979561277669876 3.2642862814884928 3.3200275069260456 3.3757687323635985 3.4315099578011514 3.4872511832387043 3.5429924086762568 3.5987336341138096 3.6544748595513625 3.7102160849889154 3.7659573104264683 3.821698535864021 3.8774397613016687 3.7744094333862437 3.5016487227204984 3.228888012054753 2.956127301389008 2.6833665907232627 2.410605880057517 2.137845169391772 1.8650844587260265 1.5923237480602812 1.319563037394536 1.0468023267287907 0.7740416160630454 0.6211068503290131 0.5962687310438669 0.5714306117587207 0.5465924924735744 0.5217543731884282 0.4969162539032821 0.47207813461813586 0.4472400153329896 0.4224018960478434
0.0 0.0 0.0 0.0 0.0 0.0 0.11906766726569937 0.36542136426223054 0.6117750612587617 0.8581287582552929 1.104482455251824 1.3508361522483552 1.5971898492448864 1.8435435462414176 2.0898972432379486 2.3362509402344798 2.582604637231431 2.8289583342279623 2.980845919202588 3.031747093318087 3.0826482674335858 3.133549441549085 3.184450615664584 3.235351789780083 3.286252963895582 3.3371541380110816 3.3880553121265806 3.4389564862420796 3.489857660357579 3.5407588344731646 3.4519636531310356 3.21382990716622 2.9756961612014043 2.737562415236589 2.4994286692717735 2.261294923306958 2.0231611773421423 1.785027431377327 1.546893685412511 1.3087599394476959 1.0706261934828802 0.8324924475180646 0.6932021762881819 0.6595778160938542 0.6259534558995264 0.5923290957051988 0.558704735510871 0.5250803753165432 0.4914560151222155 0.4578316549278877 0.42420729473355995
0.0 0.0 0.0 0.0 0.0 0.0 0.1077458533708854 0.3306744613088555 0.5536030692468257 0.7765316771847958 0.999460285122766 1.222388893060736 1.4453175009987063 1.6682461089366765 1.8911747168746464 2.1141033248126164 2.3370319327509668 2.559960540688937 2.697405556916683 2.7434666797101284 2.7895278025035735 2.835588925297019 2.8816500480904645 2.9277111708839096 2.973772293677355 3.0198334164708003 3.065894539264246 3.1119556620576914 3.1580167848511365 3.2040779076446606 3.1295178728758275 2.926011091611942 2.722504310348056 2.51899752908417 2.3154907478202844 2.111983966556399 1.9084771852925129 1.704970404028627 1.501463622764741 1.2979568415008553 1.0944500602369698 0.8909432789730838 0.7652975022473509 0.7228869011438416 0.6804763000403323 0.638065698936823 0.5956550978333137 0.5532444967298044 0.5108338956262951 0.4684232945227858 0.4260126934192765
0.0 0.0 0.0 0.0 0.0 0.0 0.09642403947607142 0.2959275583554805 0.49543107723488966 0.6949345961142988 0.8944381149937078 1.093941633873117 1.2934451527525261 1.4929486716319351 1.6924521905113443 1.8919557093907535 2.091459228270503 2.2909627471499117 2.4139651946307783 2.45518626610217 2.4964073375735616 2.5376284090449532 2.578849480516345 2.6200705519877365 2.661291623459128 2.70251269493052 2.7437337664019115 2.7849548378733027 2.8261759093446943 2.8673969808161566 2.8070720926206194 2.6381922760576635 2.4693124594947076 2.300432642931751 2.1315528263687953 1.9626730098058391 1.793793193242883 1.624913376679927 1.456033560116971 1.2871537435540148 1.1182739269910589 0.9493941104281027 0.8373928282065198 0.786195986193829 0.7349991441811381 0.6838023021684473 0.6326054601557565 0.5814086181430655 0.5302117761303748 0.4790149341176839 0.42781809210499305
0.0 0.0 0.0 0.0 0.0 0.0 0.08510222558124779 0.2611806554020759 0.4372590852229041 0.6133375150437322 0.7894159448645603 0.9654943746853885 1.1415728045062166 1.3176512343270448 1.4937296641478728 1.669808093968701 1.8458865237898294 2.0219649536106576 2.130524832344632 2.166905852493966 2.2032868726432993 2.239667892792633 2.2760489129419668 2.3124299330913005 2.3488109532406343 2.385191973389968 2.4215729935393018 2.4579540136886355 2.4943350338379693 2.5307160539873648 2.484626312365136 2.3503734605031394 2.2161206086411425 2.081867756779146 1.947614904917149 1.8133620530551524 1.6791092011931554 1.5448563493311587 1.410603497469162 1.2763506456071652 1.1420977937451684 1.0078449418831716 0.9094881541657502 0.8495050712438703 0.7895219883219905 0.7295389054001106 0.6695558224782308 0.6095727395563508 0.5495896566344709 0.4896065737125911 0.42962349079071116
