Figures/CREST_Example_wjb_NSE/Rolling_result/20100722/BJP_forecast/ens_24/wjb.rain.20100724.asc
ncols            288
nrows            254
xllcorner        113.274861
yllcorner        31.4918055
cellsize         0.008333333333
NODATA_value     -9999
[rows 180 to 199 of 254, columns 45 to 89 of 288]
1.5267213396890773 1.5267213396890773 1.5267213396890773 1.5267213396890773 1.5267213396890773 1.5267213396890773 1.5267213396890773 1.5267213396890773 1.5267213396890773 1.5267213396890773 1.5267213396890773 1.5267213396890773 1.5267213396890773 1.5267213396890773 1.5267213396890773 1.5267213396890773 1.5267213396890773 1.5267213396890773 3.4142914134768834 3.288271533564536 3.162251653651974 3.036231773739626 2.9102118938272787 2.7841920139149314 2.6581721340025837 2.5321522540902364 2.406132374177889 2.2801124942655413 2.154092614353194 2.0280727344408467 1.9236007584931818 1.8421639790081008 1.7607271995230198 1.6792904200377998 1.5978536405527188 1.5164168610676378 1.434980081582557 1.353543302097476 1.272106522612395 1.190669743127314 1.1092329636422331 1.0277961841571521 0.9620862971154114 0.9131888136590588 0.8642913302027062
1.5267213396890773 1.5267213396890773 1.5267213396890773 1.5267213396890773 1.5267213396890773 1.5267213396890773 1.5267213396890773 1.5267213396890773 1.5267213396890773 1.5267213396890773 1.5267213396890773 1.5267213396890773 1.5267213396890773 1.5267213396890773 1.5267213396890773 1.5267213396890773 1.5267213396890773 1.5267213396890773 3.3766505592374 3.242646001325561 3.108641443413494 2.9746368855016554 2.8406323275898164 2.7066277696779775 2.572623211766139 2.4386186538543004 2.3046140959424615 2.1706095380306225 2.036604980118784 1.9026004222069453 1.7947576510968104 1.7148824215061302 1.6350071919154503 1.5551319623246338 1.4752567327339539 1.3953815031432737 1.3155062735525935 1.2356310439619134 1.1557558143712332 1.075880584780553 0.996005355189873 0.9161301255991929 0.8524416226150059 0.8060570963328368 0.7596725700506679
1.5267213396890773 1.5267213396890773 1.5267213396890773 1.5267213396890773 1.5267213396890773 1.5267213396890773 1.5267213396890773 -9999.0 1.5267213396890773 1.5267213396890773 1.5267213396890773 1.5267213396890773 1.5267213396890773 1.5267213396890773 1.5267213396890773 1.5267213396890773 1.5267213396890773 1.5267213396890773 3.3569959211822016 3.2108752320787586 3.064754542975067 2.918633853871624 2.7725131647681813 2.6263924756647383 2.4802717865612958 2.3341510974578528 2.18803040835441 2.0419097192509676 1.8957890301475246 1.7496683410440819 1.638917533260854 1.565977928200861 1.4930383231408682 1.420098718080751 1.347159113020758 1.2742195079607652 1.2012799029007724 1.1283402978407795 1.0554006927807866 0.9824610877207938 0.9095214826608009 0.8365818776008079 0.7784234938523773 0.7360665698691375 0.6937096458858977
-9999.0 -9999.0 -9999.0 1.5267213396890773 1.5267213396890773 1.5267213396890773 1.5267213396890773 -9999.0 -9999.0 1.5267213396890773 1.5267213396890773 1.5267213396890773 1.5267213396890773 1.5267213396890773 1.5267213396890773 1.5267213396890773 1.5267213396890773 1.5267213396890773 3.3373412831269857 3.1791044628319285 3.0208676425366017 2.8626308222415444 2.7043940019464876 2.546157181651431 2.3879203613563735 2.2296835410613163 2.071446720766259 1.9132099004712022 1.7549730801761452 1.5967362598810881 1.4830774154247646 1.4170734348954648 1.351069454366165 1.2850654738367528 1.219061493307453 1.1530575127781535 1.0870535322488537 1.0210495517195541 0.9550455711902543 0.8890415906609547 0.823037610131655 0.7570336296023552 0.7044053650896858 0.6660760434053785 0.6277467217210713
-9999.0 -9999.0 -9999.0 -9999.0 1.5267213396890773 -9999.0 -9999.0 -9999.0 -9999.0 -9999.0 -9999.0 1.5267213396890773 1.5267213396890773 1.5267213396890773 1.5267213396890773 1.5267213396890773 1.5267213396890773 1.5267213396890773 3.3176866450717872 3.147333693585126 2.9769807420981746 2.8066277906115134 2.6362748391248525 2.465921887638191 2.29556893615153 2.125215984664869 1.954863033178208 1.7845100816915471 1.614157130204886 1.443804178718225 1.327237297588808 1.2681689415901956 1.209100585591583 1.15003222959287 1.0909638735942575 1.031895517595645 0.9728271615970325 0.9137588055984202 0.8546904495998077 0.7956220936011952 0.7365537376025828 0.6774853816039703 0.6303872363270572 0.5960855169416791 0.561783797556301
-9999.0 -9999.0 -9999.0 -9999.0 -9999.0 -9999.0 -9999.0 -9999.0 -9999.0 -9999.0 -9999.0 -9999.0 1.5267213396890773 1.5267213396890773 1.5267213396890773 1.5267213396890773 1.5267213396890773 1.5267213396890773 3.2980320070165883 3.1155629243383234 2.933093841659747 2.7506247589814823 2.568155676303217 2.385686593624952 2.203217510946687 2.020748428268422 1.838279345590157 1.6558102629118918 1.4733411802336267 1.2908720975553618 1.1713971797528515 1.1192644482849263 1.0671317168170011 1.0149989853489871 0.962866253881062 0.9107335224131368 0.8586007909452115 0.8064680594772863 0.7543353280093611 0.7022025965414358 0.6500698650735107 0.5979371336055854 0.5563691075644286 0.5260949904779797 0.49582087339153086
-9999.0 -9999.0 -9999.0 -9999.0 -9999.0 -9999.0 -9999.0 -9999.0 -9999.0 -9999.0 -9999.0 -9999.0 -9999.0 -9999.0 -9999.0 -9999.0 -9999.0 -9999.0 3.2783773689613898 3.083792155091521 2.88920694122132 2.694621727351451 2.500036513481582 2.305451299611713 2.110866085741844 1.9162808718719748 1.7216956580021059 1.5271104441322367 1.3325252302623678 1.1379400163924989 1.0155570619168952 0.9703599549796572 0.9251628480424192 0.8799657411051042 0.8347686341678662 0.7895715272306283 0.7443744202933904 0.6991773133561523 0.6539802064189144 0.6087830994816765 0.5635859925444384 0.5183888856072005 0.4823509788018001 0.4561044640142804 0.4298579492267607
-9999.0 -9999.0 -9999.0 -9999.0 -9999.0 -9999.0 -9999.0 -9999.0 -9999.0 -9999.0 -9999.0 -9999.0 -9999.0 -9999.0 -9999.0 -9999.0 -9999.0 -9999.0 3.2587227309061912 3.0520213858447183 2.8453200407828927 2.6386186957214197 2.4319173506599467 2.2252160055984733 2.0185146605370003 1.8118133154755274 1.6051119704140544 1.3984106253525814 1.1917092802911085 0.985007935229635 0.8597169440809387 0.821455461674388 0.7831939792678373 0.7449324968612213 0.7066710144546706 0.6684095320481199 0.6301480496415692 0.5918865672350185 0.5536250848284678 0.515363602421917 0.4771021200153664 0.4388406376088157 0.4083328500391716 0.38611393755058104 0.3638950250619905
-9999.0 -9999.0 -9999.0 -9999.0 -9999.0 -9999.0 -9999.0 -9999.0 -9999.0 -9999.0 -9999.0 -9999.0 -9999.0 -9999.0 -9999.0 -9999.0 1.5267213396890773 1.5267213396890773 3.2390680928509927 3.0202506165979157 2.8014331403444652 2.582615664091388 2.363798187838311 2.144980711585234 1.9261632353321572 1.7073457590790801 1.4885282828260031 1.2697108065729261 1.050893330319849 0.8320758540667721 0.7038768262449823 0.6725509683691188 0.6412251104932554 0.6098992526173385 0.578573394741475 0.5472475368656116 0.5159216789897481 0.48459582111388466 0.45326996323802116 0.4219441053621577 0.39061824748629426 0.3592923896104308 0.33431472127654305 0.3161234110868817 0.29793210089722033
-9999.0 -9999.0 -9999.0 -9999.0 -9999.0 -9999.0 -9999.0 -9999.0 -9999.0 -9999.0 -9999.0 -9999.0 -9999.0 -9999.0 -9999.0 1.5267213396890773 1.5267213396890773 1.5267213396890773 3.2194134547957773 2.988479847351086 2.757546239906001 2.5266126324613096 2.295679025016618 2.0647454175719266 1.8338118101272356 1.6028782026825443 1.3719445952378528 1.1410109877931616 0.9100773803484703 0.679143772903779 0.548036708408893 0.5236464750637226 0.4992562417185524 0.4748660083733405 0.45047577502817016 0.42608554168299984 0.40169530833782957 0.3773050749926593 0.352914841647489 0.32852460830231867 0.3041343749571484 0.2797441416119781 0.2602965925138514 0.24613288462312263 0.23196917673239387
-9999.0 -9999.0 -9999.0 -9999.0 -9999.0 -9999.0 -9999.0 -9999.0 -9999.0 -9999.0 -9999.0 -9999.0 -9999.0 -9999.0 1.5267213396890773 1.5267213396890773 1.5267213396890773 1.5267213396890773 3.199758816740579 2.9567090781042835 2.7136593394675734 2.470609600831278 2.227559862194983 1.9845101235586875 1.7414603849223922 1.4984106462860969 1.2553609076498016 1.0123111690135063 0.769261430377211 0.5262116917409152 0.39219659057293643 0.3747419817584534 0.3572873729439704 0.33983276412945757 0.3223781553149745 0.30492354650049147 0.28746893768600845 0.2700143288715254 0.25255972005704236 0.2351051112425593 0.21765050242807626 0.20019589361359322 0.18627846375122287 0.1761423581594233 0.16600625256762372
-9999.0 -9999.0 -9999.0 -9999.0 -9999.0 -9999.0 -9999.0 -9999.0 -9999.0 -9999.0 -9999.0 -9999.0 -9999.0 -9999.0 1.5267213396890773 1.5267213396890773 1.5267213396890773 1.5267213396890773 3.18010417868538 2.9249383088574805 2.6697724390291464 2.414606569201247 2.1594406993733477 1.9042748295454481 1.6491089597175488 1.3939430898896494 1.1387772200617499 0.8836113502338505 0.6284454804059512 0.3732796105780518 0.23635647273698 0.22583748845318422 0.2153185041693884 0.20479951988557468 0.19428053560177888 0.18376155131798308 0.17324256703418728 0.1627235827503915 0.1522045984665957 0.1416856141827999 0.1311666298990041 0.12064764561520831 0.11226033498859433 0.10615183169572394 0.10004332840285353
-9999.0 -9999.0 -9999.0 -9999.0 -9999.0 -9999.0 -9999.0 -9999.0 -9999.0 -9999.0 -9999.0 -9999.0 -9999.0 -9999.0 1.5267213396890773 1.5267213396890773 1.5267213396890773 1.5267213396890773 3.1604495406301814 2.893167539610678 2.625885538590719 2.3586035375712155 2.091321536551712 1.824039535532209 1.5567575345127056 1.2894755334932024 1.022193532473699 0.7549115314541957 0.48762953043469226 0.22034752941518887 0.08051635490102355 0.076932995147915 0.07334963539480646 0.0697662756416918 0.06618291588858326 0.06259955613547472 0.05901619638236616 0.05543283662925762 0.051849476876149075 0.048266117123040526 0.044682757369931984 0.041099397616823435 0.038242206225965795 0.036161305232024564 0.03408040423808334
-9999.0 -9999.0 -9999.0 -9999.0 -9999.0 -9999.0 -9999.0 -9999.0 -9999.0 -9999.0 -9999.0 -9999.0 1.5267213396890773 1.5267213396890773 1.5267213396890773 1.5267213396890773 1.5267213396890773 1.5267213396890773 3.023406151684269 2.760882043096047 2.4983579345073763 2.235833825919154 1.9733097173309313 1.7107856087427087 1.448261500154486 1.1857373915662635 0.9232132829780411 0.6606891743898182 0.39816506580159583 0.135640957213373 0.0 0.0 0.0 0.0 0.0 0.0 0.0 0.0 0.0 0.0 0.0 0.0 0.0 0.0 0.0
-9999.0 -9999.0 -9999.0 -9999.0 -9999.0 -9999.0 -9999.0 -9999.0 -9999.0 -9999.0 -9999.0 -9999.0 1.5267213396890773 1.5267213396890773 1.5267213396890773 1.5267213396890773 1.5267213396890773 1.5267213396890773 2.7608815870796533 2.5211526386014755 2.2814236901228893 2.041694741644712 1.8019657931665343 1.5622368446883568 1.3225078962101793 1.0827789477320018 0.8430499992538243 0.6033210507756466 0.3635921022974693 0.12386315381929158 0.0 0.0 0.0 0.0 0.0 0.0 0.0 0.0 0.0 0.0 0.0 0.0 0.0 0.0 0.0
-9999.0 -9999.0 -9999.0 -9999.0 -9999.0 -9999.0 -9999.0 -9999.0 -9999.0 -9999.0 -9999.0 -9999.0 -9999.0 1.5267213396890773 1.5267213396890773 1.5267213396890773 1.5267213396890773 1.5267213396890773 2.4983570224751492 2.281423234107007 2.064489445738495 1.8475556573703527 1.6306218690022105 1.4136880806340684 1.196754292265926 0.9798205038977839 0.7628867155296417 0.5459529271614993 0.3290191387933574 0.11208535042521506 0.0 0.0 0.0 0.0 0.0 0.0 0.0 0.0 0.0 0.0 0.0 0.0 0.0 0.0 0.0
-9999.0 -9999.0 -9999.0 -9999.0 -9999.0 -9999.0 -9999.0 -9999.0 -9999.0 -9999.0 -9999.0 -9999.0 -9999.0 1.5267213396890773 1.5267213396890773 1.5267213396890773 1.5267213396890773 1.5267213396890773 2.235832457870645 2.041693829612538 1.8475552013541003 1.6534165730959933 1.4592779448378865 1.2651393165797797 1.071000688321673 0.8768620600635659 0.6827234318054591 0.48858480354735234 0.29444617528924555 0.10030754703113853 0.0 0.0 0.0 0.0 0.0 0.0 0.0 0.0 0.0 0.0 0.0 0.0 0.0 0.0 0.0
-9999.0 -9999.0 -9999.0 -9999.0 -9999.0 -9999.0 -9999.0 -9999.0 -9999.0 -9999.0 -9999.0 -9999.0 -9999.0 1.5267213396890773 1.5267213396890773 1.5267213396890773 1.5267213396890773 1.5267213396890773 1.973307893266029 1.8019644251179672 1.6306209569696133 1.4592774888215514 1.2879340206734895 1.1165905525254276 0.9452470843773659 0.773903616229304 0.6025601480812421 0.43121667993318047 0.2598732117851186 0.08852974363705668 0.0 0.0 0.0 0.0 0.0 0.0 0.0 0.0 0.0 0.0 0.0 0.0 0.0 0.0 0.0
-9999.0 -9999.0 -9999.0 -9999.0 -9999.0 -9999.0 -9999.0 -9999.0 -9999.0 -9999.0 -9999.0 -9999.0 -9999.0 1.5267213396890773 1.5267213396890773 1.5267213396890773 1.5267213396890773 1.5267213396890773 1.7107833286615246 1.5622350206234983 1.4136867125852184 1.265138404547192 1.1165900965091655 0.9680417884711391 0.8194934804331127 0.6709451723950861 0.5223968643570598 0.37384855631903324 0.22530024828100692 0.07675194024298038 0.0 0.0 0.0 0.0 0.0 0.0 0.0 0.0 0.0 0.0 0.0 0.0 0.0 0.0 0.0
-9999.0 -9999.0 -9999.0 -9999.0 -9999.0 -9999.0 -9999.0 -9999.0 -9999.0 1.5267213396890773 1.5267213396890773 1.5267213396890773 1.5267213396890773 1.5267213396890773 1.5267213396890773 1.5267213396890773 1.5267213396890773 1.5267213396890773 1.4482587640570206 1.3225056161290294 1.196752468200824 1.0709993202728327 0.9452461723448417 0.8194930244168505 0.6937398764888594 0.5679867285608682 0.4422335806328772 0.316480432704886 0.19072728477689482 0.06497413684890385 0.0 0.0 0.0 0.0 0.0 0.0 0.0 0.0 0.0 0.0 0.0 0.0 0.0 0.0 0.0
