Figures/CREST_Example_wjb_NSE/Rolling_result/20100722/BJP_forecast/ens_24/wjb.rain.20100723.asc
ncols            288
nrows            254
xllcorner        113.274861
yllcorner        31.4918055
cellsize         0.008333333333
NODATA_value     -9999
[rows 105 to 125 of 254, columns 138 to 183 of 288]
0.0 0.0 0.0 0.0 0.0 0.0 0.0 0.0 0.0 0.0 0.0 0.0 0.0 0.0 0.0 0.0 0.0 0.0 0.0 0.0 0.0 0.0 0.0 0.0 0.0 0.0 0.0 0.0 0.0 0.0 0.0 0.0 0.0 0.0029476697176628345 0.00904646504866601 0.015145260379669184 0.02124405571067236 0.027342851041675536 0.03344164637267871 0.039540441703681886 0.04563923703468506 0.05173803236568823 0.057836827696691406 0.06393562302769458 0.07003441835870816 0.07023787426023105
0.0 0.0 0.0 0.0 0.0 0.0 0.0 0.0 0.0 0.0 0.0 0.0 0.0 0.0 0.0 0.0 0.0 0.0 0.0 0.0 0.0 0.0 0.0 0.0 0.0 0.0 0.0 0.0 0.0 0.0 0.0 0.0 0.0 0.003295135422854501 0.010112845158619035 0.016930554894383568 0.023748264630148102 0.030565974365912636 0.03738368410167717 0.044201393837441705 0.051019103573206236 0.05783681330897077 0.0646545230447353 0.07147223278049984 0.078289942516276 0.07851738141286596
0.0 0.0 0.0 0.0 0.0 0.0 0.0 0.0 0.0 0.0 0.0 0.0 0.0 0.0 0.0 0.0 0.0 0.0 0.0 0.0 0.0 0.0 0.0 0.0 0.0 0.0 0.0 0.0 0.0 0.0 0.0 0.0 0.0 0.0036426011280461666 0.011179225268572058 0.01871584940909795 0.02625247354962384 0.03378909769014973 0.04132572183067562 0.048862345971201517 0.056398970111727405 0.0639355942522533 0.07147221839277919 0.07900884253330508 0.08654546667384383 0.08679688856550086
0.0 0.0 0.0 0.0 0.0 0.0 0.0 0.0 0.0 0.0 0.0 0.0 0.0 0.0 0.0 0.0 0.0 0.0 0.0 0.0 0.0 0.0 0.0 0.0 0.0 0.0 0.0 0.0 0.0 0.0 0.0 0.0 0.0 0.0039900668332378325 0.012245605378525082 0.02050114392381233 0.028756682469099584 0.03701222101438684 0.04526775955967408 0.053523298104961335 0.06177883665024859 0.07003437519553583 0.07828991374082309 0.08654545228611034 0.09480099083141166 0.09507639571813575
0.08201776437673838 0.0805878059771222 0.079157847577506 0.07772788917788982 0.07629793077827364 0.07486797237865503 0.07343801397903885 0.07200805557942265 0.07057809717980647 0.07045136971896132 0.0717178256093115 0.0729842814996617 0.07425073739001188 0.07551719328036206 0.07678364917071225 0.07805010506106244 0.07931656095141262 0.0805830168417628 0.08184947273211515 0.08311592862246533 0.08438238451281552 0.08161174068693053 0.07452534594135755 0.06743895119578458 0.060352556450211606 0.05326616170463863 0.046179766959065664 0.03909337221349269 0.032006977467919716 0.02492058272234674 0.017834187976773774 0.010747793231188713 0.0036613984856157383 0.004001644386504681 0.012281137151420134 0.020560629916335588 0.02884012268125104 0.037119615446166494 0.045399108211081944 0.0536786009759974 0.06195809374091285 0.0702375865058283 0.07851707927074376 0.08679657203565921 0.09507606480058878 0.09535226880043034
0.25170734809140943 0.2473188959142064 0.24293044373700334 0.23854199155980033 0.2341535393825973 0.2297650872053868 0.22537663502818375 0.2209881828509807 0.2165997306737777 0.21621081208593174 0.22009748537015514 0.22398415865437854 0.22787083193860194 0.23175750522282534 0.23564417850704875 0.23953085179127215 0.24341752507549552 0.24730419835971895 0.25119087164394893 0.25507754492817236 0.2589642182123958 0.25046128698500986 0.22871358827008403 0.2069658895551582 0.1852181908402324 0.16347049212530657 0.14172279341038074 0.11997509469545492 0.09822739598052913 0.0764796972656033 0.05473199855067748 0.032984299835714576 0.011236601120788753 0.0036541786813130404 0.011214757041467186 0.018775335401621334 0.02633591376177548 0.033896492121929626 0.04145707048208377 0.049017648842237915 0.05657822720239206 0.06413880556254621 0.07169938392270035 0.07925996228285451 0.08682054064302154 0.08707276164779604
0.42139693180622534 0.41404998585143293 0.4067030398966406 0.3993560939418482 0.3920091479870558 0.3846622020322509 0.37731525607745847 0.36996831012266607 0.36262136416787366 0.36197025445302666 0.36847714513112545 0.37498403580922424 0.381490926487323 0.38799781716542187 0.39450470784352065 0.40101159852161944 0.4075184891997182 0.41402537987781707 0.42053227055592696 0.42703916123402574 0.43354605191212453 0.41931083328323276 0.3829018305989416 0.3464928279146505 0.3100838252303594 0.27367482254606823 0.23726581986177708 0.20085681717748596 0.16444781449319484 0.1280388118089037 0.09162980912461255 0.05522080644025934 0.018811803755968193 0.0033067129761211026 0.010148376931513329 0.016990040886905554 0.02383170484229778 0.030673368797690007 0.03751503275308223 0.04435669670847446 0.05119836066386668 0.05804002461925891 0.06488168857465114 0.07172335253004336 0.07856501648544725 0.07879325449515466
0.5910865155208964 0.5807810757885171 0.5704756360561379 0.5601701963237586 0.5498647565913795 0.5395593168589826 0.5292538771266033 0.5189484373942241 0.5086429976618448 0.507729696819997 0.5168568048919691 0.5259839129639411 0.535111021035913 0.544238129107885 0.553365237179857 0.562492345251829 0.571619453323801 0.580746561395773 0.5898736694677605 0.5990007775397326 0.6081278856117045 0.5881603795813118 0.537090072927668 0.486019766274024 0.43494945962038 0.383879152966736 0.3328088463130921 0.2817385396594481 0.2306682330058042 0.1795979263521602 0.12852761969851623 0.0774573130447852 0.02638700639114122 0.0029592472709294615 0.00908199682156038 0.015204746372191299 0.02132749592282222 0.027450245473453136 0.033572995024084056 0.039695744574714975 0.045818494125345895 0.051941243675976814 0.058063993226607734 0.06418674277723865 0.07030949232788002 0.07051374734252035
0.7607760992355675 0.7475121657256014 0.7342482322156354 0.7209842987056693 0.7077203651957031 0.6944564316857145 0.6811924981757483 0.6679285646657822 0.6546646311558162 0.6534891391869675 0.6652364646528126 0.6769837901186578 0.6887311155845031 0.7004784410503482 0.7122257665161934 0.7239730919820386 0.7357204174478837 0.747467742913729 0.7592150683795942 0.7709623938454394 0.7827097193112846 0.757009925879391 0.6912783152563942 0.6255467046333973 0.5598150940104006 0.4940834833874038 0.42835187276440706 0.36262026214141024 0.2968886515184135 0.23115704089541667 0.16542543027241985 0.09969381964931101 0.033962209026314194 0.002611781565737821 0.008015616711607434 0.013419451857477047 0.01882328700334666 0.02422712214921627 0.029630957295085886 0.035034792440955496 0.040438627586825114 0.045842462732694725 0.051246297878564336 0.056650133024433946 0.06205396817031278 0.06223424018988604
0.9304656829502388 0.9142432556626858 0.8980208283751329 0.8817984010875799 0.8655759738000269 0.8493535465124463 0.8331311192248934 0.8169086919373405 0.8006862646497874 0.799248581553938 0.8136161244136564 0.8279836672733747 0.8423512101330931 0.8567187529928115 0.8710862958525298 0.8854538387122483 0.8998213815719666 0.914188924431685 0.9285564672914278 0.9429240101511462 0.9572915530108645 0.9258594721774701 0.8454665575851205 0.7650736429927708 0.6846807284004213 0.6042878138080716 0.523894899215722 0.4435019846233723 0.3631090700310228 0.2827161554386731 0.20232324084632347 0.12193032625383682 0.04153741166148717 0.0022643158605461797 0.006949236601654486 0.011634157342762791 0.0163190780838711 0.021003998824979404 0.02568891956608771 0.030373840307196014 0.03505876104830432 0.03974368178941263 0.04442860253052093 0.04911352327162924 0.053798444012745535 0.053954733037251734
1.10015526666491 1.08097434559977 1.0617934245346303 1.0426125034694904 1.0234315824043507 1.0042506613391782 0.9850697402740384 0.9658888192088986 0.9467078981437588 0.9450080239209084 0.9619957841745 0.9789835444280915 0.9959713046816832 1.0129590649352747 1.0299468251888664 1.0469345854424579 1.0639223456960494 1.0809101059496409 1.0978978662032615 1.1148856264568532 1.1318733867104447 1.0947090184755492 0.9996547999138468 0.9046005813521443 0.8095463627904419 0.7144921442287395 0.619437925667037 0.5243837071053346 0.4293294885436322 0.3342752699819297 0.23922105142022732 0.14416683285836274 0.04911261429666025 0.0019168501553545386 0.005882856491701537 0.009848862828048536 0.013814869164395534 0.017780875500742532 0.021746881837089532 0.02571288817343653 0.02967889450978353 0.033644900846130525 0.037610907182477525 0.041576913518824525 0.045542919855178284 0.04567522588461742
1.2698448503795812 1.2477054355368544 1.225566020694128 1.2034266058514012 1.1812871910086746 1.1591477761659101 1.1370083613231836 1.1148689464804569 1.0927295316377301 1.090767466287879 1.1103754439353437 1.1299834215828084 1.1495913992302733 1.169199376877738 1.1888073545252027 1.2084153321726674 1.228023309820132 1.2476312874675968 1.267239265115095 1.2868472427625597 1.3064552204100244 1.263558564773628 1.1538430422425727 1.0441275197115176 0.9344119971804623 0.824696474649407 0.7149809521183518 0.6052654295872966 0.49554990705624136 0.38583438452518615 0.2761188619941308 0.16640333946288854 0.056687816931833224 0.0015693844501628977 0.004816476381748589 0.008063568313334282 0.011310660244919973 0.014557752176505666 0.01780484410809136 0.02105193603967705 0.02429902797126274 0.027546119902848436 0.030793211834434127 0.03404030376601982 0.037287395697611046 0.037395718731983114
1.4395344340942524 1.4144365254739388 1.3893386168536253 1.3642407082333117 1.3391427996129983 1.3140448909926419 1.2889469823723285 1.263849073752015 1.2387511651317014 1.2365269086548494 1.2587551036961875 1.2809832987375254 1.3032114937788633 1.3254396888202011 1.3476678838615392 1.3698960789028771 1.392124273944215 1.414352468985553 1.4365806640269287 1.4588088590682668 1.4810370541096047 1.4324081110717073 1.3080312845712994 1.1836544580708912 1.059277631570483 0.934900805070075 0.810523978569667 0.6861471520692588 0.5617703255688508 0.4373934990684427 0.31301667256803456 0.18863984606741435 0.0642630195670062 0.0012219187449712566 0.0037500962717956416 0.006278273798620027 0.008806451325444413 0.011334628852268797 0.013862806379093182 0.016390983905917568 0.018919161432741954 0.02144733895956634 0.02397551648639072 0.026503694013215107 0.029031871540043806 0.029116211579348805
1.6092240178090682 1.5811676154111654 1.5531112130132625 1.5250548106153596 1.4969984082174566 1.468942005819506 1.440885603421603 1.4128292010237002 1.3847727986257974 1.382286351021944 1.4071347634571576 1.431983175892371 1.4568315883275842 1.4816800007627977 1.506528413198011 1.5313768256332243 1.5562252380684376 1.5810736505036511 1.6059220629389068 1.6307704753741201 1.6556188878093334 1.6012576573699302 1.462219526900157 1.3231813964303836 1.1841432659606101 1.0451051354908367 0.9060670050210633 0.7670288745512899 0.6279907440815164 0.488952613611743 0.3499144831419698 0.21087635267195926 0.07183822220218583 0.0008744530397793192 0.0026837161618417844 0.00449297928390425 0.0063022424059667155 0.008111505528029181 0.009920768650091645 0.011730031772154112 0.013539294894216576 0.015348558016279042 0.01715782113834151 0.01896708426040397 0.020776347382469522 0.020836704426707434
1.7789136015237392 1.7478987053482495 1.7168838091727598 1.68586891299727 1.6548540168217802 1.6238391206462377 1.592824224470748 1.5618093282952583 1.5307944321197686 1.5280457933889147 1.5555144232180012 1.5829830530470876 1.6104516828761741 1.6379203127052608 1.6653889425343473 1.6928575723634338 1.7203262021925205 1.747794832021607 1.7752634618507404 1.802732091679827 1.8302007215089136 1.7701072036680094 1.6164077692288832 1.462708334789757 1.3090089003506307 1.1553094659115044 1.0016100314723784 0.847910597033252 0.6942111625941259 0.5405117281549996 0.38681229371587333 0.23311285927648506 0.0794134248373588 0.0005269873345876781 0.0016173360518888366 0.002707684769189995 0.0037980334864911535 0.004888382203792311 0.00597873092109347 0.007069079638394629 0.008159428355695787 0.009249777072996946 0.010340125790298103 0.011430474507599262 0.01252082322490228 0.012557197274073126
1.9486031852384107 1.914629795285334 1.8806564053322574 1.846683015379181 1.8127096254261041 1.7787362354729697 1.7447628455198931 1.7107894555668164 1.6768160656137399 1.6738052357558852 1.703894082978845 1.7339829302018046 1.7640717774247643 1.7941606246477242 1.8242494718706839 1.8543383190936436 1.8844271663166032 1.9145160135395631 1.944604860762574 1.9746937079855338 2.0047825552084935 1.9389567499660885 1.7705960115576094 1.6022352731491303 1.4338745347406512 1.2655137963321723 1.0971530579236932 0.9287923195152141 0.760431581106735 0.5920708426982562 0.42371010428977707 0.25534936588101087 0.08698862747253178 0.00017952162939603708 0.0005509559419358887 0.0009223902544757402 0.0012938245670155919 0.0016652588795554434 0.002036693192095295 0.0024081275046351465 0.002779561817174998 0.0031509961297148496 0.003522430442254701 0.0038938647547945527 0.004265299067335038 0.004277690121438815
1.9679542784879815 1.9378144906663661 1.9076747028447507 1.8775349150231353 1.84739512720152 1.8172553393798532 1.7871155515582378 1.7569757637366226 1.7268359759150071 1.7270008794373028 1.7595621834649946 1.7921234874926866 1.8246847915203785 1.8572460955480703 1.8898073995757623 1.9223687036034542 1.9549300076311462 1.9874913116588382 2.0200526156865855 2.0526139197142776 2.0851752237419694 2.0173374866346103 1.8421709034321494 1.6670043202296885 1.4918377370272273 1.3166711538247662 1.1415045706223053 0.9663379874198441 0.7911714042173832 0.616004821014922 0.4408382378124611 0.2656716546097013 0.0905050714072404 0.0 0.0 0.0 0.0 0.0 0.0 0.0 0.0 0.0 0.0 0.0 0.0 0.0
1.8266030031581313 1.807557139803434 1.7885112764487365 1.7694654130940393 1.7504195497393418 1.7313736863846119 1.7123278230299146 1.693281959675217 1.6742360963205196 1.6812516577854462 1.7161274718632888 1.7510032859411315 1.785879100018974 1.8207549140968167 1.8556307281746593 1.8905065422525018 1.9253823563303445 1.9602581704081872 1.9951339844860891 2.030009798563932 2.0648856126417745 1.999012769197183 1.8254373318307215 1.6518618944642602 1.478286457097799 1.3047110197313376 1.1311355823648763 0.957560144998415 0.7839847076319537 0.6104092702654922 0.4368338328990309 0.2632583955322736 0.08968295816581229 0.0 0.0 0.0 0.0 0.0 0.0 0.0 0.0 0.0 0.0 0.0 0.0 0.0
1.6852517278282813 1.677299788940502 1.6693478500527223 1.661395911164943 1.6534439722771634 1.6454920333893706 1.6375400945015912 1.6295881556138117 1.6216362167260323 1.6355024361335897 1.6726927602615829 1.7098830843895763 1.7470734085175694 1.7842637326455628 1.821454056773556 1.8586443809015494 1.8958347050295425 1.933025029157536 1.9702153532855926 2.007405677413586 2.044596001541579 1.980688051759755 1.8087037602292935 1.6367194686988318 1.4647351771683703 1.2927508856379086 1.120766594107447 0.9487823025769853 0.7767980110465236 0.6048137195160621 0.4328294279856004 0.2608451364548454 0.08886084492438395 0.0 0.0 0.0 0.0 0.0 0.0 0.0 0.0 0.0 0.0 0.0 0.0 0.0
1.5439004524983109 1.5470424380774588 1.5501844236566067 1.5533264092357548 1.5564683948149027 1.5596103803940562 1.562752365973204 1.5658943515523522 1.5690363371315001 1.5897532144816944 1.6292580486598403 1.6687628828379861 1.708267717016132 1.7477725511942779 1.787277385372424 1.8267822195505699 1.8662870537287157 1.9057918879068616 1.9452967220850748 1.9848015562632209 2.0243063904413665 1.9623633343223117 1.7919701886278512 1.6215770429333904 1.4511838972389302 1.2807907515444694 1.1103976058500087 0.9400044601555482 0.7696113144610877 0.5992181687666271 0.42882502307216663 0.25843187737741546 0.08803873168295473 0.0 0.0 0.0 0.0 0.0 0.0 0.0 0.0 0.0 0.0 0.0 0.0 0.0
1.4025491771684608 1.416785087214527 1.4310209972605927 1.4452569073066588 1.4594928173527246 1.4737287273988149 1.487964637444881 1.5022005474909468 1.5164364575370128 1.544003992829838 1.5858233370581345 1.627642681286431 1.6694620255147277 1.7112813697430242 1.7531007139713208 1.7949200581996174 1.836739402427914 1.8785587466562106 1.9203780908845787 1.9621974351128753 2.0040167793411716 1.9440386168848842 1.7752366170264233 1.6064346171679624 1.4376326173095015 1.2688306174510409 1.1000286175925797 0.9312266177341191 0.7624246178756582 0.5936226180171973 0.4248206181587364 0.25601861829998773 0.08721661844152684 0.0 0.0 0.0 0.0 0.0 0.0 0.0 0.0 0.0 0.0 0.0 0.0 0.0
