Figures/CREST_Example_wjb_NSE/Rolling_result/20100722/BJP_forecast/ens_24/wjb.rain.20100728.asc
ncols            288
nrows            254
xllcorner        113.274861
yllcorner        31.4918055
cellsize         0.008333333333
NODATA_value     -9999
[rows 84 to 104 of 254, columns 47 to 93 of 288]
10.734808189897628 10.460859594586033 10.186910999274438 9.912962403962844 9.957787869998022 10.34339001269358 10.728992155388482 11.114594298083382 11.500196440778284 11.885798583473186 12.271400726168087 12.657002868862989 13.042605011557889 13.42820715425279 13.813809296947692 14.199411439642592 14.470538046086588 14.619287716614071 14.768037387141806 14.916787057669287 15.06553672819677 15.214286398724251 15.363036069251734 15.511785739779215 15.660535410306698 15.80928508083418 15.958034751361662 16.106784421889145 16.09031746218328 15.897230189775586 15.704142917367895 15.511055644959873 15.31796837255218 15.124881100144488 14.931793827736795 14.738706555329102 14.545619282921411 14.352532010513718 14.159444738106027 13.966357465698334 13.893646289427762 13.949619881466122 14.005593473504481 14.06156706554284 14.117540657581296 14.173514249619656 14.229487841658015
6.198034388863971 6.198034388863971 6.198034388863971 6.198034388863971 7.886217239218006 8.212128802768222 8.53804036631788 8.86395192986754 9.189863493417198 9.515775056966856 9.841686620516516 10.167598184066176 10.493509747615834 10.819421311165492 11.145332874715152 11.471244438264812 11.754535160928059 11.992263241260176 12.2299913215927 12.467719401924816 12.705447482256933 12.943175562589051 13.180903642921168 13.418631723253284 13.656359803585403 13.89408788391752 14.131815964249636 14.369544044581755 14.427629867292676 14.293674055510115 14.159718243727555 14.025762431944765 13.891806620162203 13.757850808379644 13.623894996597082 13.48993918481452 13.35598337303196 13.222027561249398 13.088071749466838 12.954115937684277 12.897664573966527 12.924067217499278 12.95046986103203 12.976872504564781 13.003275148097579 13.02967779163033 13.056080435163082
6.198034388863971 6.198034388863971 6.198034388863971 6.198034388863971 7.6044562676826235 7.886899706792487 8.16934314590187 8.45178658501125 8.734230024120633 9.016673463230015 9.299116902339398 9.58156034144878 9.864003780558162 10.146447219667543 10.428890658776925 10.711334097886308 10.967338604271603 11.195079293935523 11.422819983599831 11.650560673263751 11.87830136292767 12.106042052591592 12.333782742255512 12.561523431919431 12.78926412158335 13.017004811247272 13.244745500911192 13.472486190575111 13.551642738647903 13.471959480381026 13.392276222114148 13.312592963847136 13.232909705580258 13.15322644731338 13.073543189046502 12.993859930779625 12.914176672512747 12.83449341424587 12.754810155978992 12.675126897712115 12.64784454917114 12.676579957839817 12.705315366508492 12.734050775177169 12.762786183845895 12.791521592514572 12.820257001183249
6.198034388863971 6.198034388863971 6.198034388863971 6.198034388863971 7.3226952961472405 7.561670610816753 7.800645925485858 8.039621240154963 8.278596554824068 8.517571869493175 8.75654718416228 8.995522498831384 9.23449781350049 9.473473128169594 9.7124484428387 9.951423757507804 10.180142047615147 10.39789534661087 10.615648645606964 10.833401944602688 11.05115524359841 11.268908542594135 11.486661841589857 11.704415140585581 11.922168439581304 12.139921738577026 12.35767503757275 12.575428336568473 12.675655610003133 12.65024490525194 12.624834200500745 12.599423495749507 12.574012790998314 12.548602086247119 12.523191381495925 12.49778067674473 12.472369971993537 12.446959267242342 12.421548562491147 12.396137857739953 12.398024524375751 12.429092698180353 12.460160871984955 12.491229045789556 12.522297219594211 12.553365393398813 12.584433567203416
6.198034388863971 6.198034388863971 6.198034388863971 6.198034388863971 7.0409343246118565 7.236441514841018 7.431948705069846 7.627455895298675 7.822963085527503 8.018470275756332 8.21397746598516 8.409484656213989 8.604991846442816 8.800499036671646 8.996006226900473 9.1915134171293 9.392945490958692 9.600711399286217 9.808477307614098 10.016243215941623 10.224009124269148 10.431775032596676 10.639540940924201 10.847306849251726 11.055072757579254 11.262838665906779 11.470604574234304 11.678370482561832 11.799668481358362 11.82853033012285 11.85739217888734 11.886254027651876 11.915115876416367 11.943977725180856 11.972839573945345 12.001701422709834 12.030563271474323 12.059425120238812 12.0882869690033 12.11714881776779 12.14820449958036 12.181605438520888 12.215006377461416 12.248407316401943 12.281808255342527 12.315209194283053 12.34861013322358
6.198034388863971 6.198034388863971 6.198034388863971 6.198034388863971 6.759173353076473 6.911212418865284 7.0632514846538355 7.215290550442386 7.367329616230938 7.51936868201949 7.671407747808041 7.823446813596592 7.975485879385144 8.127524945173695 8.279564010962247 8.431603076750799 8.605748934302236 8.803527451961564 9.00130596962123 9.199084487280558 9.396863004939888 9.594641522599217 9.792420040258545 9.990198557917875 10.187977075577203 10.385755593236532 10.58353411089586 10.781312628555188 10.923681352713588 11.006815754993761 11.089950157273933 11.173084559554248 11.25621896183442 11.339353364114592 11.422487766394765 11.505622168674938 11.588756570955109 11.671890973235282 11.755025375515455 11.838159777795628 11.898384474784972 11.934118178861425 11.969851882937878 12.00558558701433 12.041319291090844 12.077052995167296 12.112786699243747
6.198034388863971 6.198034388863971 6.198034388863971 6.198034388863971 6.4774123815410904 6.5859833228895495 6.694554264237825 6.803125205586099 6.911696146934373 7.0202670882826474 7.128838029630923 7.237408970979197 7.345979912327471 7.454550853675746 7.563121795024021 7.671692736372295 7.818552377645779 8.006343504636911 8.194134631628362 8.381925758619495 8.569716885610626 8.757508012601757 8.945299139592889 9.13309026658402 9.320881393575153 9.508672520566284 9.696463647557415 9.884254774548548 10.047694224068815 10.18510117986467 10.322508135660527 10.459915091456617 10.597322047252472 10.73472900304833 10.872135958844185 11.00954291464004 11.146949870435897 11.284356826231752 11.421763782027607 11.559170737823464 11.648564449989584 11.686630919201962 11.724697388414338 11.762763857626716 11.80083032683916 11.838896796051536 11.876963265263914
6.198034388863971 6.198034388863971 6.198034388863971 6.198034388863971 6.1956514100057065 6.260754226913815 6.325857043821813 6.390959860729811 6.456062677637808 6.521165494545806 6.586268311453804 6.651371128361801 6.716473945269799 6.781576762177797 6.846679579085794 6.911782395993792 7.031355820989323 7.209159557312258 7.386963293635496 7.56476702995843 7.742570766281365 7.920374502604299 8.098178238927234 8.275981975250168 8.453785711573103 8.631589447896038 8.809393184218973 8.987196920541907 9.171707095424043 9.363386604735583 9.555066114047122 9.746745623358988 9.938425132670528 10.130104641982067 10.321784151293606 10.513463660605145 10.705143169916685 10.896822679228224 11.088502188539763 11.280181697851303 11.398744425194195 11.439143659542498 11.479542893890802 11.519942128239103 11.560341362587476 11.600740596935779 11.64113983128408
6.198034388863971 6.198034388863971 6.198034388863971 6.198034388863971 5.913890438470083 5.935525130937803 5.957159823405487 5.978794515873171 6.000429208340854 6.022063900808538 6.043698593276222 6.065333285743905 6.086967978211589 6.108602670679272 6.130237363146956 6.15187205561464 6.244159264332195 6.411975609986924 6.579791955641939 6.747608301296669 6.915424646951397 7.083240992606126 7.251057338260855 7.418873683915584 7.586690029570313 7.754506375225042 7.922322720879771 8.090139066534501 8.295719966778524 8.541672029605794 8.787624092433061 9.03357615526075 9.27952821808802 9.525480280915287 9.771432343742557 10.017384406569825 10.263336469397094 10.509288532224364 10.755240595051632 11.001192657878901 11.148924400398593 11.191656399882824 11.234388399367052 11.277120398851283 11.319852398335586 11.362584397819816 11.405316397304047
6.198034388863971 6.198034388863971 6.198034388863971 6.198034388863971 5.6321294669347 5.61029603496207 5.588462602989476 5.566629171016883 5.5447957390442895 5.522962307071697 5.501128875099103 5.47929544312651 5.4574620111539165 5.435628579181323 5.41379514720873 5.391961715236136 5.456962707675739 5.614791662662271 5.772620617649072 5.930449572635604 6.088278527622136 6.246107482608668 6.4039364375952 6.561765392581732 6.719594347568264 6.877423302554796 7.035252257541328 7.19308121252786 7.4197328381337515 7.719957454476704 8.020182070819656 8.320406687163121 8.620631303506073 8.920855919849025 9.221080536191977 9.52130515253493 9.821529768877882 10.121754385220836 10.421979001563788 10.72220361790674 10.899104375603205 10.94416914022336 10.989233904843516 11.03429866946367 11.079363434083902 11.124428198704058 11.169492963324213
6.198034388863971 6.198034388863971 6.198034388863971 6.198034388863971 5.350368495399317 5.2850669389863345 5.219765382573464 5.154463826160595 5.089162269747725 5.023860713334854 4.958559156921984 4.893257600509114 4.8279560440962435 4.762654487683374 4.697352931270504 4.6320513748576335 4.669766151019283 4.817607715337618 4.965449279656205 5.11329084397454 5.261132408292875 5.40897397261121 5.556815536929545 5.704657101247879 5.8524986655662135 6.000340229884548 6.148181794202883 6.296023358521218 6.543745709488979 6.898242879347615 7.252740049206251 7.607237219065491 7.9617343889241265 8.316231558782762 8.670728728641398 9.025225898500032 9.379723068358668 9.734220238217304 10.08871740807594 10.443214577934576 10.649284350807816 10.696681880563895 10.744079410319976 10.791476940076057 10.838874469832218 10.886271999588299 10.93366952934438
6.198034388863971 6.198034388863971 6.198034388863971 6.198034388863971 5.068607523863934 4.959837843010601 4.851068162157453 4.7422984813043065 4.63352880045116 4.524759119598013 4.415989438744866 4.307219757891718 4.198450077038571 4.0896803961854244 3.980910715332277 3.87214103447913 3.882569594362828 4.020423768012965 4.158277941663338 4.296132115313476 4.433986288963613 4.571840462613751 4.7096946362638885 4.847548809914026 4.985402983564164 5.123257157214302 5.2611113308644395 5.398965504514576 5.6677585808442075 6.0765283042185265 6.485298027592846 6.894067750967862 7.302837474342181 7.7116071977165 8.12037692109082 8.529146644465138 8.937916367839456 9.346686091213776 9.755455814588096 10.164225537962414 10.399464326012428 10.449194620904432 10.498924915796438 10.548655210688445 10.598385505580534 10.64811580047254 10.697846095364547
6.198034388863971 6.198034388863971 6.198034388863971 6.198034388863971 4.78684655232855 4.634608747034866 4.482370941741443 4.330133136448018 4.177895331154594 4.02565752586117 3.873419720567746 3.7211819152743226 3.5689441099808983 3.4167063046874744 3.2644684993940505 3.112230694100626 3.0953730377063717 3.223239820688312 3.3511066036704706 3.4789733866524113 3.606840169634352 3.7347069526162926 3.862573735598233 3.9904405185801735 4.118307301562114 4.246174084544055 4.374040867525995 4.501907650507936 4.791771452199435 5.254813729089437 5.71785600597944 6.180898282870232 6.643940559760234 7.106982836650237 7.57002511354024 8.033067390430242 8.496109667320244 8.959151944210246 9.422194221100249 9.885236497990253 10.149644301217037 10.201707361244969 10.253770421272899 10.30583348130083 10.35789654132885 10.409959601356782 10.462022661384712
6.198034388863971 6.198034388863971 6.198034388863971 6.198034388863971 4.562420645063126 4.402732984173521 4.243045323284188 4.083357662394856 3.923670001505523 3.7639823406161903 3.6042946797268574 3.444607018837525 3.2849193579481923 3.12523169705886 2.9655440361695273 2.805856375280195 2.7779624978806905 2.8909591541667368 3.0039558104529753 3.1169524667390216 3.2299491230250674 3.3429457793111137 3.4559424355971595 3.5689390918832054 3.6819357481692516 3.794932404455298 3.9079290607413437 4.0209257170273895 4.320266936420822 4.818814706388658 5.317362476356495 5.815910246325181 6.314458016293017 6.813005786260854 7.31155355622869 7.810101326196526 8.308649096164363 8.807196866132198 9.305744636100036 9.804292406067873 10.086200110581219 10.136514687189116 10.186829263797014 10.237143840404912 10.287458417012896 10.337772993620794 10.388087570228691
6.198034388863971 6.198034388863971 6.198034388863971 6.198034388863971 4.399282306715795 4.270646048792155 4.142009790868736 4.013373532945315 3.884737275021895 3.7561010170984748 3.627464759175054 3.498828501251634 3.370192243328214 3.2415559854047933 3.1129197274813736 2.984283469557953 2.9627235915912187 3.055630784208117 3.148537976825174 3.2414451694420725 3.334352362058971 3.427259554675869 3.520166747292768 3.6130739399096665 3.705981132526565 3.798888325143463 3.891795517760362 3.98470271037726 4.281128832503891 4.795121291142662 5.3091137497814325 5.823106208421079 6.33709866705985 6.85109112569862 7.365083584337391 7.879076042976161 8.39306850161493 8.907060960253702 9.421053418892473 9.935045877531243 10.22197993628159 10.266183432072365 10.310386927863142 10.354590423653917 10.398793919444769 10.442997415235544 10.48720091102632
6.198034388863971 6.198034388863971 6.198034388863971 6.198034388863971 4.236143968368605 4.138559113410904 4.040974258453369 3.9433894034958348 3.8458045485383003 3.748219693580766 3.6506348386232315 3.553049983665697 3.4554651287081626 3.357880273750628 3.2602954187930933 3.162710563835559 3.1474846853015888 3.220302414249357 3.2931201431972488 3.365937872145017 3.438755601092785 3.511573330040553 3.584391058988321 3.657208787936089 3.730026516883857 3.8028442458316247 3.875661974779393 3.948479703727161 4.241990728586994 4.771427875896686 5.300865023206377 5.830302170516972 6.359739317826664 6.889176465136355 7.418613612446048 7.9480507597557395 8.47748790706543 9.006925054375124 9.536362201684815 10.065799348994506 10.357759761981848 10.395852176955508 10.433944591929167 10.472037006902825 10.510129421876549 10.548221836850209 10.586314251823866
6.198034388863971 6.198034388863971 6.198034388863971 6.198034388863971 4.073005630021415 4.006472178029653 3.9399387260380037 3.873405274046355 3.806871822054706 3.7403383700630575 3.6738049180714087 3.60727146607976 3.5407380140881113 3.4742045620964626 3.407671110104814 3.341137658113165 3.3322457790119593 3.3849740442905967 3.437702309569324 3.490430574847962 3.5431588401265994 3.595887105405237 3.6486153706838746 3.701343635962512 3.7540719012411494 3.8068001665197873 3.8595284317984246 3.912256697077062 4.202852624670096 4.747734460650709 5.292616296631323 5.837498132612865 6.382379968593478 6.927261804574091 7.4721436405547035 8.017025476535316 8.56190731251593 9.106789148496542 9.651670984477155 10.196552820457768 10.493539587682106 10.525520921838648 10.557502255995189 10.589483590151731 10.621464924308327 10.65344625846487 10.685427592621412
6.198034388863971 6.198034388863971 6.198034388863971 6.198034388863971 3.9098672916742245 3.8743852426484007 3.838903193622638 3.803421144596875 3.767939095571112 3.732457046545349 3.696974997519586 3.661492948493823 3.62601089946806 3.590528850442297 3.555046801416534 3.519564752390771 3.5170068727223294 3.5496456743318365 3.582284475941399 3.6149232775509064 3.6475620791604135 3.6802008807699207 3.7128396823794274 3.7454784839889346 3.7781172855984417 3.810756087207949 3.843394888817456 3.876033690426963 4.1637145207531985 4.724041045404733 5.284367570056267 5.844694094708757 6.405020619360291 6.965347144011825 7.525673668663359 8.086000193314893 8.646326717966428 9.206653242617962 9.766979767269495 10.32730629192103 10.629319413382362 10.655189666721787 10.681059920061212 10.706930173400638 10.732800426740107 10.758670680079533 10.784540933418958
6.198034388863971 6.198034388863971 6.198034388863971 6.198034388863971 3.7467289533270343 3.7422983072671494 3.737867661207272 3.733437015147395 3.729006369087518 3.7245757230276406 3.7201450769677633 3.715714430907886 3.7112837848480087 3.706853138788132 3.7024224927282545 3.697991846668377 3.7017679664327 3.714317304373077 3.7268666423134746 3.739415980253851 3.751965318194228 3.7645146561346046 3.777063994074981 3.789613332015358 3.8021626699557345 3.814712007896111 3.8272613458364875 3.8398106837768644 4.124576416836302 4.700347630158757 5.276118843481212 5.851890056804649 6.427661270127104 7.00343248344956 7.579203696772014 8.15497491009447 8.730746123416925 9.306517336739379 9.882288550061835 10.458059763384291 10.76509923908262 10.784858411604928 10.804617584127236 10.824376756649544 10.844135929171886 10.863895101694194 10.883654274216502
6.198034388863971 6.198034388863971 6.198034388863971 6.198034388863971 3.5835906149798444 3.610211371885898 3.6368321287919065 3.6634528856979154 3.690073642603924 3.716694399509932 3.743315156415941 3.7699359133219494 3.796556670227958 3.8231774271339667 3.849798184039975 3.8764189409459835 3.886529060143071 3.8789889344143167 3.87144880868555 3.8639086829567963 3.856368557228042 3.8488284314992884 3.8412883057705347 3.8337481800417805 3.826208054313027 3.818667928584273 3.811127802855519 3.803587677126765 4.085438312919404 4.67665421491278 5.267870116906156 5.859086018900541 6.450301920893917 7.041517822887294 7.63273372488067 8.223949626874047 8.815165528867423 9.4063814308608 9.997597332854177 10.588813234847553 10.900879064782876 10.914527156488067 10.92817524819326 10.94182333989845 10.955471431603666 10.969119523308857 10.98276761501405
6.198034388863971 6.198034388863971 6.198034388863971 6.198034388863971 3.4204522766326537 3.4781244365046464 3.535796596376541 3.593468756248435 3.6511409161203296 3.7088130759922238 3.766485235864118 3.8241573957360124 3.8818295556079065 3.9395017154798007 3.997173875351695 4.05484603522359 4.0712901538534405 4.043660564455556 4.016030975057625 3.9884013856597407 3.9607717962618563 3.933142206863972 3.9055126174660875 3.8778830280682035 3.850253438670319 3.8226238492724347 3.7949942598745503 3.767364670476666 4.046300209002506 4.652960799666804 5.259621390331102 5.866281980996433 6.472942571660731 7.079603162325029 7.686263752989326 8.292924343653624 8.899584934317922 9.50624552498222 10.112906115646517 10.719566706310815 11.036658890483132 11.044195901371207 11.051732912259283 11.059269923147356 11.066806934035444 11.07434394492352 11.081880955811593
