Figures/CREST_Example_wjb_NSE/Rolling_result/20100722/BJP_forecast/ens_24/wjb.rain.20100727.asc
ncols            288
nrows            254
xllcorner        113.274861
yllcorner        31.4918055
cellsize         0.008333333333
NODATA_value     -9999
[rows 207 to 229 of 254, columns 104 to 155 of 288]
-9999.0 -9999.0 -9999.0 -9999.0 -9999.0 -9999.0 -9999.0 -9999.0 -9999.0 1.1483340304347986 1.1483340304347986 1.1483340304347986 1.1483340304347986 1.1483340304347986 1.1483340304347986 1.1483340304347986 1.1483340304347986 1.1483340304347986 1.1483340304347986 0.09986067775846015 0.30647467836888137 0.5130886789793025 0.7197026795897238 0.9263166802001449 1.1329306808105661 1.3395446814209873 1.546158682031761 1.7527726826421821 1.9593866832526032 2.1660006838630244 2.3726146844734455 2.4837583136145476 2.492841956416091 2.501925599217635 2.5110092420191785 2.520092884820722 2.5291765276222655 2.538260170423809 2.547343813225353 2.556427456026912 2.5655110988284555 2.574594741629999 2.5836783844315425 2.5733157536298723 2.5421646164930656 2.511013479356259 2.4798623422194526 2.448711205082646 2.417560067945839 2.386408930809033 2.355257793672226 2.3241066565354194
-9999.0 -9999.0 -9999.0 -9999.0 -9999.0 -9999.0 -9999.0 -9999.0 -9999.0 -9999.0 -9999.0 -9999.0 -9999.0 1.1483340304347986 1.1483340304347986 1.1483340304347986 1.1483340304347986 1.1483340304347986 1.1483340304347986 0.100466734339865 0.3083346797230546 0.5162026251062443 0.7240705704894338 0.9319385158726234 1.139806461255813 1.3476744066390027 1.5555423520225466 1.7634102974057364 1.971278242788926 2.1791461881721155 2.3870141335553052 2.493932581698686 2.492933734133302 2.4919348865679183 2.4909360390025346 2.489937191437151 2.488938343871767 2.4879394963063834 2.4869406487409997 2.4859418011756143 2.4849429536102305 2.483944106044847 2.482945258479463 2.470406106034095 2.445530106643031 2.420654107251967 2.3957781078609037 2.37090210846984 2.346026109078776 2.3211501096877125 2.2962741102966486 2.2713981109055847
-9999.0 -9999.0 -9999.0 -9999.0 -9999.0 -9999.0 -9999.0 -9999.0 -9999.0 -9999.0 -9999.0 -9999.0 -9999.0 -9999.0 -9999.0 1.1483340304347986 1.1483340304347986 1.1483340304347986 1.1483340304347986 0.10107279092126985 0.31019468107722786 0.5193165712331859 0.7284384613891439 0.9375603515451019 1.1466822417010598 1.355804131857018 1.5649260220133325 1.7740479121692905 1.9831698023252486 2.1922916924812066 2.4014135826371645 2.5041068497828247 2.493025511850514 2.4819441739182024 2.4708628359858915 2.45978149805358 2.4487001601212692 2.4376188221889583 2.426537484256647 2.415456146324317 2.404374808392006 2.393293470459695 2.3822121325273837 2.3674964584383176 2.3488955967929965 2.3302947351476755 2.3116938735023544 2.293093011857034 2.274492150211713 2.2558912885663918 2.237290426921071 2.21868956527575
-9999.0 -9999.0 -9999.0 -9999.0 -9999.0 -9999.0 -9999.0 -9999.0 -9999.0 -9999.0 -9999.0 -9999.0 -9999.0 -9999.0 -9999.0 1.1483340304347986 1.1483340304347986 1.1483340304347986 1.1483340304347986 0.10167884750267495 0.31205468243140183 0.5224305173601288 0.7328063522888557 0.9431821872175826 1.1535580221463095 1.3639338570750363 1.5743096920041222 1.784685526932849 1.995061361861576 2.205437196790303 2.4158130317190296 2.5142811178669673 2.4931172895677243 2.4719534612684817 2.450789632969239 2.4296258046699966 2.4084619763707535 2.387298148071511 2.3661343197722684 2.3449704914729894 2.323806663173747 2.3026428348745043 2.2814790065752613 2.264586810842496 2.2522610869429207 2.239935363043345 2.22760963914377 2.2152839152441945 2.202958191344619 2.190632467445044 2.1783067435454684 2.165981019645893
-9999.0 -9999.0 -9999.0 -9999.0 -9999.0 -9999.0 -9999.0 -9999.0 -9999.0 -9999.0 -9999.0 -9999.0 -9999.0 -9999.0 1.1483340304347986 1.1483340304347986 1.1483340304347986 1.1483340304347986 1.1483340304347986 0.10228490408407981 0.31391468378557513 0.5255444634870705 0.7371742431885658 0.9488040228900612 1.1604338025915566 1.3720635822930518 1.583693361994908 1.7953231416964035 2.006952921397899 2.218582701099394 2.4302124808008894 2.524455385951106 2.4932090672849356 2.461962748618766 2.4307164299525956 2.399470111286426 2.3682237926202556 2.336977473954086 2.3057311552879156 2.274484836621692 2.2432385179555223 2.211992199289352 2.1807458806231823 2.1616771632467184 2.155626577092886 2.1495759909390535 2.143525404785221 2.1374748186313886 2.131424232477556 2.125373646323723 2.119323060169891 2.1132724740160582
-9999.0 -9999.0 -9999.0 -9999.0 -9999.0 -9999.0 -9999.0 -9999.0 -9999.0 -9999.0 -9999.0 -9999.0 -9999.0 -9999.0 1.1483340304347986 1.1483340304347986 1.1483340304347986 1.1483340304347986 1.1483340304347986 0.10289096066548464 0.3157746851397484 0.5286584096140121 0.7415421340882759 0.9544258585625396 1.1673095830368032 1.380193307511067 1.5930770319856937 1.8059607564599574 2.018844480934221 2.231728205408485 2.4446119298827487 2.534629654035244 2.493300845002147 2.4519720359690496 2.410643226935952 2.3693144179028547 2.3279856088697573 2.28665679983666 2.245327990803563 2.2039991817703948 2.1626703727372973 2.1213415637042 2.080012754671103 2.058767515650941 2.0589920672428517 2.059216618834762 2.059441170426672 2.0596657220185826 2.0598902736104927 2.060114825202403 2.0603393767943134 2.0605639283862236
-9999.0 -9999.0 -9999.0 -9999.0 -9999.0 -9999.0 -9999.0 -9999.0 -9999.0 -9999.0 -9999.0 -9999.0 1.1483340304347986 1.1483340304347986 1.1483340304347986 1.1483340304347986 1.1483340304347986 1.1483340304347986 1.1483340304347986 0.10349701724688976 0.31763468649392246 0.5317723557409552 0.7459100249879879 0.9600476942350206 1.1741853634820532 1.3883230327290859 1.6024607019764838 1.8165983712235165 2.0307360404705492 2.2448737097175817 2.4590113789646146 2.544803922119387 2.493392622719358 2.4419813233193293 2.3905700239193 2.339158724519271 2.287747425119242 2.2363361257192134 2.1849248263191843 2.1335135269190677 2.0821022275190386 2.0306909281190095 1.9792796287189804 1.95585786805512 1.9623575573927758 1.9688572467304317 1.9753569360680874 1.9818566254057433 1.9883563147433991 1.9948560040810548 2.0013556934187107 2.0078553827563663
-9999.0 -9999.0 -9999.0 -9999.0 -9999.0 -9999.0 -9999.0 -9999.0 -9999.0 -9999.0 -9999.0 -9999.0 1.1483340304347986 1.1483340304347986 1.1483340304347986 1.1483340304347986 1.1483340304347986 1.1483340304347986 1.1483340304347986 0.10410307382829459 0.31949468784809565 0.5348863018678968 0.7502779158876978 0.9656695299074989 1.1810611439273 1.3964527579471009 1.6118443719672693 1.8272359859870704 2.0426276000068713 2.2580192140266724 2.4734108280464735 2.554978190203525 2.493484400436569 2.4319906106696125 2.3704968209026562 2.3090030311357 2.2475092413687436 2.1860154516017873 2.124521661834831 2.06302787206777 2.0015340823008136 1.9400402925338573 1.878546502766901 1.8529482204593426 1.8657230475427413 1.8784978746261398 1.8912727017095385 1.9040475287929373 1.9168223558763358 1.9295971829597345 1.9423720100431332 1.9551468371265317
-9999.0 -9999.0 -9999.0 -9999.0 -9999.0 -9999.0 -9999.0 -9999.0 -9999.0 -9999.0 -9999.0 -9999.0 1.1483340304347986 1.1483340304347986 1.1483340304347986 1.1483340304347986 1.1483340304347986 1.1483340304347986 1.1483340304347986 0.10470913040969945 0.32135468920226895 0.5380002479948385 0.754645806787408 0.9712913655799774 1.187936924372547 1.4045824831651164 1.6212280419580554 1.837873600750625 2.054519159543194 2.271164718335764 2.4878102771283332 2.565152458287664 2.4935761781537806 2.4219998980198967 2.350423617886013 2.278847337752129 2.2072710576182457 2.135694777484362 2.0641184973504787 1.9925422172164728 1.9209659370825891 1.8493896569487056 1.7778133768148219 1.7500385728635652 1.7690885376927068 1.7881385025218481 1.8071884673509897 1.8262384321801313 1.8452883970092726 1.8643383618384142 1.8833883266675555 1.902438291496697
-9999.0 -9999.0 -9999.0 -9999.0 -9999.0 -9999.0 -9999.0 -9999.0 -9999.0 -9999.0 -9999.0 -9999.0 -9999.0 1.1483340304347986 1.1483340304347986 1.1483340304347986 1.1483340304347986 1.1483340304347986 1.1483340304347986 0.10531518699110429 0.32321469055644214 0.5411141941217801 0.7590136976871179 0.9769132012524557 1.1948127048177937 1.4127122083831316 1.630611711948841 1.848511215514179 2.0664107190795167 2.2843102226448546 2.5022097262101926 2.5753267263718023 2.4936679558709915 2.4120091853701804 2.3303504148693697 2.2486916443685585 2.167032873867748 2.0853741033669366 2.0037153328661255 1.9220565623651753 1.8403977918643646 1.7587390213635534 1.6770802508627425 1.6471289252677879 1.6724540278426723 1.6977791304175565 1.7231042329924409 1.748429335567325 1.7737544381422095 1.7990795407170936 1.824404643291978 1.8497297458668625
-9999.0 -9999.0 -9999.0 -9999.0 -9999.0 -9999.0 -9999.0 -9999.0 -9999.0 -9999.0 -9999.0 -9999.0 -9999.0 1.1483340304347986 1.1483340304347986 1.1483340304347986 1.1483340304347986 1.1483340304347986 1.1483340304347986 1.1483340304347986 1.1483340304347986 1.1483340304347986 1.1483340304347986 1.1483340304347986 1.1483340304347986 1.1483340304347986 1.1483340304347986 1.1483340304347986 1.1483340304347986 1.1483340304347986 1.1483340304347986 2.7298857376241217 2.658911713195507 2.587937688766892 2.5169636643382773 2.4459896399096626 2.375015615481048 2.304041591052433 2.2330675666238182 2.162093542195082 2.091119517766468 2.0201454933378526 1.9491714689092379 1.9209901804909038 1.9385552947921372 1.9561204090933704 1.9736855233946038 1.991250637695837 2.00881575199707 2.026380866298304 2.043945980599537 2.0615110949007702
-9999.0 -9999.0 -9999.0 -9999.0 -9999.0 -9999.0 -9999.0 -9999.0 -9999.0 -9999.0 -9999.0 -9999.0 -9999.0 -9999.0 -9999.0 1.1483340304347986 1.1483340304347986 1.1483340304347986 1.1483340304347986 1.1483340304347986 1.1483340304347986 1.1483340304347986 1.1483340304347986 1.1483340304347986 1.1483340304347986 1.1483340304347986 1.1483340304347986 1.1483340304347986 1.1483340304347986 1.1483340304347986 1.1483340304347986 3.0387829393083114 3.0006925278263044 2.9626021163442977 2.924511704862291 2.8864212933802844 2.8483308818982778 2.8102404704162707 2.772150058934264 2.7340596474521925 2.6959692359701855 2.657878824488179 2.619788413006172 2.597595784406961 2.5923982452998047 2.587200706192649 2.582003167085493 2.5768056279783367 2.5716080888711805 2.5664105497640244 2.5612130106568687 2.5560154715497125
-9999.0 -9999.0 -9999.0 -9999.0 -9999.0 -9999.0 -9999.0 -9999.0 -9999.0 -9999.0 -9999.0 -9999.0 -9999.0 -9999.0 -9999.0 1.1483340304347986 1.1483340304347986 1.1483340304347986 1.1483340304347986 1.1483340304347986 1.1483340304347986 1.1483340304347986 1.1483340304347986 1.1483340304347986 1.1483340304347986 1.1483340304347986 1.1483340304347986 1.1483340304347986 1.1483340304347986 1.1483340304347986 1.1483340304347986 3.3476801409925008 3.3424733424571023 3.3372665439217037 3.332059745386305 3.3268529468509063 3.3216461483155078 3.3164393497801092 3.3112325512447107 3.306025752709303 3.3008189541739044 3.295612155638506 3.2904053571031073 3.2742013883230188 3.2462411958074733 3.218281003291928 3.1903208107763823 3.1623606182608364 3.134400425745291 3.1064402332297454 3.0784800407142 3.0505198481986544
-9999.0 -9999.0 -9999.0 -9999.0 -9999.0 -9999.0 -9999.0 -9999.0 -9999.0 -9999.0 -9999.0 -9999.0 -9999.0 -9999.0 -9999.0 -9999.0 1.1483340304347986 1.1483340304347986 1.1483340304347986 1.1483340304347986 1.1483340304347986 1.1483340304347986 1.1483340304347986 1.1483340304347986 1.1483340304347986 1.1483340304347986 1.1483340304347986 1.1483340304347986 1.1483340304347986 1.1483340304347986 1.1483340304347986 3.656577342676822 3.6842541570880454 3.7119309714992688 3.7396077859104926 3.767284600321716 3.7949614147329394 3.822638229144163 3.8503150435553866 3.8779918579666575 3.905668672377881 3.9333454867891047 3.961022301200328 3.9508069922393654 3.9000841463154203 3.8493613003914757 3.7986384544675307 3.747915608543586 3.6971927626196415 3.6464699166956964 3.5957470707717514 3.5450242248478068
-9999.0 -9999.0 -9999.0 -9999.0 -9999.0 -9999.0 -9999.0 -9999.0 -9999.0 -9999.0 -9999.0 -9999.0 -9999.0 -9999.0 -9999.0 -9999.0 -9999.0 1.1483340304347986 1.1483340304347986 1.1483340304347986 1.1483340304347986 1.1483340304347986 1.1483340304347986 1.1483340304347986 1.1483340304347986 1.1483340304347986 1.1483340304347986 1.1483340304347986 1.1483340304347986 1.1483340304347986 1.1483340304347986 3.9654745443610113 4.026034971718843 4.086595399076675 4.147155826434506 4.207716253792338 4.268276681150169 4.328837108508001 4.389397535865832 4.449957963223767 4.510518390581599 4.571078817939431 4.631639245297262 4.627412596155422 4.553927096823088 4.480441597490754 4.406956098158419 4.333470598826086 4.259985099493751 4.186499600161417 4.113014100829083 4.039528601496748
-9999.0 -9999.0 -9999.0 -9999.0 -9999.0 -9999.0 -9999.0 -9999.0 -9999.0 -9999.0 -9999.0 -9999.0 -9999.0 -9999.0 -9999.0 -9999.0 -9999.0 -9999.0 1.1483340304347986 1.1483340304347986 1.1483340304347986 1.1483340304347986 1.1483340304347986 1.1483340304347986 1.1483340304347986 1.1483340304347986 1.1483340304347986 1.1483340304347986 1.1483340304347986 1.1483340304347986 1.1483340304347986 4.2743717460452 4.36781578634964 4.4612598266540795 4.554703866958519 4.648147907262959 4.741591947567398 4.835035987871839 4.928480028176278 5.021924068480877 5.115368108785317 5.2088121490897565 5.302256189394196 5.3040182000714795 5.207770047330755 5.111521894590032 5.015273741849308 4.919025589108585 4.822777436367861 4.726529283627137 4.630281130886414 4.53403297814569
-9999.0 -9999.0 -9999.0 -9999.0 -9999.0 -9999.0 -9999.0 -9999.0 -9999.0 -9999.0 -9999.0 -9999.0 -9999.0 -9999.0 -9999.0 -9999.0 -9999.0 -9999.0 -9999.0 1.1483340304347986 1.1483340304347986 1.1483340304347986 1.1483340304347986 1.1483340304347986 1.1483340304347986 1.1483340304347986 1.1483340304347986 1.1483340304347986 1.1483340304347986 1.1483340304347986 1.1483340304347986 4.583268947729521 4.709596600980583 4.835924254231645 4.962251907482707 5.088579560733769 5.214907213984831 5.341234867235892 5.467562520486954 5.593890173738232 5.720217826989293 5.846545480240355 5.972873133491417 5.980623803987826 5.861612997838703 5.74260219168958 5.623591385540458 5.504580579391335 5.385569773242212 5.266558967093089 5.147548160943966 5.028537354794843
-9999.0 -9999.0 -9999.0 -9999.0 -9999.0 -9999.0 -9999.0 -9999.0 -9999.0 -9999.0 -9999.0 -9999.0 -9999.0 -9999.0 -9999.0 -9999.0 -9999.0 -9999.0 -9999.0 -9999.0 1.1483340304347986 1.1483340304347986 1.1483340304347986 1.1483340304347986 1.1483340304347986 1.1483340304347986 1.1483340304347986 1.1483340304347986 1.1483340304347986 1.1483340304347986 1.1483340304347986 4.892166149413711 5.051377415611381 5.210588681809051 5.369799948006721 5.529011214204391 5.688222480402061 5.847433746599731 6.006645012797401 6.165856278995342 6.325067545193012 6.484278811390682 6.643490077588352 6.657229407903884 6.515455948346371 6.373682488788859 6.231909029231347 6.090135569673834 5.948362110116322 5.80658865055881 5.664815191001297 5.523041731443785
-9999.0 -9999.0 -9999.0 -9999.0 -9999.0 -9999.0 -9999.0 -9999.0 -9999.0 -9999.0 -9999.0 -9999.0 -9999.0 -9999.0 -9999.0 -9999.0 -9999.0 -9999.0 -9999.0 -9999.0 -9999.0 1.1483340304347986 1.1483340304347986 1.1483340304347986 1.1483340304347986 1.1483340304347986 1.1483340304347986 1.1483340304347986 1.1483340304347986 1.1483340304347986 1.1483340304347986 5.2010633510979005 5.393158230242179 5.585253109386456 5.777347988530734 5.969442867675013 6.16153774681929 6.353632625963568 6.5457275051078465 6.737822384252452 6.92991726339673 7.122012142541008 7.314107021685286 7.333835011819941 7.169298898854039 7.004762785888137 6.840226672922236 6.675690559956333 6.511154446990432 6.34661833402453 6.182082221058629 6.017546108092726
-9999.0 -9999.0 -9999.0 -9999.0 -9999.0 -9999.0 -9999.0 -9999.0 -9999.0 -9999.0 -9999.0 -9999.0 -9999.0 -9999.0 -9999.0 -9999.0 -9999.0 -9999.0 -9999.0 -9999.0 -9999.0 1.1483340304347986 1.1483340304347986 1.1483340304347986 1.1483340304347986 1.1483340304347986 1.1483340304347986 1.1483340304347986 1.1483340304347986 1.1483340304347986 1.1483340304347986 5.509960552782221 5.734939044873121 5.959917536964022 6.184896029054921 6.409874521145822 6.634853013236722 6.859831505327622 7.084809997418522 7.309788489509806 7.534766981600706 7.759745473691606 7.984723965782506 8.010440615736286 7.823141849361986 7.635843082987685 7.448544316613384 7.2612455502390825 7.073946783864781 6.886648017490481 6.69934925111618 6.512050484741879
-9999.0 -9999.0 -9999.0 -9999.0 -9999.0 -9999.0 -9999.0 -9999.0 -9999.0 -9999.0 -9999.0 -9999.0 -9999.0 -9999.0 -9999.0 -9999.0 -9999.0 -9999.0 -9999.0 -9999.0 -9999.0 1.1483340304347986 1.1483340304347986 1.1483340304347986 1.1483340304347986 1.1483340304347986 1.1483340304347986 1.1483340304347986 1.1483340304347986 1.1483340304347986 1.1483340304347986 5.8188577544664115 6.076719859503919 6.334581964541428 6.592444069578936 6.850306174616445 7.1081682796539525 7.366030384691461 7.62389248972897 7.881754594766917 8.139616699804426 8.397478804841935 8.655340909879442 8.687046219652345 8.476984799869655 8.266923380086965 8.056861960304273 7.846800540521583 7.636739120738892 7.426677700956201 7.216616281173511 7.006554861390821
-9999.0 -9999.0 -9999.0 -9999.0 -9999.0 -9999.0 -9999.0 -9999.0 -9999.0 -9999.0 -9999.0 -9999.0 -9999.0 -9999.0 -9999.0 -9999.0 -9999.0 -9999.0 -9999.0 -9999.0 -9999.0 -9999.0 1.1483340304347986 1.1483340304347986 1.1483340304347986 1.1483340304347986 1.1483340304347986 1.1483340304347986 1.1483340304347986 1.1483340304347986 1.1483340304347986 6.1277549561506 6.418500674134717 6.709246392118833 6.99999211010295 7.290737828087066 7.5814835460711825 7.872229264055298 8.162974982039415 8.453720700024027 8.744466418008145 9.03521213599226 9.325957853976377 9.363651823568402 9.130827750377323 8.898003677186242 8.665179603995162 8.432355530804083 8.199531457613002 7.966707384421922 7.7338833112308425 7.501059238039762
-9999.0 -9999.0 -9999.0 -9999.0 -9999.0 -9999.0 -9999.0 -9999.0 -9999.0 -9999.0 -9999.0 -9999.0 -9999.0 -9999.0 -9999.0 -9999.0 -9999.0 -9999.0 -9999.0 -9999.0 -9999.0 1.1483340304347986 1.1483340304347986 1.1483340304347986 1.1483340304347986 1.1483340304347986 1.1483340304347986 1.1483340304347986 1.1483340304347986 1.1483340304347986 1.1483340304347986 6.352621613241037 6.649372060358027 6.946122507475017 7.242872954592007 7.539623401708997 7.836373848825987 8.133124295942977 8.429874743059967 8.726625190177463 9.023375637294453 9.320126084411445 9.616876531528433 9.656816310593168 9.422219676735457 9.187623042877746 8.953026409020035 8.718429775162324 8.483833141304613 8.249236507446902 8.014639873589191 7.78004323973148
