Figures/CREST_Example_wjb_NSE/Rolling_result/20100722/BJP_forecast/ens_24/wjb.rain.20100722.asc
ncols            288
nrows            254
xllcorner        113.274861
yllcorner        31.4918055
cellsize         0.008333333333
NODATA_value     -9999
[rows 27 to 53 of 254, columns 118 to 176 of 288]
3.503666207982961 3.545513490395674 3.587360772808387 3.6292080552211 3.671055337633813 1.270172993773822 1.270172993773822 1.270172993773822 1.270172993773822 1.270172993773822 1.270172993773822 1.270172993773822 -9999.0 -9999.0 -9999.0 -9999.0 -9999.0 -9999.0 -9999.0 -9999.0 -9999.0 -9999.0 -9999.0 -9999.0 -9999.0 -9999.0 -9999.0 -9999.0 -9999.0 -9999.0 -9999.0 -9999.0 -9999.0 -9999.0 -9999.0 -9999.0 -9999.0 -9999.0 -9999.0 -9999.0 -9999.0 -9999.0 -9999.0 -9999.0 -9999.0 -9999.0 -9999.0 -9999.0 -9999.0 -9999.0 -9999.0 -9999.0 -9999.0 -9999.0 -9999.0 -9999.0 -9999.0 -9999.0 -9999.0
3.5728799747601427 3.616651939908382 3.660423905056621 3.70419587020486 3.747967835353099 1.270172993773822 1.270172993773822 1.270172993773822 1.270172993773822 1.270172993773822 1.270172993773822 1.270172993773822 1.270172993773822 1.270172993773822 1.270172993773822 -9999.0 -9999.0 -9999.0 -9999.0 -9999.0 -9999.0 -9999.0 -9999.0 -9999.0 -9999.0 -9999.0 -9999.0 -9999.0 -9999.0 -9999.0 -9999.0 -9999.0 -9999.0 -9999.0 -9999.0 -9999.0 -9999.0 -9999.0 -9999.0 -9999.0 -9999.0 -9999.0 -9999.0 -9999.0 -9999.0 -9999.0 -9999.0 -9999.0 -9999.0 -9999.0 -9999.0 -9999.0 -9999.0 -9999.0 -9999.0 -9999.0 -9999.0 -9999.0 -9999.0
3.642093741537324 3.6877903894210897 3.733487037304855 3.7791836851886202 3.8248803330723855 1.270172993773822 1.270172993773822 1.270172993773822 1.270172993773822 1.270172993773822 1.270172993773822 1.270172993773822 1.270172993773822 1.270172993773822 1.270172993773822 1.270172993773822 1.270172993773822 -9999.0 -9999.0 -9999.0 -9999.0 -9999.0 -9999.0 -9999.0 -9999.0 -9999.0 -9999.0 -9999.0 -9999.0 -9999.0 -9999.0 -9999.0 -9999.0 -9999.0 -9999.0 -9999.0 -9999.0 -9999.0 -9999.0 -9999.0 -9999.0 -9999.0 -9999.0 -9999.0 -9999.0 -9999.0 -9999.0 -9999.0 -9999.0 -9999.0 -9999.0 -9999.0 -9999.0 -9999.0 -9999.0 -9999.0 -9999.0 -9999.0 -9999.0
3.7113075083145057 3.7589288389337976 3.806550169553089 3.8541715001723804 3.9017928307916723 1.270172993773822 1.270172993773822 1.270172993773822 1.270172993773822 1.270172993773822 1.270172993773822 1.270172993773822 1.270172993773822 1.270172993773822 1.270172993773822 1.270172993773822 1.270172993773822 1.270172993773822 1.270172993773822 1.270172993773822 -9999.0 -9999.0 -9999.0 -9999.0 -9999.0 -9999.0 -9999.0 -9999.0 -9999.0 -9999.0 -9999.0 -9999.0 -9999.0 -9999.0 -9999.0 -9999.0 -9999.0 -9999.0 -9999.0 -9999.0 -9999.0 -9999.0 -9999.0 -9999.0 -9999.0 -9999.0 -9999.0 -9999.0 -9999.0 -9999.0 -9999.0 -9999.0 -9999.0 -9999.0 -9999.0 -9999.0 -9999.0 -9999.0 -9999.0
3.7805212750916874 3.8300672884465055 3.879613301801323 3.9291593151561406 3.9787053285109586 1.270172993773822 1.270172993773822 1.270172993773822 1.270172993773822 1.270172993773822 1.270172993773822 1.270172993773822 1.270172993773822 1.270172993773822 1.270172993773822 1.270172993773822 1.270172993773822 1.270172993773822 1.270172993773822 1.270172993773822 -9999.0 -9999.0 -9999.0 -9999.0 -9999.0 -9999.0 -9999.0 -9999.0 -9999.0 -9999.0 -9999.0 -9999.0 -9999.0 -9999.0 -9999.0 -9999.0 -9999.0 -9999.0 -9999.0 -9999.0 -9999.0 -9999.0 -9999.0 -9999.0 -9999.0 -9999.0 -9999.0 -9999.0 -9999.0 -9999.0 -9999.0 -9999.0 -9999.0 -9999.0 -9999.0 -9999.0 -9999.0 -9999.0 -9999.0
3.849735041868869 3.901205737959213 3.952676434049557 4.004147130139901 4.055617826230245 1.270172993773822 1.270172993773822 1.270172993773822 1.270172993773822 1.270172993773822 1.270172993773822 1.270172993773822 1.270172993773822 1.270172993773822 1.270172993773822 1.270172993773822 1.270172993773822 1.270172993773822 1.270172993773822 1.270172993773822 -9999.0 -9999.0 -9999.0 -9999.0 -9999.0 -9999.0 -9999.0 -9999.0 -9999.0 -9999.0 -9999.0 -9999.0 -9999.0 -9999.0 -9999.0 -9999.0 -9999.0 -9999.0 -9999.0 -9999.0 -9999.0 -9999.0 -9999.0 -9999.0 -9999.0 -9999.0 -9999.0 -9999.0 -9999.0 -9999.0 -9999.0 -9999.0 -9999.0 -9999.0 -9999.0 -9999.0 -9999.0 -9999.0 -9999.0
3.91894880864611 3.9723441874719816 4.025739566297854 4.079134945123725 4.132530323949597 1.270172993773822 1.270172993773822 1.270172993773822 1.270172993773822 1.270172993773822 1.270172993773822 1.270172993773822 1.270172993773822 1.270172993773822 1.270172993773822 1.270172993773822 1.270172993773822 1.270172993773822 1.270172993773822 1.270172993773822 1.270172993773822 -9999.0 -9999.0 -9999.0 -9999.0 -9999.0 -9999.0 -9999.0 -9999.0 -9999.0 -9999.0 -9999.0 -9999.0 -9999.0 -9999.0 -9999.0 -9999.0 -9999.0 -9999.0 -9999.0 -9999.0 -9999.0 -9999.0 -9999.0 -9999.0 -9999.0 -9999.0 -9999.0 -9999.0 -9999.0 -9999.0 -9999.0 -9999.0 -9999.0 -9999.0 -9999.0 -9999.0 -9999.0 -9999.0
3.9881625754232912 4.043482636984689 4.098802698546088 4.1541227601074855 4.209442821668883 1.270172993773822 1.270172993773822 1.270172993773822 1.270172993773822 1.270172993773822 1.270172993773822 1.270172993773822 1.270172993773822 1.270172993773822 1.270172993773822 1.270172993773822 1.270172993773822 1.270172993773822 1.270172993773822 1.270172993773822 1.270172993773822 1.270172993773822 -9999.0 -9999.0 -9999.0 -9999.0 -9999.0 -9999.0 -9999.0 -9999.0 -9999.0 -9999.0 -9999.0 -9999.0 -9999.0 -9999.0 -9999.0 -9999.0 -9999.0 -9999.0 -9999.0 -9999.0 -9999.0 -9999.0 -9999.0 -9999.0 -9999.0 -9999.0 -9999.0 -9999.0 -9999.0 -9999.0 -9999.0 -9999.0 -9999.0 -9999.0 -9999.0 -9999.0 -9999.0
4.057376342200473 4.114621086497396 4.171865830794321 4.229110575091245 4.286355319388169 1.270172993773822 1.270172993773822 1.270172993773822 1.270172993773822 1.270172993773822 1.270172993773822 1.270172993773822 1.270172993773822 1.270172993773822 1.270172993773822 1.270172993773822 1.270172993773822 1.270172993773822 1.270172993773822 1.270172993773822 1.270172993773822 1.270172993773822 -9999.0 -9999.0 -9999.0 -9999.0 -9999.0 -9999.0 -9999.0 -9999.0 -9999.0 -9999.0 -9999.0 -9999.0 -9999.0 -9999.0 -9999.0 -9999.0 -9999.0 -9999.0 -9999.0 -9999.0 -9999.0 -9999.0 -9999.0 -9999.0 -9999.0 -9999.0 -9999.0 -9999.0 -9999.0 -9999.0 -9999.0 -9999.0 -9999.0 -9999.0 -9999.0 -9999.0 -9999.0
4.126590108977654 4.185759536010105 4.244928963042555 4.304098390075005 4.363267817107455 1.270172993773822 1.270172993773822 1.270172993773822 1.270172993773822 1.270172993773822 1.270172993773822 1.270172993773822 1.270172993773822 1.270172993773822 1.270172993773822 1.270172993773822 1.270172993773822 1.270172993773822 1.270172993773822 1.270172993773822 1.270172993773822 1.270172993773822 1.270172993773822 -9999.0 -9999.0 -9999.0 -9999.0 -9999.0 -9999.0 -9999.0 -9999.0 -9999.0 -9999.0 -9999.0 -9999.0 -9999.0 -9999.0 -9999.0 -9999.0 -9999.0 -9999.0 -9999.0 -9999.0 -9999.0 -9999.0 -9999.0 -9999.0 -9999.0 -9999.0 -9999.0 -9999.0 -9999.0 -9999.0 -9999.0 -9999.0 -9999.0 -9999.0 -9999.0 -9999.0
4.239800626092353 4.297588210774799 4.3553757954572445 4.41316338013969 4.470950964822136 4.495281531463781 4.483845789196404 4.472410046929026 4.460974304661648 4.44953856239427 4.438102820126892 4.4266670778595145 4.415231335592117 4.40379559332474 4.392359851057362 4.380924108789984 4.3694883665226065 1.270172993773822 1.270172993773822 1.270172993773822 1.270172993773822 1.270172993773822 1.270172993773822 1.270172993773822 1.270172993773822 -9999.0 -9999.0 -9999.0 -9999.0 -9999.0 -9999.0 -9999.0 -9999.0 -9999.0 -9999.0 -9999.0 -9999.0 -9999.0 -9999.0 -9999.0 -9999.0 -9999.0 -9999.0 -9999.0 -9999.0 -9999.0 -9999.0 -9999.0 -9999.0 -9999.0 -9999.0 -9999.0 -9999.0 -9999.0 -9999.0 -9999.0 -9999.0 -9999.0 -9999.0
4.400040895016098 4.45291217053156 4.505783446047021 4.558654721562482 4.611525997077943 4.634451855863493 4.625365386955483 4.616278918047473 4.607192449139463 4.598105980231453 4.5890195113234435 4.579933042415433 4.570846573507408 4.561760104599398 4.552673635691388 4.543587166783378 4.534500697875368 1.270172993773822 1.270172993773822 1.270172993773822 1.270172993773822 1.270172993773822 1.270172993773822 1.270172993773822 1.270172993773822 -9999.0 -9999.0 -9999.0 -9999.0 -9999.0 -9999.0 -9999.0 -9999.0 -9999.0 -9999.0 -9999.0 -9999.0 -9999.0 -9999.0 -9999.0 -9999.0 -9999.0 -9999.0 -9999.0 -9999.0 -9999.0 -9999.0 -9999.0 -9999.0 -9999.0 -9999.0 -9999.0 -9999.0 -9999.0 -9999.0 -9999.0 -9999.0 -9999.0 -9999.0
4.5602811639398455 4.608236130288322 4.656191096636799 4.704146062985275 4.752101029333752 4.773622180263206 4.766884984714563 4.760147789165922 4.7534105936172795 4.746673398068637 4.739936202519996 4.733199006971353 4.726461811422699 4.719724615874058 4.712987420325415 4.706250224776773 4.6995130292281315 1.270172993773822 1.270172993773822 1.270172993773822 1.270172993773822 1.270172993773822 1.270172993773822 1.270172993773822 1.270172993773822 -9999.0 -9999.0 -9999.0 -9999.0 -9999.0 -9999.0 -9999.0 -9999.0 -9999.0 -9999.0 -9999.0 -9999.0 -9999.0 -9999.0 -9999.0 -9999.0 -9999.0 -9999.0 -9999.0 -9999.0 -9999.0 -9999.0 -9999.0 -9999.0 -9999.0 -9999.0 -9999.0 -9999.0 -9999.0 -9999.0 -9999.0 -9999.0 -9999.0 -9999.0
4.720521432863729 4.763560090045216 4.806598747226705 4.849637404408192 4.892676061589681 4.912792504663037 4.908404582473765 4.904016660284492 4.89962873809522 4.8952408159059475 4.8908528937166755 4.886464971527403 4.882077049338124 4.877689127148851 4.873301204959579 4.868913282770306 4.864525360581034 1.270172993773822 1.270172993773822 1.270172993773822 1.270172993773822 1.270172993773822 1.270172993773822 1.270172993773822 1.270172993773822 -9999.0 -9999.0 -9999.0 -9999.0 -9999.0 -9999.0 -9999.0 -9999.0 -9999.0 -9999.0 -9999.0 -9999.0 -9999.0 -9999.0 -9999.0 -9999.0 -9999.0 -9999.0 -9999.0 -9999.0 -9999.0 -9999.0 -9999.0 -9999.0 -9999.0 -9999.0 -9999.0 -9999.0 -9999.0 -9999.0 -9999.0 -9999.0 -9999.0 -9999.0
4.880761701787474 4.918884049801977 4.957006397816481 4.995128745830984 5.033251093845488 5.05196282906275 5.0499241802328445 5.04788553140294 5.045846882573035 5.043808233743131 5.041769584913226 5.039730936083322 5.037692287253414 5.035653638423509 5.033614989593604 5.031576340763699 5.029537691933795 1.270172993773822 1.270172993773822 1.270172993773822 1.270172993773822 1.270172993773822 1.270172993773822 1.270172993773822 1.270172993773822 1.270172993773822 -9999.0 -9999.0 -9999.0 1.270172993773822 1.270172993773822 -9999.0 -9999.0 -9999.0 -9999.0 -9999.0 -9999.0 -9999.0 -9999.0 -9999.0 -9999.0 -9999.0 -9999.0 -9999.0 -9999.0 -9999.0 -9999.0 -9999.0 -9999.0 -9999.0 -9999.0 -9999.0 -9999.0 -9999.0 -9999.0 -9999.0 -9999.0 -9999.0 -9999.0
5.04100197071122 5.074208009558739 5.107414048406258 5.140620087253777 5.173826126101296 5.191133153462462 5.191443777991926 5.191754402521388 5.192065027050852 5.192375651580314 5.192686276109778 5.192996900639241 5.193307525168705 5.1936181496981675 5.193928774227631 5.1942393987570945 5.194550023286557 1.270172993773822 1.270172993773822 1.270172993773822 1.270172993773822 1.270172993773822 1.270172993773822 1.270172993773822 1.270172993773822 1.270172993773822 1.270172993773822 1.270172993773822 1.270172993773822 1.270172993773822 1.270172993773822 -9999.0 -9999.0 1.270172993773822 1.270172993773822 1.270172993773822 1.270172993773822 -9999.0 -9999.0 -9999.0 -9999.0 -9999.0 -9999.0 -9999.0 -9999.0 -9999.0 -9999.0 -9999.0 -9999.0 -9999.0 -9999.0 -9999.0 -9999.0 -9999.0 -9999.0 -9999.0 -9999.0 -9999.0 -9999.0
5.201242239634967 5.229531969315501 5.257821698996035 5.28611142867657 5.3144011583571045 5.3303034778621745 5.332963375751006 5.335623273639836 5.338283171528667 5.340943069417499 5.343602967306329 5.34626286519516 5.348922763083996 5.351582660972826 5.354242558861658 5.356902456750489 5.359562354639319 1.270172993773822 1.270172993773822 1.270172993773822 1.270172993773822 1.270172993773822 1.270172993773822 1.270172993773822 1.270172993773822 1.270172993773822 1.270172993773822 1.270172993773822 1.270172993773822 1.270172993773822 1.270172993773822 1.270172993773822 1.270172993773822 1.270172993773822 1.270172993773822 1.270172993773822 1.270172993773822 1.270172993773822 -9999.0 -9999.0 -9999.0 -9999.0 -9999.0 -9999.0 -9999.0 -9999.0 -9999.0 -9999.0 -9999.0 -9999.0 -9999.0 -9999.0 -9999.0 -9999.0 -9999.0 -9999.0 -9999.0 -9999.0 -9999.0
5.361482508558713 5.384855929072263 5.408229349585812 5.431602770099363 5.454976190612912 5.469473802261887 5.474482973510086 5.479492144758285 5.484501316006484 5.489510487254682 5.494519658502881 5.49952882975108 5.504538000999287 5.509547172247486 5.514556343495684 5.519565514743883 5.524574685992082 1.270172993773822 1.270172993773822 1.270172993773822 1.270172993773822 1.270172993773822 1.270172993773822 1.270172993773822 1.270172993773822 1.270172993773822 1.270172993773822 1.270172993773822 1.270172993773822 1.270172993773822 1.270172993773822 1.270172993773822 1.270172993773822 1.270172993773822 1.270172993773822 1.270172993773822 1.270172993773822 1.270172993773822 1.270172993773822 -9999.0 -9999.0 -9999.0 -9999.0 -9999.0 -9999.0 -9999.0 -9999.0 -9999.0 -9999.0 -9999.0 -9999.0 -9999.0 -9999.0 -9999.0 -9999.0 -9999.0 -9999.0 -9999.0 -9999.0
5.521722777482458 5.540179888829024 5.558637000175589 5.577094111522155 5.59555122286872 5.608644126661599 5.616002571269166 5.623361015876732 5.630719460484299 5.6380779050918655 5.645436349699432 5.652794794306999 5.660153238914578 5.667511683522144 5.674870128129711 5.682228572737277 5.689587017344844 1.270172993773822 1.270172993773822 1.270172993773822 1.270172993773822 1.270172993773822 1.270172993773822 1.270172993773822 1.270172993773822 1.270172993773822 1.270172993773822 1.270172993773822 1.270172993773822 1.270172993773822 1.270172993773822 1.270172993773822 1.270172993773822 1.270172993773822 1.270172993773822 1.270172993773822 1.270172993773822 1.270172993773822 1.270172993773822 -9999.0 1.270172993773822 1.270172993773822 1.270172993773822 -9999.0 -9999.0 -9999.0 -9999.0 -9999.0 -9999.0 -9999.0 -9999.0 -9999.0 -9999.0 -9999.0 -9999.0 -9999.0 -9999.0 -9999.0 -9999.0
5.6819630464063415 5.695503848585918 5.709044650765495 5.722585452945072 5.736126255124648 5.747814451061431 5.757522169028367 5.767229886995303 5.77693760496224 5.786645322929176 5.796353040896112 5.806060758863048 5.8157684768300015 5.825476194796938 5.835183912763874 5.84489163073081 5.854599348697747 1.270172993773822 1.270172993773822 1.270172993773822 1.270172993773822 1.270172993773822 1.270172993773822 1.270172993773822 1.270172993773822 1.270172993773822 1.270172993773822 1.270172993773822 1.270172993773822 1.270172993773822 1.270172993773822 1.270172993773822 1.270172993773822 1.270172993773822 1.270172993773822 1.270172993773822 1.270172993773822 1.270172993773822 1.270172993773822 1.270172993773822 1.270172993773822 1.270172993773822 1.270172993773822 -9999.0 -9999.0 -9999.0 -9999.0 -9999.0 -9999.0 -9999.0 -9999.0 -9999.0 -9999.0 -9999.0 -9999.0 -9999.0 -9999.0 -9999.0 -9999.0
5.842203315330089 5.850827808342681 5.859452301355272 5.868076794367864 5.876701287380457 5.886984775461143 5.899041766787447 5.911098758113752 5.923155749440056 5.93521274076636 5.947269732092664 5.959326723418968 5.971383714745293 5.983440706071597 5.995497697397901 6.007554688724205 6.019611680050509 1.270172993773822 1.270172993773822 1.270172993773822 1.270172993773822 1.270172993773822 1.270172993773822 1.270172993773822 1.270172993773822 1.270172993773822 1.270172993773822 1.270172993773822 1.270172993773822 1.270172993773822 1.270172993773822 1.270172993773822 1.270172993773822 1.270172993773822 1.270172993773822 1.270172993773822 1.270172993773822 1.270172993773822 1.270172993773822 1.270172993773822 1.270172993773822 1.270172993773822 -9999.0 -9999.0 -9999.0 -9999.0 -9999.0 -9999.0 -9999.0 -9999.0 -9999.0 -9999.0 -9999.0 -9999.0 -9999.0 -9999.0 -9999.0 -9999.0 -9999.0
6.002443584253834 6.006151768099442 6.009859951945049 6.013568135790656 6.017276319636264 6.026155099860856 6.0405613645465275 6.054967629232199 6.069373893917871 6.083780158603543 6.098186423289215 6.112592687974887 6.126998952660584 6.141405217346255 6.155811482031927 6.170217746717599 6.184624011403271 1.270172993773822 1.270172993773822 1.270172993773822 1.270172993773822 1.270172993773822 1.270172993773822 1.270172993773822 1.270172993773822 1.270172993773822 1.270172993773822 1.270172993773822 1.270172993773822 1.270172993773822 1.270172993773822 1.270172993773822 1.270172993773822 1.270172993773822 1.270172993773822 1.270172993773822 1.270172993773822 1.270172993773822 1.270172993773822 1.270172993773822 1.270172993773822 1.270172993773822 1.270172993773822 1.270172993773822 1.270172993773822 -9999.0 -9999.0 -9999.0 -9999.0 -9999.0 -9999.0 -9999.0 -9999.0 -9999.0 -9999.0 -9999.0 -9999.0 -9999.0 -9999.0
5.840130260048468 5.841251333567976 5.842372407087483 5.84349348060699 5.8446145541264976 5.8524391877827995 5.867430078824935 5.882420969867069 5.897411860909203 5.912402751951339 5.927393642993473 5.942384534035608 5.957375425077768 5.972366316119903 5.987357207162038 6.002348098204172 6.017338989246307 5.7824141662757444 5.280323792719955 4.778233419164166 4.276143045608377 3.7740526720525875 3.271962298496798 2.769871924941009 2.26778155138522 1.7656911778285744 1.2636008042727855 0.7615104307169958 0.25942005716120686 0.0 0.0 0.0 0.0 0.0 0.0 0.0 0.0 0.0 0.0 0.0 0.0 1.270172993773822 1.270172993773822 1.270172993773822 1.270172993773822 1.270172993773822 1.270172993773822 1.270172993773822 -9999.0 -9999.0 -9999.0 -9999.0 -9999.0 -9999.0 -9999.0 -9999.0 -9999.0 -9999.0 -9999.0
5.333027483378653 5.334051213265522 5.335074943152391 5.3360986730392606 5.337122402926131 5.344267617926195 5.35795683894836 5.371646059970526 5.385335280992691 5.399024502014856 5.4127137230370215 5.426402944059187 5.440092165081375 5.4537813861035405 5.467470607125706 5.481159828147871 5.494849049170036 5.280322920189571 4.82182942054447 4.3633359208993685 3.9048424212542665 3.4463489216091654 2.987855421964064 2.5293619223189623 2.070868422673861 1.6123749230279776 1.1538814233828765 0.6953879237377745 0.23689442409267336 0.0 0.0 0.0 0.0 0.0 0.0 0.0 0.0 0.0 0.0 0.0 0.0 1.270172993773822 1.270172993773822 1.270172993773822 1.270172993773822 1.270172993773822 1.270172993773822 1.270172993773822 1.270172993773822 1.270172993773822 1.270172993773822 -9999.0 -9999.0 -9999.0 -9999.0 -9999.0 -9999.0 -9999.0 -9999.0
4.825924706708838 4.826851092963069 4.8277774792173 4.828703865471531 4.829630251725762 4.836096048069589 4.848483599071785 4.86087115007398 4.8732587010761765 4.885646252078373 4.898033803080568 4.910421354082764 4.922808905084981 4.935196456087177 4.947584007089373 4.959971558091569 4.972359109093764 4.778231674103397 4.363335048368984 3.9484384226345695 3.533541796900156 3.118645171165743 2.703748545431329 2.2888519196969153 1.8739552939625015 1.4590586682273807 1.044162042492967 0.6292654167585532 0.21436879102413986 0.0 0.0 0.0 0.0 0.0 0.0 0.0 0.0 0.0 0.0 0.0 0.0 1.270172993773822 1.270172993773822 1.270172993773822 1.270172993773822 1.270172993773822 1.270172993773822 1.270172993773822 1.270172993773822 1.270172993773822 1.270172993773822 1.270172993773822 -9999.0 -9999.0 -9999.0 -9999.0 -9999.0 -9999.0 -9999.0
4.318821930039023 4.319650972660616 4.320480015282209 4.321309057903802 4.322138100525395 4.327924478212984 4.3390103591952105 4.350096240177437 4.361182121159663 4.372268002141889 4.383353883124117 4.394439764106343 4.405525645088588 4.416611526070815 4.427697407053041 4.438783288035268 4.449869169017494 4.276140428017223 3.9048406761934977 3.533540924369772 3.1622411725460466 2.7909414207223207 2.4196416688985947 2.048341917074869 1.6770421652511431 1.3057424134267843 0.9344426616030588 0.5631429097793328 0.19184315795560725 0.0 0.0 0.0 0.0 0.0 0.0 0.0 0.0 0.0 0.0 0.0 0.0 1.270172993773822 1.270172993773822 1.270172993773822 1.270172993773822 1.270172993773822 1.270172993773822 1.270172993773822 1.270172993773822 1.270172993773822 1.270172993773822 1.270172993773822 1.270172993773822 1.270172993773822 1.270172993773822 -9999.0 -9999.0 -9999.0 -9999.0
3.8117191533687755 3.81245085235773 3.8131825513466846 3.8139142503356394 3.814645949324594 3.819752908355945 3.829537119318201 3.8393213302804567 3.849105541242713 3.858889752204969 3.868673963167225 3.878458174129481 3.8882423850917536 3.8980265960540095 3.9078108070162654 3.9175950179785217 3.9273792289407776 3.7740491819306223 3.4463463040176214 3.1186434261046205 2.7909405481916196 2.4632376702786187 2.1355347923656183 1.8078319144526174 1.4801290365396165 1.152426158626057 0.824723280713056 0.4970204028000551 0.1693175248870542 0.0 0.0 0.0 0.0 0.0 0.0 0.0 0.0 0.0 0.0 0.0 0.0 1.270172993773822 1.270172993773822 1.270172993773822 1.270172993773822 1.270172993773822 1.270172993773822 1.270172993773822 1.270172993773822 1.270172993773822 1.270172993773822 1.270172993773822 1.270172993773822 1.270172993773822 1.270172993773822 -9999.0 -9999.0 -9999.0 -9999.0
