Figures/CREST_Example_wjb_NSE/Rolling_result/20100722/BJP_forecast/ens_24/wjb.rain.20100526.asc
ncols            288
nrows            254
xllcorner        113.274861
yllcorner        31.4918055
cellsize         0.008333333333
NODATA_value     -9999
[rows 200 to 219 of 254, columns 176 to 219 of 288]
0.7969184446731238 0.7969184446731238 0.7969184446731238 0.7969184446731238 0.7969184446731238 0.7969184446731238 0.7969184446731238 0.7776991647517787 0.7379340397571463 0.698168914762514 0.6584037897678816 0.6186386647732492 0.5788735397786169 0.5391084147839846 0.4993432897893522 0.45957816479471986 0.4198130398000875 0.38004791480545513 0.34028278981082277 0.31624809050469793 0.30902957219394284 0.3018110538831878 0.29459253557243276 0.28737401726167766 0.2801554989509226 0.2729369806401675 0.2657184623294125 0.25849994401865745 0.25128142570790235 0.2440629073971473 0.23684438908639224 0.2331147249858127 0.2331147249858127 0.2331147249858127 0.2331147249858127 0.2331147249858127 0.2331147249858127 0.2331147249858127 0.2331147249858127 0.2331147249858127 0.2331147249858127 0.2331147249858127 0.2331147249858127 0.23848003570316711
0.750914437414966 0.750914437414966 0.750914437414966 0.750914437414966 0.750914437414966 0.750914437414966 0.750914437414966 0.7327726062443563 0.6952367470923385 0.6577008879403207 0.6201650287883029 0.5826291696362851 0.5450933104842673 0.5075574513322495 0.47002159218023176 0.43248573302821397 0.3949498738761962 0.3574140147241784 0.3198781555721606 0.2974015194279191 0.2910235334259549 0.28464554742399073 0.2782675614220265 0.27188957542006237 0.26551158941809816 0.25913360341613395 0.2527556174141698 0.2463776314122056 0.2399996454102414 0.23362165940827723 0.22724367340631302 0.22394829554600024 0.22394829554600024 0.22394829554600024 0.22394829554600024 0.22394829554600024 0.22394829554600024 0.22394829554600024 0.22394829554600024 0.22394829554600024 0.22394829554600024 0.22394829554600024 0.22394829554600024 0.22938528597086968
0.7049104301568082 0.7049104301568082 0.7049104301568082 0.7049104301568082 0.7049104301568082 0.7049104301568082 0.7049104301568082 0.6878460477369339 0.6525394544275307 0.6172328611181275 0.5819262678087241 0.5466196744993209 0.5113130811899177 0.4760064878805145 0.44069989457111125 0.40539330126170803 0.3700867079523048 0.3347801146429016 0.29947352133349836 0.2785549483511402 0.27301749465796693 0.2674800409647936 0.2619425872716203 0.25640513357844696 0.25086767988527364 0.24533022619210035 0.23979277249892705 0.23425531880575373 0.2287178651125804 0.22318041141940712 0.2176429577262338 0.21478186610618777 0.21478186610618777 0.21478186610618777 0.21478186610618777 0.21478186610618777 0.21478186610618777 0.21478186610618777 0.21478186610618777 0.21478186610618777 0.21478186610618777 0.21478186610618777 0.21478186610618777 0.22029053623857225
0.6589064228986503 0.6589064228986503 0.6589064228986503 0.6589064228986503 0.6589064228986503 0.6589064228986503 0.6589064228986503 0.6429194892295114 0.6098421617627227 0.5767648342959341 0.5436875068291454 0.5106101793623568 0.47753285189556804 0.44445552442877945 0.41137819696199074 0.3783008694952021 0.34522354202841343 0.3121462145616248 0.2790688870948361 0.2597083772743614 0.255011455889979 0.25031453450559654 0.24561761312121408 0.24092069173683164 0.2362237703524492 0.23152684896806677 0.2268299275836843 0.22213300619930187 0.21743608481491944 0.212739163430537 0.20804224204615457 0.2056154366663753 0.2056154366663753 0.2056154366663753 0.2056154366663753 0.2056154366663753 0.2056154366663753 0.2056154366663753 0.2056154366663753 0.2056154366663753 0.2056154366663753 0.2056154366663753 0.2056154366663753 0.21119578650627482
0.6129024156404729 0.6129024156404729 0.6129024156404729 0.6129024156404729 0.6129024156404729 0.6129024156404729 0.6129024156404729 0.5979929307220697 0.5671448690978966 0.5362968074737234 0.5054487458495504 0.47460068422537716 0.44375262260120407 0.4129045609770309 0.38205649935285774 0.3512084377286846 0.32036037610451146 0.2895123144803383 0.2586642528561652 0.2408618061975745 0.2370054171219833 0.2331490280463921 0.22929263897080088 0.2254362498952097 0.22157986081961847 0.21772347174402729 0.21386708266843607 0.21001069359284485 0.20615430451725364 0.20229791544166245 0.19844152636607124 0.19644900722655892 0.19644900722655892 0.19644900722655892 0.19644900722655892 0.19644900722655892 0.19644900722655892 0.19644900722655892 0.19644900722655892 0.19644900722655892 0.19644900722655892 0.19644900722655892 0.19644900722655892 0.2021010367739735
0.5891339853405952 0.5891339853405952 0.5891339853405952 0.5891339853405952 0.5891339853405952 0.5891339853405952 0.5891339853405952 0.5747811750916363 0.5450848859533413 0.5153885968150462 0.4856923076767512 0.45599601853845617 0.4262997294001611 0.39660344026186606 0.366907151123571 0.33721086198527594 0.3075145728469809 0.2778182837086859 0.2481219945703908 0.23112453682196651 0.2277024171673886 0.22428029751281067 0.22085817785823275 0.21743605820365483 0.2140139385490769 0.210591818894499 0.20716969923992107 0.20374757958534315 0.20032545993076523 0.1969033402761873 0.19348122062160938 0.19171307981014252 0.19171307981014252 0.19171307981014252 0.19171307981014252 0.19171307981014252 0.19171307981014252 0.19171307981014252 0.19171307981014252 0.19171307981014252 0.19171307981014252 0.19171307981014252 0.19171307981014252 0.19740214339510143
0.5891339853405952 0.5891339853405952 0.5891339853405952 0.5891339853405952 0.5891339853405952 0.5891339853405952 0.5891339853405952 0.5747811750916363 0.5450848859533413 0.5153885968150462 0.4856923076767512 0.45599601853845617 0.4262997294001611 0.39660344026186606 0.366907151123571 0.33721086198527594 0.3075145728469809 0.2778182837086859 0.2481219945703908 0.23112453682196651 0.2277024171673886 0.22428029751281067 0.22085817785823275 0.21743605820365483 0.2140139385490769 0.210591818894499 0.20716969923992107 0.20374757958534315 0.20032545993076523 0.1969033402761873 0.19348122062160938 0.19171307981014252 0.19171307981014252 0.19171307981014252 0.19171307981014252 0.19171307981014252 0.19171307981014252 0.19171307981014252 0.19171307981014252 0.19171307981014252 0.19171307981014252 0.19171307981014252 0.19171307981014252 0.19740214339510143
0.5891339853405952 0.5891339853405952 0.5891339853405952 0.5891339853405952 0.5891339853405952 0.5891339853405952 0.5891339853405952 0.5747811750916363 0.5450848859533413 0.5153885968150462 0.4856923076767512 0.45599601853845617 0.4262997294001611 0.39660344026186606 0.366907151123571 0.33721086198527594 0.3075145728469809 0.2778182837086859 0.2481219945703908 0.23112453682196651 0.2277024171673886 0.22428029751281067 0.22085817785823275 0.21743605820365483 0.2140139385490769 0.210591818894499 0.20716969923992107 0.20374757958534315 0.20032545993076523 0.1969033402761873 0.19348122062160938 0.19171307981014252 0.19171307981014252 0.19171307981014252 0.19171307981014252 0.19171307981014252 0.19171307981014252 0.19171307981014252 0.19171307981014252 0.19171307981014252 0.19171307981014252 0.19171307981014252 0.19171307981014252 0.19740214339510143
0.5891339853405952 0.5891339853405952 0.5891339853405952 0.5891339853405952 0.5891339853405952 0.5891339853405952 0.5891339853405952 0.5747811750916363 0.5450848859533413 0.5153885968150462 0.4856923076767512 0.45599601853845617 0.4262997294001611 0.39660344026186606 0.366907151123571 0.33721086198527594 0.3075145728469809 0.2778182837086859 0.2481219945703908 0.23112453682196651 0.2277024171673886 0.22428029751281067 0.22085817785823275 0.21743605820365483 0.2140139385490769 0.210591818894499 0.20716969923992107 0.20374757958534315 0.20032545993076523 0.1969033402761873 0.19348122062160938 0.19171307981014252 0.19171307981014252 0.19171307981014252 0.19171307981014252 0.19171307981014252 0.19171307981014252 0.19171307981014252 0.19171307981014252 0.19171307981014252 0.19171307981014252 0.19171307981014252 0.19171307981014252 0.19740214339510143
0.5891339853405952 0.5891339853405952 0.5891339853405952 0.5891339853405952 0.5891339853405952 0.5891339853405952 0.5891339853405952 0.5747811750916363 0.5450848859533413 0.5153885968150462 0.4856923076767512 0.45599601853845617 0.4262997294001611 0.39660344026186606 0.366907151123571 0.33721086198527594 0.3075145728469809 0.2778182837086859 0.2481219945703908 0.23112453682196651 0.2277024171673886 0.22428029751281067 0.22085817785823275 0.21743605820365483 0.2140139385490769 0.210591818894499 0.20716969923992107 0.20374757958534315 0.20032545993076523 0.1969033402761873 0.19348122062160938 0.19171307981014252 0.19171307981014252 0.19171307981014252 0.19171307981014252 0.19171307981014252 0.19171307981014252 0.19171307981014252 0.19171307981014252 0.19171307981014252 0.19171307981014252 0.19171307981014252 0.19171307981014252 0.19740214339510143
0.5891339853405952 0.5891339853405952 0.5891339853405952 0.5891339853405952 0.5891339853405952 0.5891339853405952 0.5891339853405952 0.5747811750916363 0.5450848859533413 0.5153885968150462 0.4856923076767512 0.45599601853845617 0.4262997294001611 0.39660344026186606 0.366907151123571 0.33721086198527594 0.3075145728469809 0.2778182837086859 0.2481219945703908 0.23112453682196651 0.2277024171673886 0.22428029751281067 0.22085817785823275 0.21743605820365483 0.2140139385490769 0.210591818894499 0.20716969923992107 0.20374757958534315 0.20032545993076523 0.1969033402761873 0.19348122062160938 0.19171307981014252 0.19171307981014252 0.19171307981014252 0.19171307981014252 0.19171307981014252 0.19171307981014252 0.19171307981014252 0.19171307981014252 0.19171307981014252 0.19171307981014252 0.19171307981014252 0.19171307981014252 0.19740214339510143
0.5891339853405952 0.5891339853405952 0.5891339853405952 0.5891339853405952 0.5891339853405952 0.5891339853405952 0.5891339853405952 0.5747811750916363 0.5450848859533413 0.5153885968150462 0.4856923076767512 0.45599601853845617 0.4262997294001611 0.39660344026186606 0.366907151123571 0.33721086198527594 0.3075145728469809 0.2778182837086859 0.2481219945703908 0.23112453682196651 0.2277024171673886 0.22428029751281067 0.22085817785823275 0.21743605820365483 0.2140139385490769 0.210591818894499 0.20716969923992107 0.20374757958534315 0.20032545993076523 0.1969033402761873 0.19348122062160938 0.19171307981014252 0.19171307981014252 0.19171307981014252 0.19171307981014252 0.19171307981014252 0.19171307981014252 0.19171307981014252 0.19171307981014252 0.19171307981014252 0.19171307981014252 0.19171307981014252 0.19171307981014252 0.19740214339510143
0.5891339853405952 0.5891339853405952 0.5891339853405952 0.5891339853405952 0.5891339853405952 0.5891339853405952 0.5891339853405952 0.5747811750916363 0.5450848859533413 0.5153885968150462 0.4856923076767512 0.45599601853845617 0.4262997294001611 0.39660344026186606 0.366907151123571 0.33721086198527594 0.3075145728469809 0.2778182837086859 0.2481219945703908 0.23112453682196651 0.2277024171673886 0.22428029751281067 0.22085817785823275 0.21743605820365483 0.2140139385490769 0.210591818894499 0.20716969923992107 0.20374757958534315 0.20032545993076523 0.1969033402761873 0.19348122062160938 0.19171307981014252 0.19171307981014252 0.19171307981014252 0.19171307981014252 0.19171307981014252 0.19171307981014252 0.19171307981014252 0.19171307981014252 0.19171307981014252 0.19171307981014252 0.19171307981014252 0.19171307981014252 0.19740214339510143
0.5891339853405952 0.5891339853405952 0.5891339853405952 0.5891339853405952 0.5891339853405952 0.5891339853405952 0.5891339853405952 0.5747811750916363 0.5450848859533413 0.5153885968150462 0.4856923076767512 0.45599601853845617 0.4262997294001611 0.39660344026186606 0.366907151123571 0.33721086198527594 0.3075145728469809 0.2778182837086859 0.2481219945703908 0.23112453682196651 0.2277024171673886 0.22428029751281067 0.22085817785823275 0.21743605820365483 0.2140139385490769 0.210591818894499 0.20716969923992107 0.20374757958534315 0.20032545993076523 0.1969033402761873 0.19348122062160938 0.19171307981014252 0.19171307981014252 0.19171307981014252 0.19171307981014252 0.19171307981014252 0.19171307981014252 0.19171307981014252 0.19171307981014252 0.19171307981014252 0.19171307981014252 0.19171307981014252 0.19171307981014252 0.19740214339510143
0.5891339853405952 0.5891339853405952 0.5891339853405952 0.5891339853405952 0.5891339853405952 0.5891339853405952 0.5891339853405952 0.5747811750916363 0.5450848859533413 0.5153885968150462 0.4856923076767512 0.45599601853845617 0.4262997294001611 0.39660344026186606 0.366907151123571 0.33721086198527594 0.3075145728469809 0.2778182837086859 0.2481219945703908 0.23112453682196651 0.2277024171673886 0.22428029751281067 0.22085817785823275 0.21743605820365483 0.2140139385490769 0.210591818894499 0.20716969923992107 0.20374757958534315 0.20032545993076523 0.1969033402761873 0.19348122062160938 0.19171307981014252 0.19171307981014252 0.19171307981014252 0.19171307981014252 0.19171307981014252 0.19171307981014252 0.19171307981014252 0.19171307981014252 0.19171307981014252 0.19171307981014252 0.19171307981014252 0.19171307981014252 0.19740214339510143
0.5891339853405952 0.5891339853405952 0.5891339853405952 0.5891339853405952 0.5891339853405952 0.5891339853405952 0.5891339853405952 0.5747811750916363 0.5450848859533413 0.5153885968150462 0.4856923076767512 0.45599601853845617 0.4262997294001611 0.39660344026186606 0.366907151123571 0.33721086198527594 0.3075145728469809 0.2778182837086859 0.2481219945703908 0.23112453682196651 0.2277024171673886 0.22428029751281067 0.22085817785823275 0.21743605820365483 0.2140139385490769 0.210591818894499 0.20716969923992107 0.20374757958534315 0.20032545993076523 0.1969033402761873 0.19348122062160938 0.19171307981014252 0.19171307981014252 0.19171307981014252 0.19171307981014252 0.19171307981014252 0.19171307981014252 0.19171307981014252 0.19171307981014252 0.19171307981014252 0.19171307981014252 0.19171307981014252 0.19171307981014252 0.19740214339510143
0.5891339853405952 0.5891339853405952 0.5891339853405952 0.5891339853405952 0.5891339853405952 0.5891339853405952 0.5891339853405952 0.5747811750916363 0.5450848859533413 0.5153885968150462 0.4856923076767512 0.45599601853845617 0.4262997294001611 0.39660344026186606 0.366907151123571 0.33721086198527594 0.3075145728469809 0.2778182837086859 0.2481219945703908 0.23112453682196651 0.2277024171673886 0.22428029751281067 0.22085817785823275 0.21743605820365483 0.2140139385490769 0.210591818894499 0.20716969923992107 0.20374757958534315 0.20032545993076523 0.1969033402761873 0.19348122062160938 0.19171307981014252 0.19171307981014252 0.19171307981014252 0.19171307981014252 0.19171307981014252 0.19171307981014252 0.19171307981014252 0.19171307981014252 0.19171307981014252 0.19171307981014252 0.19171307981014252 0.19171307981014252 0.19740214339510143
0.6229519650747913 0.6229519650747913 0.6229519650747913 0.6229519650747913 0.6229519650747913 0.6229519650747913 0.6229519650747913 0.6088615875598555 0.5797082776858109 0.5505549678117663 0.5214016579377216 0.492248348063677 0.4630950381896324 0.43394172831558775 0.4047884184415431 0.3756351085674985 0.3464817986934538 0.31732848881940917 0.28817517894536454 0.27321131841676016 0.27341630030489406 0.27362128219302795 0.27382626408116184 0.27403124596929573 0.2742362278574296 0.2744412097455635 0.2746461916336974 0.2748511735218313 0.2750561554099652 0.27526113729809915 0.27546611918623304 0.27557202922989155 0.27557202922989155 0.27557202922989155 0.27557202922989155 0.27557202922989155 0.27557202922989155 0.27557202922989155 0.27557202922989155 0.27557202922989155 0.27557202922989155 0.27557202922989155 0.27557202922989155 0.2788183112215314
0.6929192337276799 0.6929192337276799 0.6929192337276799 0.6929192337276799 0.6929192337276799 0.6929192337276799 0.6929192337276799 0.6793718129993125 0.6513418930011078 0.6233119730029031 0.5952820530046984 0.5672521330064937 0.539222213008289 0.5111922930100843 0.4831623730118796 0.4551324530136749 0.4271025330154702 0.3990726130172655 0.37104269301906073 0.3602862169684545 0.3679954433462026 0.37570466972395067 0.38341389610169874 0.39112312247944686 0.39883234885719493 0.40654157523494305 0.4142508016126911 0.4219600279904392 0.4296692543681873 0.4373784807459354 0.4450877071236835 0.44907091027238066 0.44907091027238066 0.44907091027238066 0.44907091027238066 0.44907091027238066 0.44907091027238066 0.44907091027238066 0.44907091027238066 0.44907091027238066 0.44907091027238066 0.44907091027238066 0.44907091027238066 0.4472632311065697
0.7628865023805685 0.7628865023805685 0.7628865023805685 0.7628865023805685 0.7628865023805685 0.7628865023805685 0.7628865023805685 0.7498820384387694 0.7229755083164047 0.6960689781940399 0.6691624480716751 0.6422559179493104 0.6153493878269456 0.5884428577045808 0.5615363275822162 0.5346297974598514 0.5077232673374866 0.48081673721512186 0.4539102070927571 0.4473611155201489 0.46257458638751114 0.4777880572548734 0.49300152812223563 0.5082149989895979 0.5234284698569602 0.5386419407243225 0.5538554115916847 0.569068882459047 0.5842823533264092 0.5994958241937715 0.6147092950611337 0.6225697913148696 0.6225697913148696 0.6225697913148696 0.6225697913148696 0.6225697913148696 0.6225697913148696 0.6225697913148696 0.6225697913148696 0.6225697913148696 0.6225697913148696 0.6225697913148696 0.6225697913148696 0.6157081509916078
