Figures/CREST_Example_wjb_NSE/Rolling_result/20100722/BJP_forecast/ens_24/wjb.rain.20100726.asc
ncols            288
nrows            254
xllcorner        113.274861
yllcorner        31.4918055
cellsize         0.008333333333
NODATA_value     -9999
[rows 138 to 160 of 254, columns 156 to 207 of 288]
0.8575122781273885 0.8224500173843933 0.787387756641398 0.7382880845839261 0.6741821022916933 0.6100761199994604 0.5459701377072276 0.4818641554149947 0.41775817312276187 0.35365219083052896 0.2895462085382961 0.2254402262460633 0.16133424395383034 0.09722826166148824 0.03312227936925538 0.0 0.0 0.0 0.0 0.0 0.0 0.0 0.0 0.0 0.0 0.0 0.0 0.0415956842002597 0.12765809591546512 0.21372050763067055 0.299782919345876 0.3858453310610814 0.47190774277628683 0.5579701544914922 0.6440325662066977 0.7300949779219031 0.8161573896371085 0.9022198013523139 0.9882822130675194 1.0216060565130591 0.9985511771561594 0.9754962977992595 0.9524414184423597 0.9293865390854599 0.9063316597285601 0.8832767803716604 0.8602219010147605 0.8371670216578607 0.8141121423009609 0.7910572629440611 0.7680023835871612 0.751350547186377
1.0138973057511484 0.9724407195218536 0.9309841332925587 0.8729301246420373 0.797133095973755 0.7213360673054727 0.6455390386371904 0.5697420099689081 0.49394498130062586 0.41814795263234356 0.3423509239640613 0.266553895295779 0.1907568666274967 0.11495983795908515 0.03916280929080285 0.0 0.0 0.0 0.0 0.0 0.0 0.0 0.0 0.0 0.0 0.0 0.0 0.049181514034547444 0.15093917930675252 0.2526968445789576 0.35445450985116267 0.45621217512336776 0.5579698403955728 0.6597275056677779 0.761485170939983 0.8632428362121881 0.9650005014843932 1.0667581667565982 1.1685158320288034 1.2079169647571752 1.1806575532471446 1.1533981417371137 1.1261387302270829 1.098879318717052 1.0716199072070214 1.0443604956969905 1.0171010841869597 0.9898416726769289 0.9625822611668982 0.9353228496568673 0.9080634381468364 0.8883747963708455
1.1702823333749084 1.1224314216593139 1.0745805099437193 1.0075721647001485 0.9200840896558168 0.832596014611485 0.7451079395671534 0.6576198645228216 0.5701317894784899 0.4826437144341582 0.39515563938982645 0.3076675643454947 0.22017948930116304 0.13269141425668207 0.04520333921235031 0.0 0.0 0.0 0.0 0.0 0.0 0.0 0.0 0.0 0.0 0.0 0.0 0.056767343868835196 0.17422026269803997 0.29167318152724475 0.4091261003564495 0.5265790191856543 0.644031938014859 0.7614848568440638 0.8789377756732686 0.9963906945024733 1.113843613331678 1.2312965321608829 1.3487494509900877 1.3942278730012916 1.36276392933813 1.331299985674968 1.2998360420118062 1.2683720983486444 1.2369081546854825 1.205444211022321 1.173980267359159 1.1425163236959972 1.1110523800328354 1.0795884363696735 1.0481244927065116 1.0253990455553141
1.3266673609986679 1.2724221237967739 1.2181768865948799 1.1422142047582595 1.0430350833378785 0.9438559619174973 0.8446768404971162 0.7454977190767351 0.6463185976563539 0.5471394762359728 0.4479603548155916 0.3487812333952105 0.2496021119748293 0.1504229905542791 0.05124386913389789 0.0 0.0 0.0 0.0 0.0 0.0 0.0 0.0 0.0 0.0 0.0 0.0 0.06435317370312295 0.1975013460893274 0.3306495184755318 0.4637976908617363 0.5969458632479407 0.7300940356341451 0.8632422080203496 0.996390380406554 1.1295385527927584 1.2626867251789629 1.3958348975651673 1.5289830699513718 1.580538781245408 1.5448703054291153 1.5092018296128225 1.4735333537965296 1.4378648779802368 1.402196402163944 1.366527926347651 1.3308594505313582 1.2951909747150654 1.2595224988987725 1.2238540230824797 1.1881855472661869 1.1624232947397823
1.4830523886224278 1.422412825934234 1.3617732632460404 1.2768562448163707 1.1659860770199402 1.0551159092235096 0.9442457414270791 0.8333755736306485 0.722505405834218 0.6116352380377873 0.5007650702413567 0.3898949024449262 0.27902473464849575 0.16815456685187602 0.05728439905544547 0.0 0.0 0.0 0.0 0.0 0.0 0.0 0.0 0.0 0.0 0.0 0.0 0.0719390035374107 0.2207824294806148 0.36962585542381887 0.518469281367023 0.6673127073102271 0.8161561332534312 0.9649995591966353 1.1138429851398393 1.2626864110830434 1.4115298370262475 1.5603732629694516 1.7092166889126557 1.7668496894895243 1.7269766815201004 1.6871036735506766 1.6472306655812528 1.607357657611829 1.567484649642405 1.5276116416729812 1.4877386337035574 1.4478656257341336 1.4079926177647097 1.368119609795286 1.328246601825862 1.299447543924251
1.6394374162461873 1.5724035280716941 1.505369639897201 1.4114982848744817 1.2889370707020018 1.166375856529522 1.0438146423570418 0.9212534281845619 0.7986922140120819 0.6761309998396019 0.553569785667122 0.4310085714946419 0.308447357322162 0.18588614314947294 0.06332492897699304 0.0 0.0 0.0 0.0 0.0 0.0 0.0 0.0 0.0 0.0 0.0 0.0 0.07952483337169845 0.2440635128719022 0.408602192372106 0.5731408718723098 0.7376795513725135 0.9022182308727172 1.066756910372921 1.2312955898731248 1.3958342693733286 1.5603729488735323 1.724911628373736 1.8894503078739397 1.9531605977336406 1.9090830576110858 1.865005517488531 1.820927977365976 1.776850437243421 1.7327728971208662 1.6886953569983114 1.6446178168757566 1.6005402767532018 1.556462736630647 1.5123851965080921 1.4683076563855373 1.4364717931087196
1.7958224438700807 1.7223942302092823 1.648966016548484 1.5461403249327077 1.4118880643841685 1.277635803835629 1.1433835432870896 1.0091312827385504 0.874879022190011 0.7406267616414716 0.6063745010929322 0.472122240544393 0.33786997999585355 0.20361771944708518 0.06936545889854595 0.0 0.0 0.0 0.0 0.0 0.0 0.0 0.0 0.0 0.0 0.0 0.0 0.08711066320599267 0.2673445962632095 0.4475785293204263 0.6278124623776431 0.8080463954348599 0.9882803284920767 1.1685142615492936 1.3487481946065103 1.5289821276637272 1.7092160607209441 1.8894499937781608 2.0696839268353777 2.1394715059779155 2.091189433702226 2.0429073614265367 1.9946252891508471 1.9463432168751578 1.8980611445994684 1.849779072323779 1.8014970000480894 1.7532149277724 1.7049328554967107 1.6566507832210213 1.608368710945332 1.5734960422933049
1.9413776690545934 1.8723017803502309 1.8032258916458686 1.6989019012051982 1.5568968926628528 1.4148918841205074 1.2728868755781617 1.1308818670358163 0.9888768584934708 0.8468718499511253 0.7048668414087798 0.5628618328664343 0.4208568243240889 0.2788518157815012 0.13684680723915577 0.06272797272975543 0.06118099405110503 0.05963401537245463 0.05808703669380423 0.05654005801515383 0.05499307933650342 0.053446100657853025 0.05189912197920262 0.050352143300552224 0.04880516462190182 0.047258185943251416 0.045711207264598375 0.13728006852616298 0.32839186943532184 0.5195036703444806 0.7106154712536396 0.9017272721627985 1.0928390730719573 1.283950873981116 1.475062674890275 1.666174475799434 1.8572862767085927 2.0483980776177515 2.2395098785269103 2.312613057475052 2.259562349351052 2.206511641227052 2.1534609331030516 2.100410224979052 2.047359516855052 1.9943088087310517 1.9412581006070517 1.8882073924830516 1.8351566843590517 1.7821059762350515 1.7290552681110514 1.690707153347932
2.0753565181258367 2.0221204462486844 1.9688843743715325 1.871032119462838 1.7254841556329605 1.579936191803083 1.4343882279732054 1.2888402641433276 1.14329230031345 0.9977443364835724 0.8521963726536947 0.7066484088238172 0.5611004449939396 0.4155524811638136 0.27000451733393604 0.1925081940315612 0.1877606139859677 0.1830130339403742 0.17826545389478068 0.17351787384918718 0.16877029380359368 0.16402271375800018 0.1592751337124067 0.1545275536668132 0.1497799736212197 0.1450323935756262 0.1402848135300246 0.2329686316368675 0.4298088187599347 0.6266490058830019 0.823489193006069 1.0203293801291362 1.2171695672522034 1.4140097543752705 1.6108499414983377 1.8076901286214049 2.0045303157444723 2.2013705028675394 2.3982106899906066 2.4716773967859007 2.413255061523682 2.354832726261464 2.2964103909992457 2.2379880557370275 2.1795657204748093 2.121143385212591 2.062721049950373 2.004298714688155 1.9458763794259366 1.8874540441637184 1.8290317089015 1.7867392687318717
2.2093353671970797 2.171939112147138 2.1345428570971965 2.043162337720478 1.8940714186030685 1.7449804994856586 1.5958895803682491 1.4467986612508392 1.2977077421334295 1.1486168230160199 0.9995259038986102 0.8504349847812005 0.7013440656637908 0.5522531465461269 0.403162227428717 0.32228841533336716 0.31434023392083055 0.30639205250829393 0.2984438710957573 0.2904956896832207 0.28254750827068414 0.27459932685814753 0.2666511454456109 0.2587029640330743 0.2507547826205377 0.24280660120800107 0.2348584197954509 0.32865719474757216 0.5312257680845476 0.733794341421523 0.9363629147584984 1.1389314880954737 1.3415000614324493 1.5440686347694248 1.7466372081063999 1.9492057814433754 2.151774354780351 2.354342928117326 2.5569115014543016 2.6307417360967484 2.5669477736963118 2.5031538112958756 2.4393598488954393 2.3755658864950027 2.3117719240945664 2.2479779616941302 2.1841839992936936 2.1203900368932573 2.056596074492821 1.9928021120923847 1.9290081496919482 1.8827713841158111
2.3433142162683227 2.3217577780455914 2.30020133982286 2.2152925559781176 2.062658681573176 1.910024807168234 1.7573909327632924 1.6047570583583504 1.4521231839534088 1.2994893095484668 1.1468554351435252 0.9942215607385834 0.8415876863336416 0.6889538119284395 0.5363199375234977 0.45206863663517316 0.44091985385569343 0.4297710710762137 0.418622288296734 0.40747350551725425 0.3963247227377746 0.38517593995829486 0.37402715717881513 0.3628783743993354 0.35172959161985573 0.340580808840376 0.3294320260608773 0.4243457578582767 0.6326427174091603 0.8409396769600439 1.0492366365109276 1.257533596061811 1.4658305556126947 1.6741275151635784 1.882424474714462 2.0907214342653457 2.299018393816229 2.5073153533671126 2.7156123129179965 2.789806075407596 2.7206404858689415 2.651474896330287 2.5823093067916325 2.5131437172529782 2.4439781277143235 2.3748125381756693 2.3056469486370146 2.2364813590983603 2.1673157695597056 2.098150180021051 2.0289845904823967 1.9788034994997508
2.4772930653395653 2.4715764439440444 2.465859822548523 2.387422774235757 2.231245944543283 2.0750691148508094 1.9188922851583357 1.7627154554658615 1.6065386257733878 1.4503617960809139 1.29418496638844 1.1380081366959662 0.9818313070034923 0.8256544773107521 0.6694776476182782 0.5818488579369789 0.5674994737905561 0.5531500896441333 0.5388007054977104 0.5244513213512876 0.5101019372048649 0.495752553058442 0.4814031689120192 0.4670537847655964 0.45270440061917355 0.43835501647275077 0.42400563232630345 0.5200343209689813 0.7340596667337732 0.9480850124985651 1.162110358263357 1.3761357040281488 1.5901610497929408 1.8041863955577329 2.0182117413225247 2.2322370870873165 2.4462624328521088 2.6602877786169 2.8743131243816924 2.948870414718445 2.874333198041572 2.7997959813646993 2.7252587646878266 2.650721548010954 2.576184331334081 2.5016471146572083 2.427109897980336 2.3525726813034633 2.2780354646265906 2.203498247949718 2.128961031272845 2.0748356148836904
2.6112719144109224 2.6213951098426254 2.6315183052743283 2.5595529924935434 2.3998332075135345 2.2401134225335255 2.0803936375535166 1.9206738525735076 1.7609540675934987 1.6012342826134898 1.4415144976334808 1.2817947126534717 1.1220749276734627 0.9623551426931816 0.8026353577131726 0.7116290792388955 0.6940790937255268 0.6765291082121582 0.6589791226987896 0.6414291371854209 0.6238791516720522 0.6063291661586836 0.588779180645315 0.5712291951319464 0.5536792096185776 0.536129224105209 0.5185792385918104 0.6157228840797675 0.8354766160584726 1.0552303480371776 1.2749840800158825 1.4947378119945873 1.7144915439732924 1.9342452759519975 2.1539990079307025 2.3737527399094076 2.5935064718881127 2.8132602038668177 3.0330139358455224 3.107934754029428 3.0280259102143323 2.948117066399237 2.868208222584142 2.7882993787690467 2.708390534953951 2.6284816911388558 2.5485728473237605 2.468664003508665 2.3887551596935697 2.3088463158784744 2.228937472063379 2.170867730267712
2.745250763482166 2.771213775741079 2.797176787999992 2.7316832107511835 2.5684204704836424 2.4051577302161014 2.2418949899485603 2.0786322496810192 1.9153695094134782 1.752106769145937 1.588844028878396 1.425581288610855 1.2623185483433141 1.0990558080754946 0.9357930678079536 0.8414093005407014 0.8206587136603897 0.7999081267800779 0.7791575398997662 0.7584069530194544 0.7376563661391426 0.7169057792588309 0.6961551923785192 0.6754046054982075 0.6546540186178957 0.6339034317375839 0.6131528448572368 0.7114114471904721 0.9368935653830854 1.1623756835756986 1.387857801768312 1.6133399199609253 1.8388220381535387 2.064304156346152 2.2897862745387654 2.515268392731379 2.7407505109239922 2.966232629116605 3.1917147473092182 3.266999093340276 3.1817186223869625 3.096438151433649 3.0111576804803355 2.9258772095270222 2.8405967385737085 2.755316267620395 2.6700357966670816 2.5847553257137683 2.4994748547604546 2.414194383807141 2.3289139128538277 2.266899845651652
2.879229612553409 2.9210324416395324 2.962835270725656 2.903813429008823 2.73700773345375 2.570202037898677 2.403396342343604 2.236590646788531 2.0697849512334576 1.9029792556783844 1.7361735601233113 1.569367864568238 1.4025621690131649 1.2357564734578075 1.0689507779027343 0.9711895218425073 0.9472383335952524 0.9232871453479976 0.8993359571007428 0.8753847688534879 0.851433580606233 0.8274823923589781 0.8035312041117233 0.7795800158644685 0.7556288276172136 0.7316776393699587 0.7077264511226631 0.8071000103011766 1.0383105147076983 1.2695210191142197 1.5007315235207412 1.7319420279272628 1.9631525323337844 2.194363036740306 2.4255735411468278 2.656784045553349 2.8879945499598705 3.1192050543663923 3.3504155587729136 3.4260634326511243 3.3354113345595926 3.244759236468061 3.154107138376529 3.063455040284998 2.972802942193466 2.8821508441019343 2.7914987460104026 2.700846647918871 2.610194549827339 2.5195424517358074 2.4288903536442756 2.362931961035591
3.0132084616246515 3.0708511075379854 3.1284937534513193 3.0759436472664627 2.9055949964238574 2.735246345581252 2.5648976947386473 2.394549043896042 2.2242003930534366 2.0538517422108313 1.8835030913682262 1.713154440525621 1.5428057896830158 1.37245713884012 1.2021084879975148 1.100969743144313 1.0738179535301153 1.0466661639159174 1.0195143743017194 0.9923625846875214 0.9652107950733234 0.9380590054591255 0.9109072158449275 0.8837554262307296 0.8566036366165317 0.8294518470023338 0.8023000573880894 0.9027885734118813 1.139727464032311 1.3766663546527407 1.6136052452731706 1.8505441358936003 2.08748302651403 2.32442191713446 2.5613608077548893 2.7982996983753194 3.035238588995749 3.272177479616179 3.5091163702366086 3.585127771961972 3.4891040467322223 3.3930803215024725 3.2970565962727227 3.201032871042973 3.105009145813223 3.0089854205834734 2.9129616953537236 2.816937970123974 2.720914244894224 2.6248905196644743 2.5288667944347245 2.458964076419531
3.1471873106958945 3.220669773436439 3.2941522361769833 3.248073865524103 3.0741822593939654 2.900290653263828 2.7263990471336905 2.5525074410035535 2.378615834873416 2.204724228743279 2.0308326226131417 1.8569410164830042 1.683049410352867 1.5091578042224332 1.335266198092296 1.230749964446119 1.200397573464978 1.170045182483837 1.139692791502696 1.1093404005215548 1.0789880095404139 1.0486356185592727 1.0182832275781317 0.9879308365969907 0.9575784456158496 0.9272260546347085 0.8968736636535157 0.9984771365225859 1.241144413356924 1.4838116901912621 1.7264789670256 1.969146243859938 2.2118135206942764 2.454480797528614 2.697148074362952 2.93981535119729 3.1824826280316287 3.4251499048659664 3.667817181700304 3.7441921112728203 3.6427967589048524 3.541401406536884 3.4400060541689164 3.3386107018009485 3.2372153494329807 3.1358199970650125 3.0344246446970446 2.933029292329077 2.831633939961109 2.730238587593141 2.628843235225173 2.5549961918034705
3.2811661597671375 3.370488439334892 3.459810718902647 3.420204083781742 3.242769522364073 3.0653349609464033 2.887900399528734 2.7104658381110647 2.5330312766933956 2.355596715275726 2.1781621538580564 2.000727592440387 1.8232930310227178 1.6458584696047458 1.4684239081870762 1.360530185747925 1.3269771933998409 1.2934242010517567 1.2598712087036725 1.2263182163555884 1.1927652240075042 1.1592122316594202 1.1256592393113358 1.0921062469632519 1.0585532546151675 1.0250002622670835 0.991447269918942 1.0941656996332905 1.3425613626815367 1.5909570257297831 1.8393526887780294 2.0877483518262756 2.336144014874522 2.584539677922768 2.8329353409710145 3.081331004019261 3.329726667067507 3.5781223301157534 3.8265179931639994 3.9032564505836684 3.796489471077482 3.6897224915712963 3.58295551206511 3.476188532558924 3.369421553052738 3.262654573546552 3.1558875940403657 3.04912061453418 2.9423536350279935 2.8355866555218077 2.7288196760156214 2.6510283071874103
3.4151450088383806 3.5203071052333454 3.6254692016283103 3.592334302039382 3.4113567853341804 3.230379268628979 3.0494017519237775 2.8684242352185763 2.6874467185133746 2.506469201808173 2.325491685102971 2.14451416839777 1.9635366516925685 1.7825591349870584 1.6015816182818567 1.4903104070497308 1.4535568133347037 1.4168032196196763 1.380049625904649 1.343296032189622 1.3065424384745945 1.2697888447595673 1.23303525104454 1.1962816573295127 1.1595280636144856 1.1227744698994582 1.0860208761843684 1.1898542627439952 1.4439783120061496 1.6981023612683042 1.9522264105304585 2.2063504597926133 2.4604745090547677 2.714598558316922 2.9687226075790765 3.222846656841231 3.4769707061033857 3.73109475536554 3.9852188046276944 4.062320789894516 3.950182183250112 3.838043576605708 3.7259049699613036 3.6137663633168993 3.5016277566724954 3.389489150028091 3.2773505433836867 3.1652119367392824 3.053073330094878 2.940934723450474 2.8287961168060702 2.7470604225713497
3.476706134901505 3.5865669438423047 3.696427752783104 3.6654774074324625 3.4839967528621276 3.302516098291793 3.1210354437214587 2.939554789151124 2.758074134580789 2.5765934800104544 2.39511282544012 2.2136321708697855 2.0321515162994506 1.8506708617288063 1.6691902071584717 1.5577928337819869 1.5213160734964344 1.4848393132108817 1.4483625529253292 1.4118857926397768 1.3754090323542243 1.3389322720686718 1.3024555117831194 1.265978751497567 1.2295019912120144 1.193025230926462 1.156548470640847 1.260862467036942 1.5156849677250939 1.7705074684132456 2.0253299691013975 2.280152469789549 2.534974970477701 2.789797471165853 3.0446199718540043 3.2994424725421565 3.554264973230308 3.80908747391846 4.063909974606611 4.1400781019452975 4.025260661738728 3.910443221532159 3.79562578132559 3.680808341119021 3.5659909009124515 3.451173460705882 3.3363560204993132 3.2215385802927443 3.106721140086175 2.9919036998796056 2.8770862596730367 2.7947597152392167
3.460857280023096 3.5635076633282994 3.6661580466335026 3.6328095289667646 3.4540751097366234 3.2753406905064826 3.0966062712763414 2.9178718520462006 2.73913743281606 2.560403013585919 2.381668594355778 2.202934175125637 2.024199755895496 1.8454653366650504 1.6667309174349096 1.5586828451494343 1.5262000768856743 1.4937173086219144 1.4612345403581546 1.4287517720943947 1.3962690038306347 1.3637862355668748 1.331303467303115 1.298820699039355 1.266337930775595 1.2338551625118352 1.20137239424802 1.3054889235151304 1.5556331924101006 1.805777461305071 2.055921730200041 2.3060659990950114 2.5562102679899814 2.806354536884952 3.0564988057799223 3.3066430746748923 3.5567873435698627 3.806931612464833 4.057075881359803 4.13092332715913 4.016305479979126 3.901687632799121 3.7870697856191162 3.672451938439112 3.557834091259107 3.4432162440791028 3.328598396899098 3.2139805497190936 3.0993627025390893 2.9847448553590845 2.8701270081790797 2.790794267151799
3.445008425144687 3.5404483828142936 3.6358883404839 3.600141650501066 3.424153466611119 3.2481652827211716 3.072177098831225 2.8961889149412774 2.7202007310513303 2.5442125471613837 2.3682243632714366 2.192236179381489 2.016247995491542 1.840259811601295 1.6642716277113476 1.5595728565168816 1.5310840802749144 1.5025953040329472 1.4741065277909797 1.4456177515490125 1.4171289753070453 1.3886401990650779 1.3601514228231106 1.3316626465811434 1.303173870339176 1.2746850940972088 1.246196317855193 1.3501153799933188 1.5955814170951077 1.8410474541968964 2.0865134912986854 2.331979528400474 2.577445565502263 2.8229116026040515 3.06837763970584 3.313843676807629 3.5593097139094176 3.8047757510112064 4.050241788112995 4.121768552372964 4.0073502982195235 3.8929320440660837 3.7785137899126435 3.6640955357592038 3.5496772816057636 3.4352590274523234 3.3208407732988836 3.2064225191454434 3.0920042649920036 2.9775860108385634 2.8631677566851232 2.786828819064381
3.4291595702662785 3.5173891023002883 3.605618634334298 3.5674737720353678 3.394231823485615 3.2209898749358614 3.047747926386108 2.874505977836355 2.7012640292866017 2.5280220807368483 2.354780132187095 2.1815381836373415 2.0082962350875886 1.8350542865375399 1.6618123379877865 1.560462867884329 1.5359680836641545 1.5114732994439797 1.486978515223805 1.4624837310036303 1.4379889467834557 1.4134941625632809 1.3889993783431063 1.3645045941229315 1.3400098099027569 1.315515025682582 1.2910202414623657 1.3947418364715072 1.6355296417801144 1.8763174470887218 2.1171052523973293 2.3578930577059363 2.5986808630145433 2.8394686683231507 3.080256473631758 3.3210442789403656 3.561832084248973 3.8026198895575796 4.043407694866187 4.112613777586796 3.9983951164599207 3.884176455333045 3.76995779420617 3.6557391330792943 3.541520471952419 3.4273018108255435 3.3130831496986684 3.1988644885717927 3.084645827444917 2.970427166318042 2.8562085051911663 2.782863370976963
