Figures/CREST_Example_wjb_NSE/Rolling_result/20100722/BJP_forecast/ens_42/wjb.rain.20100722.asc
ncols            288
nrows            254
xllcorner        113.274861
yllcorner        31.4918055
cellsize         0.008333333333
NODATA_value     -9999
[rows 120 to 139 of 254, columns 44 to 87 of 288]
8.219041268622057 9.314962774555541 10.410884280489027 11.506805786422511 12.602727292355997 13.698648798289483 14.794570304222967 15.338985775108087 15.293828829129772 15.248671883151534 15.203514937173296 15.158357991195057 15.113201045216819 15.06804409923858 15.022887153260344 14.977730207282105 14.932573261303867 14.887416315325629 14.84225936934739 14.950825601751449 15.2237253866845 15.496625171618017 15.76952495655107 16.042424741484123 16.315324526417175 16.588224311350224 16.861124096283277 17.13402388121633 17.406923666149382 17.679823451082434 17.952723236015487 18.3379250799301 18.84318036366108 19.348435647392062 19.853690931123904 20.358946214854885 20.864201498585867 21.36945678231685 21.874712066047827 22.37996734977881 22.88522263350979 23.390477917240773 23.895733200971755 24.240670438297343
8.298750116799429 9.426839386981195 10.554928657162959 11.683017927344723 12.81110719752649 13.939196467708253 15.067285737890018 15.630105244590197 15.588638597637631 15.547171950685136 15.50570530373264 15.464238656780145 15.422772009827648 15.381305362875153 15.339838715922658 15.298372068970162 15.256905422017667 15.21543877506517 15.173972128112675 15.241165553344006 15.42451905194838 15.607872550553067 15.79122604915744 15.974579547761817 16.15793304636619 16.341286544970565 16.52464004357494 16.707993542179313 16.89134704078369 17.074700539388065 17.258054037992437 17.637220538321518 18.2257155641559 18.814210589990285 19.40270561582567 19.991200641660054 20.579695667494434 21.168190693328818 21.7566857191632 22.345180744997585 22.933675770831965 23.522170796666348 24.110665822500728 24.498420706790473
8.873451638186467 9.828053725914636 10.782655813642808 11.737257901370977 12.691859989099148 13.646462076827317 14.601064164555488 15.083698695924008 15.061789241913168 15.039879787902365 15.017970333891562 14.996060879880758 14.974151425869955 14.952241971859152 14.93033251784835 14.908423063837548 14.886513609826745 14.864604155815941 14.842694701805138 14.886030821882516 14.9991159355049 15.112201049127476 15.22528616274986 15.338371276372243 15.451456389994627 15.56454150361701 15.677626617239394 15.790711730861778 15.90379684448416 16.016881958106545 16.129967071728927 16.522961797599194 17.215186226760487 17.907410655921776 18.599635085084252 19.291859514245544 19.984083943406837 20.67630837256813 21.368532801729422 22.060757230890715 22.752981660052008 23.4452060892133 24.137430518374593 24.573569764584125
9.448153159573504 10.229268064848078 11.010382970122656 11.79149787539723 12.572612780671806 13.353727685946382 14.134842591220957 14.537292147257816 14.534939886188702 14.532587625119593 14.530235364050483 14.527883102981372 14.525530841912262 14.523178580843153 14.520826319774043 14.518474058704934 14.516121797635822 14.513769536566713 14.511417275497603 14.53089609042103 14.573712819061422 14.616529547701887 14.659346276342278 14.70216300498267 14.744979733623063 14.787796462263454 14.830613190903847 14.87342991954424 14.916246648184632 14.959063376825023 15.001880105465416 15.408703056876863 16.204656889365065 17.000610721853267 17.79656455434283 18.59251838683103 19.388472219319233 20.184426051807435 20.980379884295637 21.77633371678384 22.572287549272044 23.368241381760246 24.164195214248448 24.64871882237777
10.02285468096103 10.630482403781862 11.238110126602695 11.845737849423529 12.453365572244362 13.060993295065195 13.668621017886029 13.990885598591158 14.008090530463788 14.025295462336386 14.042500394208986 14.059705326081586 14.076910257954186 14.094115189826786 14.111320121699384 14.128525053571984 14.145729985444584 14.162934917317184 14.180139849189782 14.175761358959235 14.148309702617578 14.120858046275872 14.093406389934213 14.065954733592553 14.038503077250894 14.011051420909236 13.983599764567577 13.956148108225918 13.928696451884258 13.9012447955426 13.873793139200941 14.294444316153584 15.194127551968785 16.093810787783987 16.99349402360072 17.89317725941592 18.792860495231125 19.692543731046324 20.592226966861524 21.491910202676728 22.39159343849193 23.291276674307127 24.19095991012233 24.723867880171483
10.597556202348066 11.031696742715305 11.465837283082543 11.899977823449781 12.33411836381702 12.768258904184258 13.202399444551496 13.444479049924967 13.481241174739322 13.518003299553614 13.554765424367908 13.5915275491822 13.628289673996493 13.665051798810785 13.701813923625078 13.73857604843937 13.775338173253663 13.812100298067955 13.848862422882247 13.820626627497749 13.7229065861741 13.625186544850282 13.527466503526632 13.429746462202981 13.33202642087933 13.234306379555681 13.13658633823203 13.03886629690838 12.94114625558473 12.843426214261079 12.745706172937428 13.180185575431254 14.183598214573365 15.187010853715478 16.1904234928593 17.193836132001408 18.19724877114352 19.200661410285633 20.204074049427742 21.207486688569855 22.210899327711964 23.214311966854076 24.21772460599619 24.799016937965128
11.172257723735104 11.432911081648747 11.693564439562392 11.954217797476035 12.21487115538968 12.475524513303323 12.736177871216967 12.898072501258776 12.954391819014857 13.010711136770844 13.06703045452683 13.123349772282815 13.1796690900388 13.235988407794785 13.29230772555077 13.348627043306756 13.404946361062741 13.461265678818727 13.517584996574712 13.46549189603626 13.297503469730618 13.129515043424691 12.961526617119048 12.793538190813408 12.625549764507767 12.457561338202124 12.289572911896483 12.12158448559084 11.9535960592852 11.78560763297956 11.617619206673917 12.065926834708925 13.173068877177947 14.280210919646969 15.387352962117879 16.4944950045869 17.60163704705592 18.708779089524942 19.815921131993964 20.923063174462985 22.030205216932007 23.13734725940103 24.24448930187005 24.87416599575878
11.74695924512214 11.83412542058219 11.92129159604224 12.008457771502288 12.095623946962338 12.182790122422386 12.269956297882436 12.351665952592585 12.427542463290392 12.50341897398807 12.57929548468575 12.655171995383427 12.731048506081105 12.806925016778784 12.882801527476461 12.95867803817414 13.034554548871817 13.110431059569496 13.186307570267175 13.110357164574772 12.872100353287138 12.633843541999099 12.395586730711466 12.157329919423834 11.919073108136201 11.680816296848569 11.442559485560935 11.204302674273302 10.96604586298567 10.727789051698037 10.489532240410405 10.951668093986596 12.162539539782529 13.37341098557846 14.584282431376455 15.795153877172387 17.00602532296832 18.21689676876425 19.42776821456018 20.638639660356112 21.849511106152043 23.060382551947974 24.271253997743905 24.949315053552425
12.321660766509178 12.23533975951563 12.149018752522085 12.06269774552854 11.976376738534995 11.89005573154145 11.803734724547905 11.805259403926392 11.900693107565926 11.996126811205299 12.09156051484467 12.18699421848404 12.282427922123413 12.377861625762783 12.473295329402156 12.568729033041526 12.664162736680897 12.75959644032027 12.85503014395964 12.755222433113284 12.44669723684366 12.13817204057351 11.829646844303886 11.521121648034262 11.212596451764638 10.904071255495014 10.59554605922539 10.287020862955764 9.97849566668614 9.669970470416516 9.361445274146892 9.837409353264267 11.152010202387109 12.46661105150995 13.781211900635034 15.095812749757876 16.410413598880716 17.725014448003556 19.0396152971264 20.354216146249243 21.668816995372083 22.983417844494923 24.298018693617763 25.024464111346074
12.896362287896213 12.636554098449073 12.376745909001933 12.116937719554793 11.857129530107652 11.597321340660514 11.337513151213374 11.258852855260201 11.373843751841461 11.488834648422525 11.60382554500359 11.718816441584654 11.833807338165718 11.948798234746782 12.063789131327846 12.17878002790891 12.293770924489975 12.408761821071039 12.523752717652103 12.400087701651795 12.02129412040018 11.64250053914792 11.263706957896304 10.884913376644688 10.506119795393072 10.127326214141458 9.748532632889843 9.369739051638227 8.990945470386611 8.612151889134996 8.233358307883382 8.72315061254194 10.141480864991692 11.559811117441441 12.978141369893612 14.396471622343363 15.814801874793115 17.233132127242865 18.651462379692617 20.069792632142367 21.48812288459212 22.906453137041872 24.32478338949162 25.099613169139722
13.47106380928325 13.037768437382514 12.60447306548178 12.171177693581045 11.73788232168031 11.304586949779576 10.871291577878843 10.712446306594009 10.846994396116996 10.981542485639753 11.11609057516251 11.250638664685267 11.385186754208025 11.519734843730781 11.654282933253539 11.788831022776295 11.923379112299052 12.057927201821808 12.192475291344566 12.044952970190307 11.5958910039567 11.146829037722329 10.697767071488721 10.248705105255116 9.799643139021509 9.350581172787901 8.901519206554296 8.452457240320689 8.003395274087083 7.554333307853476 7.105271341619869 7.608891871819611 9.130951527596272 10.653011183372934 12.175070839152191 13.697130494928851 15.219190150705513 16.741249806482173 18.263309462258835 19.785369118035497 21.307428773812155 22.82948842958882 24.35154808536548 25.174762226933368
14.045765330670775 13.438982776316298 12.83220022196182 12.225417667607344 11.618635113252868 11.01185255889839 10.405070004543912 10.166039757927352 10.320145040392081 10.474250322856548 10.628355605321014 10.782460887785481 10.936566170249948 11.090671452714414 11.244776735178881 11.398882017643349 11.552987300107814 11.707092582572281 11.861197865036747 11.689818238728515 11.170487887512857 10.651157536296314 10.131827185080656 9.612496833864999 9.093166482649341 8.573836131433684 8.054505780218026 7.535175429002368 7.01584507778671 6.496514726571053 5.977184375355395 6.4946331310963314 8.120422190199992 9.746211249303652 11.372000308410083 12.997789367513743 14.623578426617405 16.249367485721066 17.875156544824726 19.500945603928386 21.126734663032046 22.752523722135702 24.378312781239362 25.24991128472708
14.620466852057811 13.84019711524974 13.05992737844167 12.279657641633598 11.499387904825525 10.719118168017454 9.938848431209383 9.619633209261162 9.793295684667617 9.966958160073776 10.140620635479937 10.314283110886096 10.487945586292255 10.661608061698415 10.835270537104574 11.008933012510735 11.182595487916894 11.356257963323053 11.529920438729214 11.334683507267028 10.74508477106938 10.155486034870725 9.565887298673076 8.976288562475427 8.386689826277777 7.797091090080128 7.207492353882479 6.61789361768483 6.028294881487181 5.438696145289532 4.849097409091883 5.380374390374003 7.109892852804573 8.839411315235143 10.568929777668664 12.298448240099233 14.027966702529804 15.757485164960373 17.487003627390944 19.216522089821517 20.946040552252086 22.675559014682655 24.405077477113224 25.32506034252073
14.790652330097771 13.898921583949349 13.007190837800925 12.115460091652501 11.22372934550408 10.331998599355657 9.440267853207235 9.066322686955763 9.245902008845635 9.425481330735199 9.605060652624765 9.78463997451433 9.964219296403897 10.143798618293461 10.323377940183027 10.502957262072593 10.682536583962158 10.862115905851724 11.04169522774129 10.870368619333277 10.323915639377814 9.777462659421417 9.231009679465954 8.68455669951049 8.138103719555025 7.591650739599561 7.045197759644096 6.498744779688632 5.9522917997331675 5.405838819777704 4.859385839822239 5.401827418100764 7.108321895309479 8.814816372518194 10.521310849729819 12.227805326938533 13.93429980414725 15.640794281355964 17.34728875856468 19.053783235773395 20.76027771298211 22.466772190190824 24.173266667399538 25.074614521362832
14.52843565870744 13.591545972113595 12.65465628551975 11.717766598925902 10.780876912332058 9.84398722573821 8.907097539144365 8.505632252060243 8.676547749964335 8.847463247868134 9.018378745771933 9.189294243675732 9.360209741579531 9.53112523948333 9.70204073738713 9.87295623529093 10.04387173319473 10.214787231098528 10.385702729002327 10.289347026906142 9.907272370473382 9.52519771403997 9.143123057607209 8.761048401174447 8.378973744741687 7.9968990883089255 7.6148244318761655 7.232749775443404 6.850675119010643 6.468600462577882 6.086525806145121 6.63728473042225 8.18526384065189 9.733242950881532 11.281222061113812 12.829201171343453 14.377180281573095 15.925159391802735 17.473138502032377 19.021117612262017 20.569096722491658 22.117075832721298 23.66505494295094 24.476128300281058
14.26621898731711 13.284170360277841 12.302121733238572 11.3200731061993 10.338024479160032 9.355975852120762 8.373927225081493 7.9449418171647235 8.107193491083034 8.269445165001068 8.4316968389191 8.593948512837134 8.756200186755168 8.918451860673201 9.080703534591233 9.242955208509267 9.4052068824273 9.567458556345334 9.729710230263368 9.708325434479011 9.490629101568953 9.272932768658524 9.055236435748466 8.837540102838407 8.61984376992835 8.402147437018291 8.184451104108234 7.966754771198176 7.7490584382881185 7.53136210537806 7.313665772468003 7.872742042743735 9.262205785994302 10.651669529244868 12.041133272497804 13.430597015748372 14.820060758998938 16.209524502249504 17.59898824550007 18.98845198875064 20.377915732001206 21.767379475251772 23.15684321850234 23.877642079199276
14.00400231592678 12.976794748442085 11.949587180957394 10.922379613472701 9.895172045988009 8.867964478503316 7.840756911018623 7.384251382269204 7.537839232201733 7.691427082134001 7.845014932066268 7.998602781998535 8.152190631930802 8.30577848186307 8.459366331795337 8.612954181727606 8.766542031659872 8.920129881592139 9.073717731524408 9.127303842051878 9.073985832664523 9.020667823277076 8.967349813889722 8.914031804502367 8.860713795115013 8.807395785727657 8.754077776340301 8.700759766952947 8.647441757565591 8.594123748178237 8.540805738790882 9.108199355065219 10.339147731336713 11.570096107608206 12.8010444838818 14.031992860153292 15.262941236424785 16.49388961269628 17.72483798896777 18.955786365239263 20.186734741510758 21.417683117782254 22.648631494053745 23.2791558581175
13.741785644536225 12.66941913660607 11.597052628675916 10.524686120745763 9.452319612815607 8.379953104885454 7.3075865969553 6.823560947373206 6.9684849733199465 7.113408999266441 7.258333025212934 7.403257051159429 7.548181077105923 7.6931051030524165 7.83802912899891 7.982953154945404 8.127877180891899 8.272801206838391 8.417725232784885 8.546282249624248 8.657342563759736 8.768402877895413 8.879463192030903 8.99052350616639 9.10158382030188 9.212644134437367 9.323704448572856 9.434764762708344 9.545825076843833 9.65688539097932 9.76794570511481 10.343656667387759 11.416089676680043 12.488522685972328 13.56095569526644 14.633388704558726 15.705821713851009 16.77825472314329 17.850687732435578 18.923120741727864 19.995553751020147 21.06798676031243 22.140419769604716 22.680669637035216
13.479568973145895 12.362043524770316 11.244518076394739 10.126992628019162 9.009467179643584 7.891941731268007 6.77441628289243 6.2628705124776864 6.3991307144386465 6.535390916399375 6.671651118360103 6.80791132032083 6.944171522281558 7.0804317242422865 7.216691926203014 7.352952128163742 7.48921233012447 7.625472532085198 7.761732734045926 7.965260657197114 8.240699294855306 8.516137932513967 8.79157657017216 9.06701520783035 9.342453845488542 9.617892483146733 9.893331120804925 10.168769758463117 10.444208396121308 10.7196470337795 10.99508567143769 11.579113979709245 12.493031622022455 13.406949264335665 14.320866906650433 15.234784548963644 16.148702191276854 17.062619833590066 17.976537475903275 18.890455118216487 19.804372760529695 20.718290402842904 21.632208045156116 22.082183415953438
13.217352301755563 12.054667912934562 10.891983524113561 9.729299135292562 8.566614746471561 7.403930357650561 6.24124596882956 5.702180077582168 5.829776455557347 5.957372833532308 6.08496921150727 6.2125655894822325 6.3401619674571945 6.4677583454321566 6.595354723407119 6.72295110138208 6.850547479357042 6.978143857332004 7.105740235306966 7.384239064769982 7.824056025950877 8.26387298713252 8.703689948313416 9.14350690949431 9.583323870675205 10.0231408318561 10.462957793036994 10.902774754217889 11.342591715398783 11.782408676579678 12.222225637760573 12.81457129203073 13.569973567364867 14.325375842699003 15.080778118034427 15.836180393368565 16.5915826687027 17.346984944036837 18.102387219370975 18.85778949470511 19.613191770039247 20.368594045373385 21.12399632070752 21.48369719487166
