Figures/CREST_Example_wjb_NSE/Rolling_result/20100722/BJP_forecast/ens_42/wjb.rain.20090726.asc
ncols            288
nrows            254
xllcorner        113.274861
yllcorner        31.4918055
cellsize         0.008333333333
NODATA_value     -9999
[rows 60 to 79 of 254, columns 90 to 134 of 288]
2.822755453745732 2.822755453745732 2.822755453745732 2.822755453745732 2.822755453745732 2.822755453745732 2.822755453745732 2.822755453745732 2.822755453745732 2.7669341293030674 2.651438546873139 2.535942964443211 2.4204473820132826 2.3049517995833546 2.1894562171532295 2.0739606347233015 1.958465052293373 1.8429694698634451 1.727473887433517 1.6119783050035887 1.4964827225736606 1.4368084645308559 1.4368084645308559 1.4368084645308559 1.4368084645308559 1.4368084645308559 1.4368084645308559 1.4368084645308559 1.4368084645308559 1.4368084645308559 1.4368084645308559 1.4368084645308559 1.4368084645308559 1.416042170316154 1.3730762379605723 1.3301103056049903 1.2871443732494083 1.2441784408938263 1.2012125085382444 1.1582465761826626 1.1152806438270073 1.0723147114714253 1.0293487791158433 0.9863828467602614 0.9434169144046796
2.877495943335073 2.877495943335073 2.877495943335073 2.877495943335073 2.877495943335073 2.877495943335073 2.877495943335073 2.877495943335073 2.877495943335073 2.8191058691011546 2.698295485271946 2.5774851014427376 2.4566747176135286 2.33586433378432 2.2150539499549056 2.094243566125697 1.9734331822964881 1.8526227984672796 1.731812414638071 1.6110020308088622 1.4901916469796537 1.427771337326266 1.427771337326266 1.427771337326266 1.427771337326266 1.427771337326266 1.427771337326266 1.427771337326266 1.427771337326266 1.427771337326266 1.427771337326266 1.427771337326266 1.427771337326266 1.4044168799961392 1.35609597962398 1.3077750792518208 1.2594541788796616 1.2111332785075022 1.162812378135343 1.1144914777631838 1.0661705773909422 1.0178496770187828 0.9695287766466236 0.9212078762744644 0.8728869759023052
2.730646863352071 2.730646863352071 2.730646863352071 2.730646863352071 2.730646863352071 2.730646863352071 2.730646863352071 2.730646863352071 2.730646863352071 2.6756438747655777 2.5618414477251985 2.4480390206848197 2.33423659364444 2.2204341666040612 2.106631739563488 1.9928293125231087 1.8790268854827294 1.7652244584423502 1.6514220314019707 1.5376196043615917 1.4238171773212125 1.365017738812599 1.365017738812599 1.365017738812599 1.365017738812599 1.365017738812599 1.365017738812599 1.365017738812599 1.365017738812599 1.365017738812599 1.365017738812599 1.365017738812599 1.365017738812599 1.3439908488939678 1.3004857381336385 1.2569806273733095 1.2134755166129803 1.1699704058526512 1.126465295092322 1.0829601843319927 1.0394550735715895 0.9959499628112602 0.9524448520509312 0.908939741290602 0.8654346305302729
2.5837977833690697 2.5837977833690697 2.5837977833690697 2.5837977833690697 2.5837977833690697 2.5837977833690697 2.5837977833690697 2.5837977833690697 2.5837977833690697 2.532181880430002 2.4253874101784523 2.3185929399269023 2.2117984696753523 2.1050039994238023 1.9982095291720707 1.8914150589205208 1.7846205886689708 1.677826118417421 1.571031648165871 1.4642371779143213 1.3574427076627715 1.3022641402989323 1.3022641402989323 1.3022641402989323 1.3022641402989323 1.3022641402989323 1.3022641402989323 1.3022641402989323 1.3022641402989323 1.3022641402989323 1.3022641402989323 1.3022641402989323 1.3022641402989323 1.2835648177917964 1.2448754966432973 1.2061861754947982 1.1674968543462991 1.1288075331978 1.090118212049301 1.051428890900802 1.0127395697522368 0.9740502486037378 0.9353609274552387 0.8966716063067397 0.8579822851582406
2.436948703386068 2.436948703386068 2.436948703386068 2.436948703386068 2.436948703386068 2.436948703386068 2.436948703386068 2.436948703386068 2.436948703386068 2.3887198860944254 2.288933372631705 2.189146859168985 2.089360345706264 1.9895738322435437 1.889787318780653 1.7900008053179328 1.690214291855212 1.5904277783924918 1.4906412649297711 1.3908547514670508 1.2910682380043303 1.2395105417852657 1.2395105417852657 1.2395105417852657 1.2395105417852657 1.2395105417852657 1.2395105417852657 1.2395105417852657 1.2395105417852657 1.2395105417852657 1.2395105417852657 1.2395105417852657 1.2395105417852657 1.223138786689625 1.1892652551529561 1.155391723616287 1.121518192079618 1.087644660542949 1.05377112900628 1.019897597469611 0.9860240659328842 0.9521505343962151 0.9182770028595462 0.8844034713228771 0.8505299397862081
2.2900996234030666 2.2900996234030666 2.2900996234030666 2.2900996234030666 2.2900996234030666 2.2900996234030666 2.2900996234030666 2.2900996234030666 2.2900996234030666 2.245257891758849 2.152479335084958 2.059700778411067 1.966922221737176 1.874143665063285 1.7813651083892355 1.6885865517153444 1.5958079950414534 1.5030294383675624 1.4102508816936714 1.3174723250197802 1.2246937683458892 1.1767569432715987 1.1767569432715987 1.1767569432715987 1.1767569432715987 1.1767569432715987 1.1767569432715987 1.1767569432715987 1.1767569432715987 1.1767569432715987 1.1767569432715987 1.1767569432715987 1.1767569432715987 1.1627127555874537 1.1336550136626147 1.1045972717377757 1.0755395298129367 1.0464817878880979 1.0174240459632589 0.98836630403842 0.9593085621135314 0.9302508201886925 0.9011930782638535 0.8721353363390146 0.8430775944141757
2.14325054341994 2.14325054341994 2.14325054341994 2.14325054341994 2.14325054341994 2.14325054341994 2.14325054341994 2.14325054341994 2.14325054341994 2.1017958974231505 2.0160252975380946 1.930254697653039 1.8444840977679833 1.7587134978829275 1.6729428979977257 1.58717229811267 1.5014016982276142 1.4156310983425584 1.3298604984575029 1.244089898572447 1.1583192986873914 1.1140033447578783 1.1140033447578783 1.1140033447578783 1.1140033447578783 1.1140033447578783 1.1140033447578783 1.1140033447578783 1.1140033447578783 1.1140033447578783 1.1140033447578783 1.1140033447578783 1.1140033447578783 1.1022867244852306 1.0780447721722257 1.053802819859221 1.0295608675462162 1.0053189152332116 0.9810769629202067 0.956835010607202 0.932593058294156 0.9083511059811511 0.8841091536681465 0.8598672013551416 0.835625249042137
1.9964014634369383 1.9964014634369383 1.9964014634369383 1.9964014634369383 1.9964014634369383 1.9964014634369383 1.9964014634369383 1.9964014634369383 1.9964014634369383 1.9583339030875742 1.8795712599913477 1.8008086168951214 1.7220459737988951 1.6432833307026689 1.5645206876063082 1.485758044510082 1.4069954014138557 1.3282327583176294 1.2494701152214032 1.1707074721251767 1.0919448290289504 1.0512497462442116 1.0512497462442116 1.0512497462442116 1.0512497462442116 1.0512497462442116 1.0512497462442116 1.0512497462442116 1.0512497462442116 1.0512497462442116 1.0512497462442116 1.0512497462442116 1.0512497462442116 1.0418606933830592 1.0224345306818845 1.0030083679807098 0.9835822052795351 0.9641560425783605 0.9447298798771858 0.9253037171760111 0.9058775544748032 0.8864513917736286 0.8670252290724539 0.8475990663712792 0.8281729036701045
1.8495523834539367 1.8495523834539367 1.8495523834539367 1.8495523834539367 1.8495523834539367 1.8495523834539367 1.8495523834539367 1.8495523834539367 1.8495523834539367 1.8148719087519978 1.7431172224446008 1.6713625361372038 1.599607849829807 1.52785316352241 1.4560984772148906 1.3843437909074938 1.3125891046000968 1.2408344182927 1.169079731985303 1.097325045677906 1.025570359370509 0.9884961477305447 0.9884961477305447 0.9884961477305447 0.9884961477305447 0.9884961477305447 0.9884961477305447 0.9884961477305447 0.9884961477305447 0.9884961477305447 0.9884961477305447 0.9884961477305447 0.9884961477305447 0.9814346622808877 0.9668242891915431 0.9522139161021985 0.9376035430128539 0.9229931699235093 0.9083827968341647 0.8937724237448201 0.8791620506554506 0.864551677566106 0.8499413044767614 0.8353309313874168 0.8207205582980721
1.7027033034709353 1.7027033034709353 1.7027033034709353 1.7027033034709353 1.7027033034709353 1.7027033034709353 1.7027033034709353 1.7027033034709353 1.7027033034709353 1.6714099144164214 1.6066631848978539 1.5419164553792863 1.4771697258607188 1.4124229963421513 1.3476762668234734 1.2829295373049059 1.2181828077863384 1.1534360782677706 1.0886893487492033 1.0239426192306356 0.9591958897120682 0.925742549216878 0.925742549216878 0.925742549216878 0.925742549216878 0.925742549216878 0.925742549216878 0.925742549216878 0.925742549216878 0.925742549216878 0.925742549216878 0.925742549216878 0.925742549216878 0.9210086311787163 0.9112140477012018 0.9014194642236874 0.8916248807461727 0.8818302972686582 0.8720357137911438 0.8622411303136291 0.852446546836098 0.8426519633585834 0.8328573798810689 0.8230627964035543 0.8132682129260398
1.5558542234879338 1.5558542234879338 1.5558542234879338 1.5558542234879338 1.5558542234879338 1.5558542234879338 1.5558542234879338 1.5558542234879338 1.5558542234879338 1.527947920080845 1.470209147351107 1.412470374621369 1.3547316018916307 1.2969928291618924 1.2392540564320558 1.1815152837023177 1.1237765109725797 1.0660377382428414 1.0082989655131032 0.9505601927833651 0.892821420053627 0.8629889507032112 0.8629889507032112 0.8629889507032112 0.8629889507032112 0.8629889507032112 0.8629889507032112 0.8629889507032112 0.8629889507032112 0.8629889507032112 0.8629889507032112 0.8629889507032112 0.8629889507032112 0.860582600076545 0.8556038062108605 0.8506250123451761 0.8456462184794915 0.8406674246138071 0.8356886307481226 0.8307098368824382 0.8257310430167452 0.8207522491510607 0.8157734552853763 0.8107946614196918 0.8058158675540074
1.4090051435049324 1.4090051435049324 1.4090051435049324 1.4090051435049324 1.4090051435049324 1.4090051435049324 1.4090051435049324 1.4090051435049324 1.4090051435049324 1.3844859257452689 1.33375510980436 1.2830242938634513 1.2322934779225425 1.1815626619816337 1.1308318460406386 1.0801010300997298 1.029370214158821 0.9786393982179122 0.9279085822770035 0.8771777663360947 0.8264469503951859 0.8002353521895444 0.8002353521895444 0.8002353521895444 0.8002353521895444 0.8002353521895444 0.8002353521895444 0.8002353521895444 0.8002353521895444 0.8002353521895444 0.8002353521895444 0.8002353521895444 0.8002353521895444 0.8001565689743736 0.7999935647205192 0.7998305604666648 0.7996675562128104 0.799504551958956 0.7993415477051016 0.7991785434512472 0.7990155391973925 0.7988525349435381 0.7986895306896837 0.7985265264358293 0.7983635221819749
1.2621560635218056 1.2621560635218056 1.2621560635218056 1.2621560635218056 1.2621560635218056 1.2621560635218056 1.2621560635218056 1.2621560635218056 1.2621560635218056 1.2410239314095701 1.1973010722574968 1.1535782131054233 1.10985535395335 1.0661324948012765 1.0224096356491286 0.9786867764970553 0.9349639173449817 0.8912410581929084 0.8475181990408349 0.8037953398887616 0.7600724807366882 0.7374817536758241 0.7374817536758241 0.7374817536758241 0.7374817536758241 0.7374817536758241 0.7374817536758241 0.7374817536758241 0.7374817536758241 0.7374817536758241 0.7374817536758241 0.7374817536758241 0.7374817536758241 0.7397305378721506 0.7443833232301303 0.7490361085881102 0.75368889394609 0.7583416793040697 0.7629944646620496 0.7676472500200293 0.7723000353780171 0.7769528207359968 0.7816056060939766 0.7862583914519564 0.7909111768099362
1.1717180381488372 1.1717180381488372 1.1717180381488372 1.1717180381488372 1.1717180381488372 1.1717180381488372 1.1717180381488372 1.1717180381488372 1.1717180381488372 1.1533706924723444 1.1154096194217344 1.0774485463711247 1.039487473320515 1.0015264002699054 0.9635653272192309 0.9256042541686212 0.8876431811180115 0.8496821080674019 0.8117210350167922 0.7737599619661824 0.7357988889155727 0.7161851615232007 0.7161851615232007 0.7161851615232007 0.7161851615232007 0.7161851615232007 0.7161851615232007 0.7161851615232007 0.7161851615232007 0.7161851615232007 0.7161851615232007 0.7161851615232007 0.7161851615232007 0.7190187495394809 0.7248815072261601 0.7307442649128392 0.7366070225995183 0.7424697802861975 0.7483325379728766 0.7541952956595558 0.7600580533462449 0.7659208110329241 0.7717835687196032 0.7776463264062824 0.7835090840929615
1.141579873391365 1.141579873391365 1.141579873391365 1.141579873391365 1.141579873391365 1.141579873391365 1.141579873391365 1.141579873391365 1.141579873391365 1.125373494268778 1.0918421294269083 1.0583107645850383 1.0247793997431682 0.9912480349012983 0.9577166700593711 0.9241853052175012 0.8906539403756313 0.8571225755337613 0.8235912106918913 0.7900598458500214 0.7565284810081514 0.7392034952727431 0.7392034952727431 0.7392034952727431 0.7392034952727431 0.7392034952727431 0.7392034952727431 0.7392034952727431 0.7392034952727431 0.7392034952727431 0.7392034952727431 0.7392034952727431 0.7392034952727431 0.7407589827122734 0.7439773214016819 0.7471956600910904 0.750413998780499 0.7536323374699075 0.7568506761593161 0.7600690148487246 0.7632873535381386 0.7665056922275472 0.7697240309169557 0.7729423696063642 0.7761607082957728
1.1114417086338926 1.1114417086338926 1.1114417086338926 1.1114417086338926 1.1114417086338926 1.1114417086338926 1.1114417086338926 1.1114417086338926 1.1114417086338926 1.097376296065212 1.068274639432082 1.0391729827989515 1.0100713261658214 0.9809696695326913 0.9518680128995114 0.9227663562663811 0.8936646996332509 0.8645630430001208 0.8354613863669905 0.8063597297338603 0.7772580731007301 0.7622218290222855 0.7622218290222855 0.7622218290222855 0.7622218290222855 0.7622218290222855 0.7622218290222855 0.7622218290222855 0.7622218290222855 0.7622218290222855 0.7622218290222855 0.7622218290222855 0.7622218290222855 0.7624992158850659 0.7630731355772038 0.7636470552693417 0.7642209749614797 0.7647948946536175 0.7653688143457554 0.7659427340378934 0.7665166537300323 0.7670905734221702 0.7676644931143081 0.768238412806446 0.7688123324985839
1.0813035438764202 1.0813035438764202 1.0813035438764202 1.0813035438764202 1.0813035438764202 1.0813035438764202 1.0813035438764202 1.0813035438764202 1.0813035438764202 1.069379097861646 1.0447071494372555 1.020035201012865 0.9953632525884746 0.9706913041640841 0.9460193557396516 0.9213474073152611 0.8966754588908706 0.8720035104664802 0.8473315620420897 0.8226596136176992 0.7979876651933088 0.785240162771828 0.785240162771828 0.785240162771828 0.785240162771828 0.785240162771828 0.785240162771828 0.785240162771828 0.785240162771828 0.785240162771828 0.785240162771828 0.785240162771828 0.785240162771828 0.7842394490578584 0.7821689497527257 0.780098450447593 0.7780279511424603 0.7759574518373276 0.7738869525321949 0.7718164532270623 0.769745953921926 0.7676754546167933 0.7656049553116606 0.7635344560065279 0.7614639567013952
1.051165379118948 1.051165379118948 1.051165379118948 1.051165379118948 1.051165379118948 1.051165379118948 1.051165379118948 1.051165379118948 1.051165379118948 1.04138189965808 1.0211396594424291 1.0008974192267783 0.9806551790111278 0.960412938795477 0.9401706985797917 0.919928458364141 0.8996862181484904 0.8794439779328396 0.8592017377171889 0.8389594975015382 0.8187172572858874 0.8082584965213704 0.8082584965213704 0.8082584965213704 0.8082584965213704 0.8082584965213704 0.8082584965213704 0.8082584965213704 0.8082584965213704 0.8082584965213704 0.8082584965213704 0.8082584965213704 0.8082584965213704 0.8059796822306509 0.8012647639282475 0.7965498456258443 0.791834927323441 0.7871200090210376 0.7824050907186344 0.7776901724162311 0.7729752541138197 0.7682603358114164 0.7635454175090132 0.7588304992066098 0.7541155809042065
1.0210272143614756 1.0210272143614756 1.0210272143614756 1.0210272143614756 1.0210272143614756 1.0210272143614756 1.0210272143614756 1.0210272143614756 1.0210272143614756 1.0133847014545139 0.9975721694476029 0.9817596374406918 0.9659471054337809 0.9501345734268699 0.934322041419932 0.918509509413021 0.90269697740611 0.8868844453991991 0.8710719133922881 0.8552593813853772 0.8394468493784661 0.8312768302709128 0.8312768302709128 0.8312768302709128 0.8312768302709128 0.8312768302709128 0.8312768302709128 0.8312768302709128 0.8312768302709128 0.8312768302709128 0.8312768302709128 0.8312768302709128 0.8312768302709128 0.8277199154034434 0.8203605781037694 0.8130012408040955 0.8056419035044217 0.7982825662047477 0.7909232289050738 0.7835638916053999 0.7762045543057134 0.7688452170060396 0.7614858797063656 0.7541265424066917 0.7467672051070178
0.9908890496039775 0.9908890496039775 0.9908890496039775 0.9908890496039775 0.9908890496039775 0.9908890496039775 0.9908890496039775 0.9908890496039775 0.9908890496039775 0.9853875032509237 0.9740046794527563 0.9626218556545889 0.9512390318564214 0.939856208058254 0.9284733842600671 0.9170905604618996 0.9057077366637323 0.8943249128655648 0.8829420890673974 0.8715592652692299 0.8601764414710624 0.8542951640204748 0.8542951640204748 0.8542951640204748 0.8542951640204748 0.8542951640204748 0.8542951640204748 0.8542951640204748 0.8542951640204748 0.8542951640204748 0.8542951640204748 0.8542951640204748 0.8542951640204748 0.8494601485762543 0.8394563922793076 0.8294526359823607 0.819448879685414 0.8094451233884672 0.7994413670915205 0.7894376107945738 0.7794338544976098 0.7694300982006631 0.7594263419037164 0.7494225856067696 0.7394188293098228
