Figures/CREST_Example_wjb_NSE/Rolling_result/20100722/BJP_forecast/ens_42/wjb.rain.20100728.asc
ncols            288
nrows            254
xllcorner        113.274861
yllcorner        31.4918055
cellsize         0.008333333333
NODATA_value     -9999
[rows 189 to 215 of 254, columns 180 to 239 of 288]
0.0 0.0 0.0 0.0 0.0 0.0 0.0 0.0 0.0 0.0 0.0 0.0 0.0 0.0 0.0 0.0 0.0 0.0 0.0 0.0 0.0 0.0 0.0 0.0 0.0 0.0 0.0 0.0 0.0 0.0 0.0 0.0 0.0 0.0 0.0 0.0 0.0 0.0 0.0 0.0 0.0 0.0 0.0 0.0 0.0 0.0 0.0 0.0 0.0 0.0 0.0 0.0 0.0 0.0 0.0 0.0 0.0 0.0 0.0 0.0
0.0 0.0 0.0 0.0 0.0 0.0 0.0 0.0 0.0 0.0 0.0 0.0 0.0 0.0 0.0 0.0 0.0 0.0 0.0 0.0 0.0 0.0 0.0 0.0 0.0 0.0 0.0 0.0 0.0 0.0 0.0 0.0 0.0 0.0 0.0 0.0 0.0 0.0 0.0 0.0 0.0 0.0 0.0 0.0 0.0 0.0 0.0 0.0 0.0 0.0 0.0 0.0 0.0 0.0 0.0 0.0 0.0 0.0 0.0 0.0
0.0 0.0 0.0 0.0 0.0 0.0 0.0 0.0 0.0 0.0 0.0 0.0 0.0 0.0 0.0 0.0 0.0 0.0 0.0 0.0 0.0 0.0 0.0 0.0 0.0 0.0 0.0 0.0 0.0 0.0 0.0 0.0 0.0 0.0 0.0 0.0 0.0 0.0 0.0 0.0 0.0 0.0 0.0 0.0 0.0 0.0 0.0 0.0 0.0 0.0 0.0 0.0 0.0 0.0 0.0 0.0 0.0 0.0 0.0 0.0
0.0 0.0 0.0 0.0 0.0 0.0 0.0 0.0 0.0 0.0 0.0 0.0 0.0 0.0 0.0 0.0 0.0 0.0 0.0 0.0 0.0 0.0 0.0 0.0 0.0 0.0 0.0 0.0 0.0 0.0 0.0 0.0 0.0 0.0 0.0 0.0 0.0 0.0 0.0 0.0 0.0 0.0 0.0 0.0 0.0 0.0 0.0 0.0 0.0 0.0 0.0 0.0 0.0 0.0 0.0 0.0 0.0 0.0 0.0 0.0
0.001837860179524956 0.0020316594165907306 0.0022254586536568357 0.0025202383080164138 0.0029229683131511094 0.003325698318285805 0.003728428323420501 0.004131158328555197 0.004533888333689893 0.0049366183388245884 0.0053393483439592845 0.005742078349093981 0.006144808354228676 0.006547538359363372 0.006950268364498068 0.006967349095364104 0.0065721620259034785 0.006176974956442853 0.005781787886982227 0.005386600817521601 0.004991413748060976 0.00459622667860035 0.004201039609139724 0.003805852539679098 0.0034106654702184725 0.0030154784007578464 0.002620291331297221 0.00231879337571437 0.0021174512029741247 0.0019161090302342232 0.0017147668574943212 0.0015134246847544192 0.0013120825120145172 0.0011107403392746154 0.0009093981665347134 0.0007080559937948114 0.0005067138210549096 0.0003053716483150076 0.00010402947557510561 0.0 0.0 0.0 0.0 0.0 0.0 0.0 0.0 0.0 0.0 0.0 0.0 0.0 0.0 0.0 0.0 0.0 0.0 0.0 0.0 0.0
0.005640277050157335 0.006235034693495918 0.006829792336835516 0.007734452516026839 0.008970405517608334 0.01020635851918983 0.011442311520771326 0.012678264522352822 0.013914217523934319 0.015150170525515814 0.01638612352709731 0.017622076528678806 0.0188580295302603 0.020093982531841796 0.021329935533423293 0.021382355219848253 0.020169551012417283 0.018956746804986314 0.01774394259755534 0.01653113839012437 0.015318334182693401 0.01410552997526243 0.01289272576783146 0.01167992156040049 0.01046711735296952 0.009254313145538548 0.008041508938107579 0.007116230715918305 0.006498324278427966 0.005880417840938682 0.005262511403449396 0.004644604965960112 0.0040266985284708266 0.0034087920909815425 0.0027908856534922576 0.0021729792160029727 0.0015550727785136878 0.0009371663410244029 0.00031925990353511794 0.0 0.0 0.0 0.0 0.0 0.0 0.0 0.0 0.0 0.0 0.0 0.0 0.0 0.0 0.0 0.0 0.0 0.0 0.0 0.0 0.0
0.009442693920788095 0.010438409970399317 0.011434126020012238 0.012948666724035045 0.015017842722062986 0.017087018720090927 0.019156194718118868 0.02122537071614681 0.023294546714174753 0.02536372271220269 0.027432898710230635 0.029502074708258576 0.03157125070628652 0.033640426704314455 0.0357096027023424 0.03579736134432627 0.0337669399989253 0.03173651865352434 0.029706097308123368 0.0276756759627224 0.02564525461732143 0.023614833271920464 0.021584411926519498 0.01955399058111853 0.017523569235717563 0.015493147890316594 0.013462726544915628 0.011913668056120196 0.010879197353879941 0.00984472665164145 0.008810255949402962 0.007775785247164471 0.00674131454492598 0.005706843842687491 0.004672373140449 0.0036379024382105097 0.0026034317359720192 0.0015689610337335288 0.0005344903314950383 0.0 0.0 0.0 0.0 0.0 0.0 0.0 0.0 0.0 0.0 0.0 0.0 0.0 0.0 0.0 0.0 0.0 0.0 0.0 0.0 0.0
0.013245110791418852 0.01464178524730271 0.016038459703188953 0.018162880932043244 0.02106527992651763 0.023967678920992014 0.0268700779154664 0.029772476909940785 0.032674875904415174 0.03557727489888955 0.038479673893363944 0.04138207288783832 0.044284471882312715 0.04718687087678709 0.050089269871261485 0.05021236746880426 0.047364328985433295 0.044516290502062336 0.04166825201869137 0.03882021353532041 0.03597217505194945 0.03312413656857849 0.030276098085207523 0.02742805960183656 0.0245800211184656 0.021731982635094637 0.018883944151723675 0.016711105396322087 0.015260070429331916 0.01380903546234422 0.012358000495356524 0.010906965528368829 0.009455930561381132 0.008004895594393437 0.006553860627405742 0.005102825660418045 0.00365179069343035 0.0022007557264426547 0.0007497207594549596 0.0 0.0 0.0 0.0 0.0 0.0 0.0 0.0 0.0 0.0 0.0 0.0 0.0 0.0 0.0 0.0 0.0 0.0 0.0 0.0 0.0
0.01704752766205123 0.0188451605242079 0.020642793386367635 0.02337709514005367 0.027112717130974854 0.03084833912189604 0.034583961112817224 0.03831958310373841 0.0420552050946596 0.045790827085580785 0.04952644907650197 0.05326207106742316 0.056997693058344345 0.06073331504926553 0.06446893704018672 0.06462737359328842 0.06096171797194711 0.0572960623506058 0.053630406729264495 0.049964751107923186 0.046299095486581884 0.04263343986524057 0.03896778424389927 0.03530212862255795 0.03163647300121665 0.02797081737987534 0.024305161758534033 0.021508542736526023 0.01964094350478576 0.01777334427304868 0.0159057450413116 0.014038145809574522 0.012170546577837444 0.010302947346100365 0.008435348114363287 0.00656774888262621 0.004700149650889128 0.0028325504191520495 0.000964951187414971 0.0 0.0 0.0 0.0 0.0 0.0 0.0 0.0 0.0 0.0 0.0 0.0 0.0 0.0 0.0 0.0 0.0 0.0 0.0 0.0 0.0
0.02084994453268199 0.0230485358011113 0.025247127069544358 0.028591309348061873 0.03316015433542951 0.037728999322797135 0.04229784431016477 0.0468666892975324 0.051435534284900025 0.05600437927226766 0.06057322425963529 0.06514206924700292 0.06971091423437055 0.07427975922173818 0.0788486042091058 0.07904237971776643 0.07455910695845512 0.07007583419914382 0.06559256143983251 0.06110928868052121 0.0566260159212099 0.0521427431618986 0.04765947040258729 0.04317619764327599 0.03869292488396468 0.03420965212465338 0.029726379365342073 0.026305980076727912 0.024021816580237734 0.02173765308375145 0.019453489587265164 0.017169326090778883 0.014885162594292598 0.012600999097806313 0.010316835601320028 0.008032672104833747 0.005748508608347462 0.003464345111861177 0.0011801816153748958 0.0 0.0 0.0 0.0 0.0 0.0 0.0 0.0 0.0 0.0 0.0 0.0 0.0 0.0 0.0 0.0 0.0 0.0 0.0 0.0 0.0
0.024652361403312745 0.027251911078014692 0.029851460752721073 0.033805523556070076 0.03920759153988415 0.04460965952369823 0.0500117275075123 0.055413795491326384 0.06081586347514045 0.06621793145895453 0.07161999944276862 0.07702206742658269 0.08242413541039675 0.08782620339421084 0.09322827137802492 0.09345738584224444 0.08815649594496314 0.08285560604768184 0.07755471615040054 0.07225382625311924 0.06695293635583793 0.06165204645855663 0.05635115656127533 0.05105026666399403 0.04574937676671273 0.04044848686943142 0.03514759697215012 0.031103417416929804 0.028402689655689706 0.025701961894454218 0.02300123413321873 0.02030050637198324 0.017599778610747747 0.01489905084951226 0.012198323088276772 0.00949759532704128 0.006796867565805793 0.004096139804570301 0.0013954120433348136 0.0 0.0 0.0 0.0 0.0 0.0 0.0 0.0 0.0 0.0 0.0 0.0 0.0 0.0 0.0 0.0 0.0 0.0 0.0 0.0 0.0
0.028454778273945124 0.03145528635491988 0.03445579443589975 0.0390197377640805 0.045255028744341376 0.05149031972460225 0.05772561070486312 0.063960901685124 0.07019619266538488 0.07643148364564575 0.08266677462590663 0.08890206560616751 0.09513735658642838 0.10137264756668926 0.10760793854695014 0.10787239196672858 0.10175388493147694 0.0956353778962253 0.08951687086097365 0.08339836382572201 0.07727985679047036 0.0711613497552187 0.06504284271996708 0.058924335684715425 0.05280582864946378 0.04668732161421213 0.040568814578960485 0.03590085475713374 0.03278356273114355 0.029666270705158676 0.0265489786791738 0.02343168665318893 0.02031439462720406 0.017197102601219184 0.014079810575234313 0.010962518549249442 0.007845226523264567 0.004727934497279693 0.001610642471294825 0.0 0.0 0.0 0.0 0.0 0.0 0.0 0.0 0.0 0.0 0.0 0.0 0.0 0.0 0.0 0.0 0.0 0.0 0.0 0.0 0.0
0.03225719514457589 0.03565866163182328 0.03906012811907648 0.04423395197208871 0.051302465948796026 0.05837097992550335 0.06543949390221067 0.072508007878918 0.07957652185562532 0.08664503583233264 0.09371354980903995 0.10078206378574728 0.1078505777624546 0.11491909173916193 0.12198760571586925 0.1222873980912066 0.11535127391798497 0.10841514974476332 0.10147902557154168 0.09454290139832003 0.0876067772250984 0.08067065305187675 0.07373452887865511 0.06679840470543347 0.05986228053221182 0.05292615635899017 0.04599003218576854 0.04069829209733563 0.03716443580659552 0.033630579515861445 0.030096723225127367 0.02656286693439329 0.023029010643659212 0.019495154352925134 0.015961298062191057 0.012427441771456979 0.008893585480722901 0.005359729189988824 0.0018258728992547463 0.0 0.0 0.0 0.0 0.0 0.0 0.0 0.0 0.0 0.0 0.0 0.0 0.0 0.0 0.0 0.0 0.0 0.0 0.0 0.0 0.0
0.03605961201520664 0.039862036908726674 0.04366446180225319 0.049448166180096904 0.05734990315325068 0.06525164012640444 0.07315337709955821 0.08105511407271199 0.08895685104586576 0.09685858801901952 0.10476032499217329 0.11266206196532706 0.12056379893848082 0.1284655359116346 0.13636727288478837 0.1367024042156846 0.12894866290449297 0.12119492159330134 0.1134411802821097 0.10568743897091806 0.09793369765972643 0.09017995634853479 0.08242621503734314 0.0746724737261515 0.06691873241495987 0.059164991103768216 0.05141124979257658 0.04549572943753752 0.0415453088820475 0.03759488832656421 0.03364446777108093 0.02969404721559765 0.025743626660114365 0.02179320610463108 0.0178427855491478 0.013892364993664516 0.009941944438181236 0.005991523882697948 0.0020411033272146675 0.0 0.0 0.0 0.0 0.0 0.0 0.0 0.0 0.0 0.0 0.0 0.0 0.0 0.0 0.0 0.0 0.0 0.0 0.0 0.0 0.0
0.0398620288858374 0.04406541218563007 0.04826879548542991 0.05466238038810511 0.06339734035770532 0.07213230032730553 0.08086726029690575 0.08960222026650595 0.09833718023610616 0.10707214020570638 0.11580710017530658 0.12454206014490679 0.133277020114507 0.1420119800841072 0.15074694005370742 0.1511174103401626 0.14254605189100097 0.13397469344183935 0.1254033349926777 0.11683197654351607 0.10826061809435444 0.0996892596451928 0.09111790119603118 0.08254654274686954 0.0739751842977079 0.06540382584854627 0.056832467399384634 0.05029316677773941 0.04592618195749947 0.04155919713726698 0.0371922123170345 0.03282522749680201 0.028458242676569517 0.02409125785633703 0.019724273036104537 0.015357288215872053 0.010990303395639563 0.006623318575407072 0.002256333755174582 0.0 0.0 0.0 0.0 0.0 0.0 0.0 0.0 0.0 0.0 0.0 0.0 0.0 0.0 0.0 0.0 0.0 0.0 0.0 0.0 0.0
0.04366444575646978 0.048268787462535254 0.05287312916860859 0.05987659459611553 0.06944477756216254 0.07901296052820955 0.08858114349425657 0.09814932646030358 0.10771750942635058 0.11728569239239761 0.1268538753584446 0.1364220583244916 0.14599024129053864 0.15555842425658567 0.16512660722263267 0.16553241646464675 0.15614344087751478 0.1467544652903828 0.13736548970325083 0.12797651411611885 0.11858753852898687 0.10919856294185488 0.09980958735472291 0.09042061176759093 0.08103163618045894 0.07164266059332697 0.06225368500619499 0.05509060411794334 0.05030705503295331 0.045523505947971436 0.04073995686298956 0.035956407778007696 0.031172858693025825 0.02638930960804395 0.02160576052306208 0.016822211438080208 0.01203866235309834 0.007255113268116467 0.0024715641831346002 0.0 0.0 0.0 0.0 0.0 0.0 0.0 0.0 0.0 0.0 0.0 0.0 0.0 0.0 0.0 0.0 0.0 0.0 0.0 0.0 0.0
0.04379114227170121 0.04840884391029273 0.05302654554889212 0.06005033219309691 0.06964627814612093 0.07924222409914494 0.08883817005216896 0.09843411600519297 0.10803006195821699 0.117626007911241 0.12722195386426502 0.13681789981728903 0.14641384577031305 0.15600979172333707 0.16560573767636108 0.16601272441223594 0.15659650582527024 0.14718028723830456 0.13776406865133886 0.12834785006437316 0.11893163147740748 0.10951541289044178 0.1000991943034761 0.09068297571651039 0.0812667571295447 0.07185053854257901 0.06243431995561331 0.05525045471132236 0.05045302570666298 0.045655596702011775 0.04085816769736057 0.03606073869270937 0.03126330968805816 0.02646588068340696 0.021668451678755758 0.01687102267410455 0.012073593669453347 0.0072761646648021455 0.0024787356601509436 0.0 0.0 0.0 0.0 0.0 0.0 0.0 0.0 0.0 0.0 0.0 0.0 0.08062883253253095 0.08062883253253095 0.08062883253253095 0.08062883253253095 0.08062883253253095 0.08062883253253095 0.08062883253253095 0.08062883253253095 0.08062883253253095
0.03998872540107032 0.04420546863338918 0.048422211865715235 0.05483611798508853 0.06359884094166607 0.07236156389824361 0.08112428685482115 0.08988700981139869 0.09864973276797623 0.10741245572455377 0.11617517868113131 0.12493790163770885 0.1337006245942864 0.14246334755086393 0.15122607050744147 0.15159771828775742 0.14299911683876174 0.13440051538976608 0.12580191394077042 0.11720331249177475 0.10860471104277908 0.10000610959378342 0.09140750814478775 0.08280890669579208 0.07421030524679642 0.06561170379780075 0.05701310234880508 0.0504530173711203 0.046072152631210846 0.04169128789130886 0.037310423151406875 0.0329295584115049 0.028548693671602912 0.024167828931700927 0.019786964191798942 0.015406099451896964 0.011025234711994979 0.006644369972092994 0.0022635052321910154 0.0 0.0 0.0 0.0 0.0 0.0 0.0 0.0 0.0 0.0 0.0 0.0 0.08062883253253095 0.08062883253253095 0.08062883253253095 0.08062883253253095 0.08062883253253095 0.08062883253253095 0.08062883253253095 0.08062883253253095 0.08062883253253095
0.036186308530437805 0.040002093356483845 0.04381787818253639 0.04962190377707791 0.05755140373720863 0.06548090369733933 0.07341040365747004 0.08133990361760075 0.08926940357773147 0.09719890353786217 0.10512840349799288 0.11305790345812358 0.12098740341825431 0.12891690337838502 0.13684640333851572 0.13718271216327274 0.12940172785224746 0.12162074354122217 0.11383975923019687 0.10605877491917158 0.09827779060814629 0.090496806297121 0.0827158219860957 0.0749348376750704 0.06715385336404511 0.05937286905301982 0.051591884741994526 0.04565558003091619 0.04169127955575684 0.03772697908060426 0.03376267860545167 0.029798378130299088 0.025834077655146503 0.02186977717999392 0.017905476704841335 0.013941176229688747 0.009976875754536166 0.006012575279383578 0.00204827480423099 0.0 0.0 0.0 0.0 0.0 0.0 0.0 0.0 0.0 0.0 0.0 0.0 0.08062883253253095 0.08062883253253095 0.08062883253253095 0.08062883253253095 0.08062883253253095 0.08062883253253095 0.08062883253253095 0.08062883253253095 0.08062883253253095
0.03238389165980691 0.035798718079580294 0.03921354449935951 0.04440768956906953 0.05150396653275376 0.058600243496438 0.06569652046012224 0.07279279742380648 0.07988907438749071 0.08698535135117494 0.0940816283148592 0.10117790527854342 0.10827418224222767 0.1153704592059119 0.12246673616959614 0.12276770603879425 0.11580433886573899 0.10884097169268371 0.10187760451962845 0.09491423734657317 0.08795087017351791 0.08098750300046265 0.07402413582740738 0.06706076865435211 0.060097401481296844 0.05313403430824157 0.046170667135186305 0.04085814269071413 0.03731040648030472 0.03376267026990135 0.03021493405949799 0.02666719784909462 0.023119461638691257 0.019571725428287893 0.016023989217884525 0.012476253007481161 0.008928516797077797 0.005380780586674433 0.0018330443762710688 0.0 0.0 0.0 0.0 0.0 0.0 0.0 0.0 0.0 0.0 0.0 0.0 0.08062883253253095 0.08062883253253095 0.08062883253253095 0.08062883253253095 0.08062883253253095 0.08062883253253095 0.08062883253253095 0.08062883253253095 0.08062883253253095
0.02858147478917602 0.03159534280267675 0.03460921081618263 0.03919347536106114 0.045456529328298904 0.051719583295536664 0.05798263726277443 0.06424569123001218 0.07050874519724995 0.0767717991644877 0.08303485313172547 0.08929790709896324 0.09556096106620099 0.10182401503343877 0.10808706900067652 0.10835269991431572 0.10220694987923047 0.09606119984414524 0.08991544980906 0.08376969977397475 0.0776239497388895 0.07147819970380426 0.06533244966871903 0.05918669963363378 0.05304094959854854 0.0468951995634633 0.04074944952837806 0.036060705350512076 0.03292953340485259 0.029798361459198446 0.026667189513544298 0.023536017567890154 0.02040484562223601 0.017273673676581863 0.01414250173092772 0.011011329785273572 0.007880157839619428 0.004748985893965281 0.0016178139483111406 0.0 0.0 0.0 0.0 0.0 0.0 0.0 0.0 0.0 0.0 0.0 0.0 0.08062883253253095 0.08062883253253095 0.08062883253253095 0.08062883253253095 0.08062883253253095 0.08062883253253095 0.08062883253253095 0.08062883253253095 0.08062883253253095
0.0247790579185435 0.027391967525771412 0.030004877133003777 0.03397926115305053 0.03940909212384146 0.044838923094632395 0.050268754065423325 0.05569858503621426 0.06112841600700519 0.06655824697779612 0.07198807794858705 0.07741790891937798 0.08284773989016891 0.08827757086095986 0.09370740183175078 0.09393769378983105 0.08860956089271618 0.08328142799560131 0.07795329509848645 0.07262516220137158 0.06729702930425671 0.061968896407141844 0.056640763510026976 0.05131263061291211 0.04598449771579724 0.04065636481868237 0.035328231921567504 0.03126326801030797 0.028548660329398592 0.025834052648493845 0.023119444967589095 0.02040483728668435 0.017690229605779602 0.014975621924874855 0.012261014243970109 0.009546406563065359 0.006831798882160612 0.004117191201255865 0.0014025835203511187 0.0 0.0 0.0 0.0 0.0 0.0 0.0 0.0 0.0 0.0 0.0 0.0 0.08062883253253095 0.08062883253253095 0.08062883253253095 0.08062883253253095 0.08062883253253095 0.08062883253253095 0.08062883253253095 0.08062883253253095 0.08062883253253095
0.02097664104791261 0.023188592248867868 0.0254005434498269 0.02876504694504214 0.0333616549193866 0.037958262893731054 0.04255487086807551 0.04715147884241997 0.051748086816764426 0.05634469479110889 0.06094130276545334 0.0655379107397978 0.07013451871414225 0.07473112668848672 0.07932773466283116 0.07952268766535255 0.0750121719062077 0.07050165614706286 0.06599114038791801 0.06148062462877317 0.05697010886962833 0.05245959311048348 0.047949077351338645 0.0434385615921938 0.03892804583304896 0.034417530073904114 0.029907014314759277 0.026465830670105907 0.02416778725394646 0.021869743837790934 0.019571700421635408 0.017273657005479878 0.014975613589324354 0.012677570173168827 0.0103795267570133 0.008081483340857773 0.005783439924702247 0.0034853965085467203 0.001187353092391194 0.0 0.0 0.0 0.0 0.0 0.0 0.0 0.0 0.0 0.0 0.0 0.0 0.08062883253253095 0.08062883253253095 0.08062883253253095 0.08062883253253095 0.08062883253253095 0.08062883253253095 0.08062883253253095 0.08062883253253095 0.08062883253253095
0.017174224177281715 0.01898521697196432 0.020796209766650017 0.023550832737033754 0.027314217714931737 0.03107760269282972 0.0348409876707277 0.038604372648625686 0.04236775762652367 0.04613114260442165 0.04989452758231963 0.05365791256021762 0.057421297538115604 0.06118468251601358 0.06494806749391158 0.06510768154087403 0.06141478291969921 0.05772188429852439 0.054028985677349574 0.050336087056174754 0.04664318843499994 0.04295028981382512 0.0392573911926503 0.03556449257147548 0.03187159395030067 0.028178695329125848 0.02448579670795103 0.021668393329903845 0.019786914178494333 0.017905435027088024 0.016023955875681718 0.014142476724275412 0.012260997572869104 0.010379518421462798 0.008498039270056492 0.006616560118650184 0.004735080967243878 0.002853601815837572 0.0009721226644312624 0.0 0.0 0.0 0.0 0.0 0.0 0.0 0.0 0.0 0.0 0.0 0.0 0.08062883253253095 0.08062883253253095 0.08062883253253095 0.08062883253253095 0.08062883253253095 0.08062883253253095 0.08062883253253095 0.08062883253253095 0.08062883253253095
0.013371807306649199 0.014781841695058981 0.01619187608347117 0.01833661852902314 0.021266780510474294 0.024196942491925447 0.0271271044733766 0.03005726645482775 0.0329874284362789 0.03591759041773006 0.038847752399181215 0.04177791438063236 0.044708076362083515 0.04763823834353467 0.05056840032498582 0.05069267541638935 0.04781739393318491 0.04494211244998047 0.04206683096677603 0.03919154948357158 0.036316268000367136 0.033440986517162694 0.03056570503395825 0.02769042355075381 0.024815142067549364 0.02193986058434492 0.019064579101140476 0.016870955989699742 0.015406041103040334 0.013941126216383425 0.012476211329726516 0.011011296443069606 0.009546381556412697 0.008081466669755788 0.006616551783098879 0.00515163689644197 0.0036867220097850616 0.002221807123128151 0.000756892236471244 0.0 0.0 0.0 0.0 0.0 0.0 0.0 0.0 0.0 0.0 0.0 0.0 0.08062883253253095 0.08062883253253095 0.08062883253253095 0.08062883253253095 0.08062883253253095 0.08062883253253095 0.08062883253253095 0.08062883253253095 0.08062883253253095
0.009569390436018305 0.010578466418155437 0.011587542400294288 0.013122404321014754 0.015219343306019432 0.01731628229102411 0.019413221276028788 0.021510160261033466 0.02360709924603814 0.025704038231042822 0.027800977216047497 0.029897916201052175 0.03199485518605685 0.034091794171061535 0.03618873315606621 0.036277669291910834 0.034220004946676416 0.032162340601442 0.03010467625620758 0.02804701191097316 0.025989347565738743 0.023931683220504325 0.021874018875269907 0.019816354530035492 0.017758690184801074 0.015701025839566656 0.013643361494332238 0.01207351864949768 0.011025168027588203 0.009976817405680514 0.008928466783772826 0.007880116161865135 0.006831765539957448 0.005783414918049759 0.00473506429614207 0.0036867136742343813 0.002638363052326693 0.0015900124304190043 0.000541661808511314 0.0 0.0 0.0 0.0 0.0 0.0 0.0 0.0 0.0 0.0 0.0 0.0 0.08062883253253095 0.08062883253253095 0.08062883253253095 0.08062883253253095 0.08062883253253095 0.08062883253253095 0.08062883253253095 0.08062883253253095 0.08062883253253095
0.005766973565387413 0.0063750911412518915 0.0069832087171174066 0.007908190113006367 0.00917190610156457 0.010435622090122774 0.011699338078680978 0.012963054067239181 0.014226770055797384 0.015490486044355588 0.016754202032913793 0.018017918021471995 0.019281634010030198 0.020545349998588404 0.021809065987146607 0.021862663167432315 0.020622615960167925 0.01938256875290353 0.01814252154563914 0.016902474338374746 0.015662427131110355 0.01442237992384596 0.013182332716581568 0.011942285509317176 0.010702238302052783 0.00946219109478839 0.008222143887523998 0.00727608130929562 0.006644294952136074 0.006012508594977605 0.005380722237819137 0.004748935880660668 0.004117149523502199 0.0034853631663437305 0.0028535768091852622 0.002221790452026793 0.001590004094868325 0.0009582177377098558 0.00032643138055138757 0.0 0.0 0.0 0.0 0.0 0.0 0.0 0.0 0.0 0.0 0.0 0.0 0.08062883253253095 0.08062883253253095 0.08062883253253095 0.08062883253253095 0.08062883253253095 0.08062883253253095 0.08062883253253095 0.08062883253253095 -9999.0
