Figures/CREST_Example_wjb_NSE/Rolling_result/20100722/BJP_forecast/ens_42/wjb.rain.20100130.asc
ncols            288
nrows            254
xllcorner        113.274861
yllcorner        31.4918055
cellsize         0.008333333333
NODATA_value     -9999
[rows 207 to 229 of 254, columns 153 to 203 of 288]
1.449517210945487 1.449517210945487 1.449517210945487 1.449517210945487 1.449517210945487 1.449517210945487 1.4373866862350806 1.4122883562052513 1.387190026175422 1.3620916961455927 1.3369933661157634 1.311895036085934 1.2867967060561047 1.2616983760262754 1.2366000459964464 1.211501715966617 1.1864033859367449 1.1613050559069156 1.1483372505754232 1.1483372505754232 1.1483372505754232 1.1483372505754232 1.1483372505754232 1.1483372505754232 1.1483372505754232 1.1483372505754232 1.1483372505754232 1.1483372505754232 1.1483372505754232 1.1483372505754232 1.1686701738023284 1.2107394519924115 1.2528087301824948 1.294878008372578 1.336947286562661 1.3790165647527444 1.4210858429428275 1.4631551211329108 1.505224399322994 1.547293677513077 1.5893629557031603 1.6314322338932434 1.6552470800742989 1.6595475253923486 1.6638479707103984 1.668148416028448 1.6724488613464976 1.6767493066645474 1.681049751982597 1.6853501973006468 1.6896506426186966
1.449517210945487 1.449517210945487 1.449517210945487 1.449517210945487 1.449517210945487 1.449517210945487 1.4373866862350806 1.4122883562052513 1.387190026175422 1.3620916961455927 1.3369933661157634 1.311895036085934 1.2867967060561047 1.2616983760262754 1.2366000459964464 1.211501715966617 1.1864033859367449 1.1613050559069156 1.1483372505754232 1.1483372505754232 1.1483372505754232 1.1483372505754232 1.1483372505754232 1.1483372505754232 1.1483372505754232 1.1483372505754232 1.1483372505754232 1.1483372505754232 1.1483372505754232 1.1483372505754232 1.1686701738023284 1.2107394519924115 1.2528087301824948 1.294878008372578 1.336947286562661 1.3790165647527444 1.4210858429428275 1.4631551211329108 1.505224399322994 1.547293677513077 1.5893629557031603 1.6314322338932434 1.6552470800742989 1.6595475253923486 1.6638479707103984 1.668148416028448 1.6724488613464976 1.6767493066645474 1.681049751982597 1.6853501973006468 1.6896506426186966
1.449517210945487 1.449517210945487 1.449517210945487 1.449517210945487 1.449517210945487 1.449517210945487 1.4373866862350806 1.4122883562052513 1.387190026175422 1.3620916961455927 1.3369933661157634 1.311895036085934 1.2867967060561047 1.2616983760262754 1.2366000459964464 1.211501715966617 1.1864033859367449 1.1613050559069156 1.1483372505754232 1.1483372505754232 1.1483372505754232 1.1483372505754232 1.1483372505754232 1.1483372505754232 1.1483372505754232 1.1483372505754232 1.1483372505754232 1.1483372505754232 1.1483372505754232 1.1483372505754232 1.1686701738023284 1.2107394519924115 1.2528087301824948 1.294878008372578 1.336947286562661 1.3790165647527444 1.4210858429428275 1.4631551211329108 1.505224399322994 1.547293677513077 1.5893629557031603 1.6314322338932434 1.6552470800742989 1.6595475253923486 1.6638479707103984 1.668148416028448 1.6724488613464976 1.6767493066645474 1.681049751982597 1.6853501973006468 1.6896506426186966
1.449517210945487 1.449517210945487 1.449517210945487 1.449517210945487 1.449517210945487 1.449517210945487 1.4373866862350806 1.4122883562052513 1.387190026175422 1.3620916961455927 1.3369933661157634 1.311895036085934 1.2867967060561047 1.2616983760262754 1.2366000459964464 1.211501715966617 1.1864033859367449 1.1613050559069156 1.1483372505754232 1.1483372505754232 1.1483372505754232 1.1483372505754232 1.1483372505754232 1.1483372505754232 1.1483372505754232 1.1483372505754232 1.1483372505754232 1.1483372505754232 1.1483372505754232 1.1483372505754232 1.1686701738023284 1.2107394519924115 1.2528087301824948 1.294878008372578 1.336947286562661 1.3790165647527444 1.4210858429428275 1.4631551211329108 1.505224399322994 1.547293677513077 1.5893629557031603 1.6314322338932434 1.6552470800742989 1.6595475253923486 1.6638479707103984 1.668148416028448 1.6724488613464976 1.6767493066645474 1.681049751982597 1.6853501973006468 1.6896506426186966
1.449517210945487 1.449517210945487 1.449517210945487 1.449517210945487 1.449517210945487 1.449517210945487 1.4373866862350806 1.4122883562052513 1.387190026175422 1.3620916961455927 1.3369933661157634 1.311895036085934 1.2867967060561047 1.2616983760262754 1.2366000459964464 1.211501715966617 1.1864033859367449 1.1613050559069156 1.1483372505754232 1.1483372505754232 1.1483372505754232 1.1483372505754232 1.1483372505754232 1.1483372505754232 1.1483372505754232 1.1483372505754232 1.1483372505754232 1.1483372505754232 1.1483372505754232 1.1483372505754232 1.1686701738023284 1.2107394519924115 1.2528087301824948 1.294878008372578 1.336947286562661 1.3790165647527444 1.4210858429428275 1.4631551211329108 1.505224399322994 1.547293677513077 1.5893629557031603 1.6314322338932434 1.6552470800742989 1.6595475253923486 1.6638479707103984 1.668148416028448 1.6724488613464976 1.6767493066645474 1.681049751982597 1.6853501973006468 1.6896506426186966
1.449517210945487 1.449517210945487 1.449517210945487 1.449517210945487 1.449517210945487 1.449517210945487 1.4373866862350806 1.4122883562052513 1.387190026175422 1.3620916961455927 1.3369933661157634 1.311895036085934 1.2867967060561047 1.2616983760262754 1.2366000459964464 1.211501715966617 1.1864033859367449 1.1613050559069156 1.1483372505754232 1.1483372505754232 1.1483372505754232 1.1483372505754232 1.1483372505754232 1.1483372505754232 1.1483372505754232 1.1483372505754232 1.1483372505754232 1.1483372505754232 1.1483372505754232 1.1483372505754232 1.1686701738023284 1.2107394519924115 1.2528087301824948 1.294878008372578 1.336947286562661 1.3790165647527444 1.4210858429428275 1.4631551211329108 1.505224399322994 1.547293677513077 1.5893629557031603 1.6314322338932434 1.6552470800742989 1.6595475253923486 1.6638479707103984 1.668148416028448 1.6724488613464976 1.6767493066645474 1.681049751982597 1.6853501973006468 1.6896506426186966
1.449517210945487 1.449517210945487 1.449517210945487 1.449517210945487 1.449517210945487 1.449517210945487 1.4373866862350806 1.4122883562052513 1.387190026175422 1.3620916961455927 1.3369933661157634 1.311895036085934 1.2867967060561047 1.2616983760262754 1.2366000459964464 1.211501715966617 1.1864033859367449 1.1613050559069156 1.1483372505754232 1.1483372505754232 1.1483372505754232 1.1483372505754232 1.1483372505754232 1.1483372505754232 1.1483372505754232 1.1483372505754232 1.1483372505754232 1.1483372505754232 1.1483372505754232 1.1483372505754232 1.1686701738023284 1.2107394519924115 1.2528087301824948 1.294878008372578 1.336947286562661 1.3790165647527444 1.4210858429428275 1.4631551211329108 1.505224399322994 1.547293677513077 1.5893629557031603 1.6314322338932434 1.6552470800742989 1.6595475253923486 1.6638479707103984 1.668148416028448 1.6724488613464976 1.6767493066645474 1.681049751982597 1.6853501973006468 1.6896506426186966
1.449517210945487 1.449517210945487 1.449517210945487 1.449517210945487 1.449517210945487 1.449517210945487 1.4373866862350806 1.4122883562052513 1.387190026175422 1.3620916961455927 1.3369933661157634 1.311895036085934 1.2867967060561047 1.2616983760262754 1.2366000459964464 1.211501715966617 1.1864033859367449 1.1613050559069156 1.1483372505754232 1.1483372505754232 1.1483372505754232 1.1483372505754232 1.1483372505754232 1.1483372505754232 1.1483372505754232 1.1483372505754232 1.1483372505754232 1.1483372505754232 1.1483372505754232 1.1483372505754232 1.1686701738023284 1.2107394519924115 1.2528087301824948 1.294878008372578 1.336947286562661 1.3790165647527444 1.4210858429428275 1.4631551211329108 1.505224399322994 1.547293677513077 1.5893629557031603 1.6314322338932434 1.6552470800742989 1.6595475253923486 1.6638479707103984 1.668148416028448 1.6724488613464976 1.6767493066645474 1.681049751982597 1.6853501973006468 1.6896506426186966
1.449517210945487 1.449517210945487 1.449517210945487 1.449517210945487 1.449517210945487 1.449517210945487 1.4373866862350806 1.4122883562052513 1.387190026175422 1.3620916961455927 1.3369933661157634 1.311895036085934 1.2867967060561047 1.2616983760262754 1.2366000459964464 1.211501715966617 1.1864033859367449 1.1613050559069156 1.1483372505754232 1.1483372505754232 1.1483372505754232 1.1483372505754232 1.1483372505754232 1.1483372505754232 1.1483372505754232 1.1483372505754232 1.1483372505754232 1.1483372505754232 1.1483372505754232 1.1483372505754232 1.1686701738023284 1.2107394519924115 1.2528087301824948 1.294878008372578 1.336947286562661 1.3790165647527444 1.4210858429428275 1.4631551211329108 1.505224399322994 1.547293677513077 1.5893629557031603 1.6314322338932434 1.6552470800742989 1.6595475253923486 1.6638479707103984 1.668148416028448 1.6724488613464976 1.6767493066645474 1.681049751982597 1.6853501973006468 1.6896506426186966
1.449517210945487 1.449517210945487 1.449517210945487 1.449517210945487 1.449517210945487 1.449517210945487 1.4373866862350806 1.4122883562052513 1.387190026175422 1.3620916961455927 1.3369933661157634 1.311895036085934 1.2867967060561047 1.2616983760262754 1.2366000459964464 1.211501715966617 1.1864033859367449 1.1613050559069156 1.1483372505754232 1.1483372505754232 1.1483372505754232 1.1483372505754232 1.1483372505754232 1.1483372505754232 1.1483372505754232 1.1483372505754232 1.1483372505754232 1.1483372505754232 1.1483372505754232 1.1483372505754232 1.1686701738023284 1.2107394519924115 1.2528087301824948 1.294878008372578 1.336947286562661 1.3790165647527444 1.4210858429428275 1.4631551211329108 1.505224399322994 1.547293677513077 1.5893629557031603 1.6314322338932434 1.6552470800742989 1.6595475253923486 1.6638479707103984 1.668148416028448 1.6724488613464976 1.6767493066645474 1.681049751982597 1.6853501973006468 1.6896506426186966
1.468478689203935 1.468478689203935 1.468478689203935 1.468478689203935 1.468478689203935 1.468478689203935 1.4564060340042173 1.4314274373010667 1.406448840597916 1.3814702438947655 1.3564916471916149 1.3315130504884642 1.3065344537853134 1.2815558570821628 1.2565772603790122 1.2315986636758616 1.2066200669726683 1.1816414702695177 1.1687355287540726 1.1687355287540726 1.1687355287540726 1.1687355287540726 1.1687355287540726 1.1687355287540726 1.1687355287540726 1.1687355287540726 1.1687355287540726 1.1687355287540726 1.1687355287540726 1.1687355287540726 1.1898973632077028 1.233681677480047 1.277465991752391 1.321250306024735 1.3650346202970791 1.408818934569423 1.452603248841767 1.4963875631141113 1.5401718773864552 1.5839561916587994 1.6277405059311434 1.6715248202034876 1.6973088631007802 1.7038502086037053 1.7103915541066304 1.7169328996095554 1.7234742451124805 1.7300155906154053 1.7365569361183304 1.7430982816212555 1.7496396271241805
1.5077087926516353 1.5077087926516353 1.5077087926516353 1.5077087926516353 1.5077087926516353 1.5077087926516353 1.4957558658222403 1.4710249898256569 1.4462941138290732 1.4215632378324896 1.3968323618359062 1.3721014858393228 1.3473706098427392 1.3226397338461555 1.297908857849572 1.2731779818529887 1.2484471058563629 1.2237162298597795 1.2109382806806979 1.2109382806806979 1.2109382806806979 1.2109382806806979 1.2109382806806979 1.2109382806806979 1.2109382806806979 1.2109382806806979 1.2109382806806979 1.2109382806806979 1.2109382806806979 1.2109382806806979 1.2338150802193366 1.281147696053752 1.3284803118881674 1.3758129277225828 1.4231455435569982 1.4704781593914134 1.5178107752258287 1.5651433910602441 1.6124760068946595 1.659808622729075 1.7071412385634903 1.7544738543979057 1.7843320411902004 1.7955096679403146 1.8066872946904289 1.8178649214405431 1.8290425481906574 1.8402201749407718 1.851397801690886 1.8625754284410003 1.8737530551911146
1.5469388960993353 1.5469388960993353 1.5469388960993353 1.5469388960993353 1.5469388960993353 1.5469388960993353 1.535105697640263 1.5106225423502466 1.4861393870602302 1.4616562317702138 1.4371730764801975 1.412689921190181 1.3882067659001647 1.3637236106101482 1.339240455320132 1.3147573000301156 1.2902741447400574 1.265790989450041 1.2531410326073231 1.2531410326073231 1.2531410326073231 1.2531410326073231 1.2531410326073231 1.2531410326073231 1.2531410326073231 1.2531410326073231 1.2531410326073231 1.2531410326073231 1.2531410326073231 1.2531410326073231 1.2777327972309704 1.328613714627457 1.3794946320239438 1.4303755494204304 1.481256466816917 1.5321373842134038 1.5830183016098904 1.633899219006377 1.6847801364028638 1.7356610537993504 1.7865419711958372 1.8374228885923238 1.8713552192796203 1.887169127276924 1.9029830352742274 1.918796943271531 1.9346108512688345 1.950424759266138 1.9662386672634415 1.982052575260745 1.9978664832580486
1.5861689995470523 1.5861689995470523 1.5861689995470523 1.5861689995470523 1.5861689995470523 1.5861689995470523 1.5744555294583027 1.5502200948748535 1.5259846602914044 1.5017492257079552 1.4775137911245062 1.453278356541057 1.429042921957608 1.4048074873741587 1.3805720527907095 1.3563366182072605 1.33210118362377 1.307865749040321 1.2953437845339666 1.2953437845339666 1.2953437845339666 1.2953437845339666 1.2953437845339666 1.2953437845339666 1.2953437845339666 1.2953437845339666 1.2953437845339666 1.2953437845339666 1.2953437845339666 1.2953437845339666 1.3216505142426231 1.3760797332011827 1.430508952159742 1.4849381711183016 1.539367390076861 1.5937966090354205 1.6482258279939799 1.7026550469525394 1.7570842659110988 1.8115134848696584 1.8659427038282177 1.920371922786777 1.9583783973690774 1.9788285866135722 1.999278775858067 2.0197289651025616 2.0401791543470567 2.0606293435915513 2.081079532836046 2.101529722080541 2.1219799113250355
1.6253991029947525 1.6253991029947525 1.6253991029947525 1.6253991029947525 1.6253991029947525 1.6253991029947525 1.6138053612763257 1.5898176473994436 1.5658299335225616 1.5418422196456796 1.5178545057687975 1.4938667918919155 1.4698790780150335 1.4458913641381514 1.4219036502612694 1.3979159363843874 1.3739282225074643 1.3499405086305822 1.3375465364605916 1.3375465364605916 1.3375465364605916 1.3375465364605916 1.3375465364605916 1.3375465364605916 1.3375465364605916 1.3375465364605916 1.3375465364605916 1.3375465364605916 1.3375465364605916 1.3375465364605916 1.3655682312542567 1.4235457517748875 1.4815232722955183 1.539500792816149 1.5974783133367798 1.6554558338574106 1.7134333543780413 1.7714108748986723 1.829388395419303 1.8873659159399339 1.9453434364605646 2.003320956981195 2.0454015754584978 2.0704880459501815 2.0955745164418658 2.1206609869335495 2.1457474574252338 2.1708339279169175 2.1959203984086018 2.2210068689002855 2.2460933393919698
1.6646292064424526 1.6646292064424526 1.6646292064424526 1.6646292064424526 1.6646292064424526 1.6646292064424526 1.6531551930943484 1.6294151999240334 1.6056752067537186 1.5819352135834037 1.5581952204130889 1.5344552272427738 1.510715234072459 1.4869752409021442 1.4632352477318293 1.4394952545615145 1.415755261391159 1.3920152682208442 1.379749288387217 1.379749288387217 1.379749288387217 1.379749288387217 1.379749288387217 1.379749288387217 1.379749288387217 1.379749288387217 1.379749288387217 1.379749288387217 1.379749288387217 1.379749288387217 1.4094859482658908 1.4710117703485928 1.5325375924312947 1.594063414513997 1.655589236596699 1.717115058679401 1.778640880762103 1.8401667028448052 1.9016925249275072 1.9632183470102094 2.0247441690929113 2.0862699911756133 2.1324247535479173 2.1621475052867907 2.191870257025664 2.2215930087645375 2.2513157605034104 2.281038512242284 2.310761263981157 2.3404840157200306 2.3702067674589036
1.7038593098901695 1.7038593098901695 1.7038593098901695 1.7038593098901695 1.7038593098901695 1.7038593098901695 1.692505024912388 1.6690127524486404 1.6455204799848926 1.622028207521145 1.5985359350573973 1.5750436625936497 1.551551390129902 1.5280591176661544 1.5045668452024068 1.4810745727386592 1.4575823002748713 1.4340900278111237 1.4219520403138604 1.4219520403138604 1.4219520403138604 1.4219520403138604 1.4219520403138604 1.4219520403138604 1.4219520403138604 1.4219520403138604 1.4219520403138604 1.4219520403138604 1.4219520403138604 1.4219520403138604 1.4534036652775433 1.5184777889223182 1.583551912567093 1.6486260362118679 1.7137001598566428 1.7787742835014178 1.8438484071461927 1.9089225307909674 1.9739966544357423 2.039070778080517 2.104144901725292 2.169219025370067 2.2194479316373745 2.2538069646234393 2.2881659976095037 2.322525030595568 2.356884063581633 2.391243096567697 2.425602129553762 2.4599611625398263 2.4943201955258907
1.7430894133378698 1.7430894133378698 1.7430894133378698 1.7430894133378698 1.7430894133378698 1.7430894133378698 1.7318548567304108 1.7086103049732304 1.68536575321605 1.6621212014588693 1.638876649701689 1.6156320979445082 1.5923875461873278 1.5691429944301472 1.5458984426729667 1.522653890915786 1.4994093391585661 1.4761647874013855 1.4641547922404856 1.4641547922404856 1.4641547922404856 1.4641547922404856 1.4641547922404856 1.4641547922404856 1.4641547922404856 1.4641547922404856 1.4641547922404856 1.4641547922404856 1.4641547922404856 1.4641547922404856 1.497321382289177 1.5659438074960232 1.6345662327028694 1.7031886579097155 1.7718110831165617 1.8404335083234078 1.9090559335302542 1.9776783587371003 2.0463007839439467 2.114923209150793 2.183545634357639 2.252168059564485 2.3064711097267945 2.3454664239600485 2.384461738193302 2.423457052426556 2.4624523666598095 2.5014476808930635 2.540442995126317 2.5794383093595705 2.6184336235928245
1.7823195167855699 1.7823195167855699 1.7823195167855699 1.7823195167855699 1.7823195167855699 1.7823195167855699 1.7712046885484336 1.7482078574978204 1.725211026447207 1.7022141953965935 1.67921736434598 1.6562205332953668 1.6332237022447533 1.6102268711941399 1.5872300401435266 1.5642332090929132 1.5412363780422607 1.5182395469916472 1.5063575441671109 1.5063575441671109 1.5063575441671109 1.5063575441671109 1.5063575441671109 1.5063575441671109 1.5063575441671109 1.5063575441671109 1.5063575441671109 1.5063575441671109 1.5063575441671109 1.5063575441671109 1.5412390993008107 1.6134098260697283 1.6855805528386458 1.7577512796075634 1.829922006376481 1.9020927331453983 1.9742634599143158 2.0464341866832334 2.1186049134521507 2.1907756402210685 2.262946366989986 2.335117093758903 2.393494287816215 2.437125883296658 2.4807574787771007 2.524389074257544 2.568020669737987 2.6116522652184297 2.655283860698873 2.698915456179316 2.7425470516597588
1.8215496202332868 1.8215496202332868 1.8215496202332868 1.8215496202332868 1.8215496202332868 1.8215496202332868 1.8105545203664732 1.7878054100224272 1.765056299678381 1.742307189334335 1.7195580789902887 1.6968089686462424 1.6740598583021964 1.6513107479581501 1.628561637614104 1.6058125272700579 1.583063416925973 1.5603143065819267 1.5485602960937541 1.5485602960937541 1.5485602960937541 1.5485602960937541 1.5485602960937541 1.5485602960937541 1.5485602960937541 1.5485602960937541 1.5485602960937541 1.5485602960937541 1.5485602960937541 1.5485602960937541 1.5851568163124634 1.6608758446434537 1.736594872974444 1.8123139013054343 1.8880329296364247 1.963751957967415 2.0394709862984053 2.1151900146293956 2.190909042960386 2.2666280712913762 2.3423470996223665 2.418066127953357 2.480517465905672 2.5287853426333062 2.5770532193609403 2.625321096088575 2.673588972816209 2.721856849543843 2.770124726271477 2.8183926029991113 2.866660479726746
1.860779723680987 1.860779723680987 1.860779723680987 1.860779723680987 1.860779723680987 1.860779723680987 1.8499043521844962 1.8274029625470172 1.8049015729095381 1.782400183272059 1.75989879363458 1.737397403997101 1.714896014359622 1.6923946247221429 1.6698932350846638 1.647391845447185 1.6248904558096675 1.6023890661721885 1.5907630480203794 1.5907630480203794 1.5907630480203794 1.5907630480203794 1.5907630480203794 1.5907630480203794 1.5907630480203794 1.5907630480203794 1.5907630480203794 1.5907630480203794 1.5907630480203794 1.5907630480203794 1.629074533324097 1.7083418632171588 1.7876091931102205 1.866876523003282 1.9461438528963435 2.025411182789405 2.104678512682467 2.1839458425755285 2.26321317246859 2.342480502361652 2.4217478322547135 2.501015162147775 2.567540643995092 2.6204448019699154 2.673348959944739 2.7262531179195624 2.7791572758943857 2.8320614338692094 2.8849655918440327 2.9378697498188564 2.9907739077936797
1.9000098271286872 1.9000098271286872 1.9000098271286872 1.9000098271286872 1.9000098271286872 1.9000098271286872 1.889254184002519 1.8670005150716071 1.8447468461406953 1.8224931772097832 1.8002395082788714 1.7779858393479595 1.7557321704170477 1.7334785014861356 1.7112248325552237 1.6889711636243119 1.666717494693362 1.64446382576245 1.6329657999470046 1.6329657999470046 1.6329657999470046 1.6329657999470046 1.6329657999470046 1.6329657999470046 1.6329657999470046 1.6329657999470046 1.6329657999470046 1.6329657999470046 1.6329657999470046 1.6329657999470046 1.6729922503357308 1.7558078817908638 1.8386235132459967 1.9214391447011296 2.0042547761562624 2.0870704076113955 2.169886039066528 2.2527016705216614 2.335517301976794 2.418332933431927 2.50114856488706 2.583964196342193 2.654563822084512 2.7121042613065245 2.7696447005285374 2.82718513975055 2.8847255789725628 2.9422660181945757 2.999806457416588 3.057346896638601 3.114887335860614
1.9202784523367882 1.9202784523367882 1.9202784523367882 1.9202784523367882 1.9202784523367882 1.9202784523367882 1.9095846680703112 1.887458986519407 1.8653333049685026 1.8432076234175983 1.8210819418666937 1.7989562603157894 1.776830578764885 1.7547048972139807 1.7325792156630762 1.7104535341121718 1.6883278525612297 1.6662021710103254 1.6547702737152576 1.6547702737152576 1.6547702737152576 1.6547702737152576 1.6547702737152576 1.6547702737152576 1.6547702737152576 1.6547702737152576 1.6547702737152576 1.6547702737152576 1.6547702737152576 1.6547702737152576 1.6956827779630912 1.7803316748997395 1.8649805718363877 1.9496294687730358 2.034278365709684 2.1189272626463325 2.2035761595829806 2.2882250565196287 2.372873953456277 2.457522850392925 2.542171747329573 2.6268206442662216 2.6995252171892625 2.7594610374758166 2.8193968577623707 2.8793326780489252 2.9392684983354793 2.999204318622034 3.059140138908588 3.119075959195142 3.1790117794816966
