Figures/CREST_Example_wjb_NSE/Rolling_result/20100722/BJP_forecast/ens_42/wjb.rain.20100727.asc
ncols            288
nrows            254
xllcorner        113.274861
yllcorner        31.4918055
cellsize         0.008333333333
NODATA_value     -9999
[rows 192 to 215 of 254, columns 106 to 158 of 288]
0.0 0.0 0.0 0.0 0.0 0.0 0.0 0.0 0.0 0.0 0.0 0.0 0.0 0.0 0.0 0.0 0.0 0.0 0.0 0.0 0.0 0.0 0.0 0.0 0.0 0.0 0.0 0.0 0.0 0.0 0.0 0.0 0.0 0.0 0.0 0.0 0.0 0.0 0.0 0.0 0.0 0.0 0.0 0.0 0.0 0.0 0.0 0.0 0.0 0.0 0.0 0.0 0.0
0.07397849516678202 0.07397849516678202 0.07397849516678202 0.07397849516678202 0.07397849516678202 0.07397849516678202 0.07397849516678202 0.07397849516678202 0.07397849516678202 0.07397849516678202 0.07397849516678202 0.07397849516678202 0.07397849516678202 0.07397849516678202 0.07397849516678202 0.07397849516678202 0.07397849516678202 0.0003042791571945198 0.0009338396146389494 0.0015634000720833791 0.0021929605295278086 0.0028225209869722385 0.003452081444416668 0.0040816419018610975 0.004711202359306601 0.00534076281675103 0.00597032327419546 0.00659988373163989 0.00722944418908432 0.0072504463327451715 0.006620885875300653 0.005991325417856134 0.005361764960411615 0.004732204502967095 0.004102644045522576 0.0034730835880780577 0.0028435231306335384 0.0022139626731879454 0.001584402215743427 0.0009548417582989077 0.00032528130085438846 0.0 0.0 0.0 0.0 0.0 0.0 0.0 0.0 0.0 0.0 0.0 0.0
0.07397849516678202 0.07397849516678202 0.07397849516678202 0.07397849516678202 0.07397849516678202 0.07397849516678202 0.07397849516678202 0.07397849516678202 0.07397849516678202 0.07397849516678202 0.07397849516678202 0.07397849516678202 0.07397849516678202 0.07397849516678202 0.07397849516678202 0.07397849516678202 0.07397849516678202 0.0009338135546356264 0.0028658949171733368 0.004797976279711047 0.006730057642248757 0.008662139004786467 0.010594220367324178 0.012526301729861888 0.014458383092402893 0.016390464454940603 0.018322545817478313 0.020254627180016024 0.022186708542553734 0.022251162797678314 0.02031908143514033 0.018387000072602345 0.01645491871006436 0.014522837347526376 0.012590755984988392 0.010658674622450407 0.008726593259912421 0.006794511897371142 0.004862430534833158 0.0029303491722951734 0.000998267809757189 0.0 0.0 0.0 0.0 0.0 0.0 0.0 0.0 0.0 0.0 0.0 0.0
0.07397849516678202 0.07397849516678202 0.07397849516678202 0.07397849516678202 0.07397849516678202 0.07397849516678202 0.07397849516678202 0.07397849516678202 0.07397849516678202 0.07397849516678202 0.07397849516678202 0.07397849516678202 0.07397849516678202 0.07397849516678202 0.07397849516678202 0.07397849516678202 0.07397849516678202 0.0015633479520764635 0.004797950219706896 0.00803255248733733 0.011267154754967763 0.014501757022598196 0.01773635929022863 0.020970961557859064 0.024205563825495012 0.027440166093125447 0.030674768360755878 0.03390937062838631 0.037143972896016744 0.03725187926260504 0.034017276994974144 0.03078267472734325 0.02754807245971236 0.024313470192081466 0.021078867924450576 0.017844265656819683 0.01460966338918879 0.011375061121552382 0.008140458853921489 0.0049058565862905995 0.0016712543186597068 0.0 0.0 0.0 0.0 0.0 0.0 0.0 0.0 0.0 0.0 0.0 0.0
0.07397849516678202 0.07397849516678202 0.07397849516678202 0.07397849516678202 0.07397849516678202 0.07397849516678202 0.07397849516678202 0.07397849516678202 0.07397849516678202 0.07397849516678202 0.07397849516678202 0.07397849516678202 0.07397849516678202 0.07397849516678202 0.07397849516678202 0.07397849516678202 0.07397849516678202 0.0021928823495173007 0.006730005522240457 0.011267128694963614 0.015804251867686768 0.020341375040409927 0.024878498213133083 0.02941562138585624 0.033952744558587135 0.03848986773131029 0.043026990904033446 0.0475641140767566 0.05210123724947976 0.05225259572753176 0.04771547255480796 0.04317834938208416 0.03864122620936036 0.03410410303663656 0.029566979863912754 0.025029856691188953 0.020492733518465152 0.015955610345733617 0.011418487173009813 0.006881364000286015 0.0023442408275622106 0.0 0.0 0.0 0.0 0.0 0.0 0.0 0.0 0.0 0.0 0.0 0.0
0.07397849516678202 0.07397849516678202 0.07397849516678202 0.07397849516678202 0.07397849516678202 0.07397849516678202 0.07397849516678202 0.07397849516678202 0.07397849516678202 0.07397849516678202 0.07397849516678202 0.07397849516678202 0.07397849516678202 0.07397849516678202 0.07397849516678202 0.07397849516678202 0.07397849516678202 0.002822416746958407 0.008662060824774843 0.014501704902591278 0.020341348980407715 0.02618099305822415 0.032020637136040586 0.037860281213857025 0.043699925291683414 0.04953956936949985 0.05537921344731629 0.061218857525132724 0.06705850160294916 0.06725331219246489 0.06141366811464763 0.05557402403683036 0.04973437995901309 0.04389473588119583 0.038055091803378564 0.0322154477255613 0.02637580364774403 0.020536159569916806 0.014696515492099542 0.008856871414282277 0.003017227336465006 0.0 0.0 0.0 0.0 0.0 0.0 0.0 0.0 0.0 0.0 0.0 0.0
0.07397849516678202 0.07397849516678202 0.07397849516678202 0.07397849516678202 0.07397849516678202 0.07397849516678202 0.07397849516678202 0.07397849516678202 0.07397849516678202 0.07397849516678202 0.07397849516678202 0.07397849516678202 0.07397849516678202 0.07397849516678202 0.07397849516678202 0.07397849516678202 0.07397849516678202 0.003451951144399244 0.010594116127308402 0.01773628111021756 0.02487844609312672 0.032020611076035876 0.03916277605894504 0.046304941041854196 0.05344710602477553 0.06058927100768469 0.06773143599059385 0.07487360097350301 0.08201576595641216 0.08225402865739162 0.07511186367448144 0.06796969869157127 0.06082753370866109 0.05368536872575092 0.046543203742840746 0.039401038759930576 0.0322588737770204 0.025116708794098046 0.017974543811187876 0.0108323788282777 0.0036902138453675237 0.0 0.0 0.0 0.0 0.0 0.0 0.0 0.0 0.0 0.0 0.0 0.0
0.07397849516678202 0.07397849516678202 0.07397849516678202 0.07397849516678202 0.07397849516678202 0.07397849516678202 0.07397849516678202 0.07397849516678202 0.07397849516678202 0.07397849516678202 0.07397849516678202 0.07397849516678202 0.07397849516678202 0.07397849516678202 0.07397849516678202 0.07397849516678202 0.07397849516678202 0.004081485541840082 0.012526171429841965 0.020970857317843847 0.02941554320584573 0.03786022909384761 0.04630491498184949 0.05474960086985138 0.06319428675786766 0.07163897264586955 0.08008365853387144 0.08852834442187331 0.0969730303098752 0.09725474512231835 0.08881005923431527 0.08036537334631219 0.07192068745830911 0.06347600157030603 0.05503131568230294 0.04658662979429986 0.03814194390629677 0.0296972580182793 0.021252572130276218 0.012807886242273137 0.004363200354270055 0.0 0.0 0.0 0.0 0.0 0.0 0.0 0.0 0.0 0.0 0.0 0.0
0.07397849516678202 0.07397849516678202 0.07397849516678202 0.07397849516678202 0.07397849516678202 0.07397849516678202 0.07397849516678202 0.07397849516678202 0.07397849516678202 0.07397849516678202 0.07397849516678202 0.07397849516678202 0.07397849516678202 0.07397849516678202 0.07397849516678202 0.07397849516678202 0.07397849516678202 0.004711019939281188 0.01445822673237635 0.024205433525471512 0.03395264031856667 0.04369984711166183 0.05344705390475699 0.06319426069785215 0.07294146749096395 0.0826886742840591 0.09243588107715427 0.10218308787024942 0.11193029466334459 0.11225546158725147 0.10250825479415493 0.09276104800105837 0.08301384120796183 0.07326663441486528 0.06351942762176874 0.053772220828672196 0.044025014035575655 0.034277807242462474 0.024530600449365933 0.014783393656269392 0.005036186863172851 0.0 0.0 0.0 0.0 0.0 0.0 0.0 0.0 0.0 0.0 0.0 0.0
0.07397849516678202 0.07397849516678202 0.07397849516678202 0.07397849516678202 0.07397849516678202 0.07397849516678202 0.07397849516678202 0.07397849516678202 0.07397849516678202 0.07397849516678202 0.07397849516678202 0.07397849516678202 0.07397849516678202 0.07397849516678202 0.07397849516678202 0.07397849516678202 0.07397849516678202 0.005340554336722024 0.016390282034909907 0.027440009733097792 0.03848973743128568 0.049539465129473555 0.06058919282766144 0.07163892052584932 0.08268864822405605 0.09373837592224393 0.10478810362043181 0.1158378313186197 0.1268875590168076 0.1272561780521782 0.11620645035398874 0.10515672265579928 0.09410699495760982 0.08305726725942036 0.07200753956123092 0.06095781186304147 0.04990808416485201 0.03885835646664372 0.02780862876845426 0.0167589010702648 0.005709173372075355 0.0 0.0 0.0 0.0 0.0 0.0 0.0 0.0 0.0 0.0 0.0 0.0
0.07397849516678202 0.07397849516678202 0.07397849516678202 0.07397849516678202 0.07397849516678202 0.07397849516678202 0.07397849516678202 0.07397849516678202 0.07397849516678202 0.07397849516678202 0.07397849516678202 0.07397849516678202 0.07397849516678202 0.07397849516678202 0.07397849516678202 0.07397849516678202 0.07397849516678202 0.005970088734162863 0.01832233733744347 0.03067458594072408 0.04302683454400469 0.0553790831472853 0.0677313317505659 0.08008358035384651 0.09243582895714819 0.1047880775604288 0.11714032616370941 0.12949257476699003 0.14184482337027063 0.14225689451710494 0.1299046459138226 0.11755239731054021 0.10520014870725786 0.09284790010397548 0.08049565150069311 0.06814340289741075 0.055791154294128384 0.04343890569082497 0.031086657087542602 0.018734408484260223 0.006382159880977872 0.0 0.0 0.0 0.0 0.0 0.0 0.0 0.0 0.0 0.0 0.0 0.0
-9999.0 0.07397849516678202 0.07397849516678202 -9999.0 0.07397849516678202 0.07397849516678202 0.07397849516678202 0.07397849516678202 0.07397849516678202 0.07397849516678202 0.07397849516678202 0.07397849516678202 0.07397849516678202 0.07397849516678202 0.07397849516678202 0.07397849516678202 0.07397849516678202 0.0065996231316037 0.020254392639977033 0.033909162148350366 0.04756393165672369 0.06121870116509703 0.07487347067347036 0.08852824018184369 0.10218300969024031 0.11583777919861364 0.12949254870698698 0.1431473182153603 0.15680208772373364 0.15725761098203167 0.1436028414736564 0.12994807196528113 0.11629330245690585 0.10263853294853056 0.0889837634401553 0.07532899393178003 0.061674224423404755 0.0480194549150062 0.03436468540663093 0.02070991589825566 0.007055146389880362 0.0 0.0 0.0 0.0 0.0 0.0 0.0 0.0 0.0 0.0 0.0 0.0
-9999.0 -9999.0 -9999.0 -9999.0 -9999.0 0.07397849516678202 0.07397849516678202 0.07397849516678202 0.07397849516678202 0.07397849516678202 0.07397849516678202 0.07397849516678202 0.07397849516678202 0.07397849516678202 0.07397849516678202 0.07397849516678202 0.07397849516678202 0.007229157529044805 0.022186447942511418 0.03714373835597803 0.05210102876944464 0.06705831918291125 0.08201560959637785 0.09697290000984447 0.11193019042333659 0.1268874808368032 0.1418447712502698 0.15680206166373642 0.17175935207720303 0.1722583274469648 0.15730103703349604 0.1423437466200273 0.12738645620655858 0.11242916579308984 0.09747187537962111 0.08251458496615237 0.06755729455268364 0.05260000413918939 0.03764271372572067 0.02268542331225193 0.0077281328987831854 0.0 0.0 0.0 0.0 0.0 0.0 0.0 0.0 0.0 0.0 0.0 0.0
-9999.0 -9999.0 -9999.0 -9999.0 -9999.0 -9999.0 0.07397849516678202 0.07397849516678202 0.07397849516678202 0.07397849516678202 0.07397849516678202 0.07397849516678202 0.07397849516678202 0.07397849516678202 0.07397849516678202 0.07397849516678202 0.07397849516678202 0.007618216668294332 0.023380479239358595 0.039142741810422856 0.05490500438148712 0.07066726695255139 0.08642952952361566 0.1021917920946799 0.11795405466577105 0.13371631723683533 0.14947857980789958 0.16524084237896386 0.1810031049500281 0.18152893419966262 0.16576667162859612 0.1500044090575296 0.1342421464864631 0.11847988391539661 0.1027176213443301 0.0869553587732636 0.0711930962021971 0.05543083363110371 0.03966857106003721 0.023906308488970712 0.008144045917904214 0.0 0.0 0.0 0.0 0.0 0.0 0.0 0.0 0.0 0.0 0.0 0.0
-9999.0 -9999.0 -9999.0 -9999.0 -9999.0 -9999.0 0.07397849516678202 0.07397849516678202 0.07397849516678202 0.07397849516678202 0.07397849516678202 0.07397849516678202 0.07397849516678202 0.07397849516678202 0.07397849516678202 0.07397849516678202 0.07397849516678202 0.007750222913261446 0.02378560939045606 0.03982099586765067 0.05585638234484528 0.07189176882203989 0.0879271552992345 0.10396254177642912 0.11999792825365108 0.13603331473084568 0.1520687012080403 0.1681040876852349 0.1841394741624295 0.18467441482852281 0.16863902835132594 0.15260364187412906 0.13656825539693215 0.12053286891973526 0.10449748244253837 0.08846209596534148 0.07242670948814459 0.05639132301092034 0.04035593653372346 0.024320550056526558 0.00828516357932968 0.0 0.0 0.0 0.0 0.0 0.0 0.0 0.0 0.0 0.0 0.0 0.0
-9999.0 -9999.0 -9999.0 -9999.0 -9999.0 -9999.0 -9999.0 0.07397849516678202 0.07397849516678202 0.07397849516678202 0.07397849516678202 0.07397849516678202 0.07397849516678202 0.07397849516678202 0.07397849516678202 0.07397849516678202 0.07397849516678202 0.007882229158228615 0.02419073954155369 0.040499249924878765 0.05680776030820384 0.07311627069152891 0.08942478107485399 0.10573329145817907 0.12204180184153195 0.13835031222485702 0.1546588226081821 0.17096733299150718 0.18727584337483225 0.18781989545738434 0.17151138507405694 0.15520287469072958 0.13889436430740218 0.12258585392407478 0.10627734354074739 0.08996883315741999 0.07366032277409261 0.05735181239073739 0.04104330200741002 0.024734791624082625 0.008426281240755229 0.0 0.0 0.0 0.0 0.0 0.0 0.0 0.0 0.0 0.0 0.0 0.0
-9999.0 -9999.0 -9999.0 -9999.0 -9999.0 -9999.0 -9999.0 -9999.0 -9999.0 -9999.0 -9999.0 0.07397849516678202 0.07397849516678202 0.07397849516678202 0.07397849516678202 0.07397849516678202 0.07397849516678202 0.008014235403195728 0.02459586969265115 0.041177503982106574 0.057759138271562 0.07434077256101743 0.09092240685047284 0.10750404113992827 0.12408567542941197 0.1406673097188674 0.15724894400832282 0.17383057829777823 0.19041221258723368 0.19096537608624456 0.17438374179678678 0.15780210750732898 0.1412204732178712 0.12463883892841343 0.10805720463895566 0.09147557034949787 0.07489393606004009 0.05831230177055402 0.041730667481096245 0.02514903319163847 0.008567398902180695 0.0 0.0 0.0 0.0 0.0 0.0 0.0 0.0 0.0 0.0 0.0 0.0
-9999.0 -9999.0 -9999.0 -9999.0 -9999.0 -9999.0 -9999.0 -9999.0 -9999.0 -9999.0 -9999.0 -9999.0 -9999.0 0.07397849516678202 0.07397849516678202 0.07397849516678202 0.07397849516678202 0.008146241648162841 0.025000999843748612 0.04185575803933438 0.05871051623492015 0.07556527443050592 0.09242003262609169 0.10927479082167746 0.12612954901729198 0.14298430721287775 0.15983906540846352 0.17669382360404928 0.19354858179963505 0.19411085671510475 0.17725609851951657 0.16040134032392842 0.14354658212834026 0.12669182393275208 0.10983706573716392 0.09298230754157576 0.07612754934598759 0.05927279115037068 0.042418032954782525 0.025563274759194343 0.008708516563606189 0.0 0.0 0.0 0.0 0.0 0.0 0.0 0.0 0.0 0.0 0.0 0.0
-9999.0 -9999.0 -9999.0 -9999.0 -9999.0 -9999.0 -9999.0 -9999.0 -9999.0 -9999.0 -9999.0 -9999.0 -9999.0 0.07397849516678202 0.07397849516678202 0.07397849516678202 0.07397849516678202 0.008278247893130012 0.025406129994846247 0.04253401209656248 0.05966189419827872 0.07678977629999495 0.0939176584017112 0.11104554050342742 0.12817342260517287 0.1453013047068891 0.16242918680860532 0.17955706891032158 0.1966849510120378 0.19725633734396628 0.1801284552422476 0.16300057314052896 0.1458726910388103 0.12874480893709161 0.11161692683537293 0.09448904473365426 0.0773611626319356 0.06023328053018773 0.043105398428469055 0.025977516326750383 0.00884963422503171 0.0 0.0 0.0 0.0 0.0 0.0 0.0 0.0 0.0 0.0 0.0 0.0
-9999.0 -9999.0 -9999.0 -9999.0 -9999.0 -9999.0 -9999.0 -9999.0 -9999.0 -9999.0 -9999.0 -9999.0 0.07397849516678202 0.07397849516678202 0.07397849516678202 0.07397849516678202 0.07397849516678202 0.008410254138097125 0.025811260145943708 0.043212266153790285 0.06061327216163687 0.07801427816948345 0.09541528417733003 0.11281629018517661 0.13021729619305286 0.14761830220089944 0.16501930820874602 0.1824203142165926 0.1998213202244392 0.20040181797282647 0.18300081196497742 0.16559980595712837 0.14819879994927931 0.13079779394143026 0.1133967879335812 0.09599578192573215 0.07859477591788308 0.06119376991000436 0.04379276390215531 0.026391757894306256 0.008990751886457204 0.0 0.0 0.0 0.0 0.0 0.0 0.0 0.0 0.0 0.0 0.0 0.0
-9999.0 -9999.0 -9999.0 -9999.0 -9999.0 -9999.0 -9999.0 -9999.0 -9999.0 -9999.0 -9999.0 -9999.0 0.07397849516678202 0.07397849516678202 0.07397849516678202 0.07397849516678202 0.07397849516678202 0.008542260383064238 0.026216390297041165 0.043890520211018094 0.06156465012499502 0.07923878003897195 0.09691290995294888 0.11458703986692581 0.13226116978093289 0.14993529969490982 0.16760942960888672 0.18528355952286366 0.2029576894368406 0.20354729860168666 0.1858731686877072 0.16819903877372777 0.15052490885974834 0.1328507789457689 0.11517664903178945 0.09750251911781001 0.07982838920383056 0.06215425928982099 0.04448012937584153 0.0268059994618621 0.00913186954788267 0.0 0.0 0.0 0.0 0.0 0.0 0.0 0.0 0.0 0.0 0.0 0.0
-9999.0 -9999.0 -9999.0 -9999.0 -9999.0 -9999.0 -9999.0 -9999.0 -9999.0 -9999.0 0.07397849516678202 0.07397849516678202 0.07397849516678202 0.07397849516678202 0.07397849516678202 0.07397849516678202 0.07397849516678202 0.008674266628031406 0.0266215204481388 0.044568774268246195 0.06251602808835359 0.08046328190846098 0.09841053572856838 0.11635778954867577 0.13430504336881377 0.15225229718892117 0.17019955100902856 0.18814680482913596 0.20609405864924335 0.2066927792305482 0.18874552541043826 0.17079827159032832 0.15285101777021837 0.13490376395010845 0.11695651012999848 0.09900925630988854 0.0810620024897786 0.06311474866963804 0.04516749484952812 0.02722024102941817 0.00927298720930822 0.0 0.0 0.0 0.0 0.0 0.0 0.0 0.0 0.0 0.0 0.0 0.0
-9999.0 -9999.0 -9999.0 -9999.0 -9999.0 -9999.0 -9999.0 -9999.0 -9999.0 -9999.0 0.07397849516678202 0.07397849516678202 0.07397849516678202 0.07397849516678202 0.07397849516678202 0.07397849516678202 0.07397849516678202 0.00880627287299852 0.02702665059923626 0.045247028325474004 0.06346740605171174 0.08168778377794948 0.09990816150418722 0.11812853923042496 0.13634891695669377 0.1545692946829315 0.17278967240916926 0.191010050135407 0.20923042786164472 0.20983825985940838 0.19161788213316805 0.17339750440692772 0.1551771266806874 0.13695674895444707 0.11873637122820672 0.1005159935019664 0.08229561577572608 0.06407523804945467 0.04585486032321434 0.027634482596974014 0.009414104870733686 0.0 0.0 0.0 0.0 0.0 0.0 0.0 0.0 0.0 0.0 0.0 0.0
-9999.0 -9999.0 -9999.0 -9999.0 -9999.0 -9999.0 -9999.0 -9999.0 -9999.0 -9999.0 0.07397849516678202 0.07397849516678202 0.07397849516678202 0.07397849516678202 0.07397849516678202 0.07397849516678202 0.07397849516678202 0.008938279117965632 0.027431780750333718 0.045925282382701806 0.0644187840150699 0.08291228564743798 0.10140578727980606 0.11989928891217415 0.1383927905445738 0.15688629217694186 0.17537979380930996 0.19387329544167803 0.21236679707404613 0.21298374048826857 0.19449023885589786 0.17599673722352713 0.15750323559115642 0.1390097339587857 0.12051623232641498 0.10202273069404426 0.08352922906167354 0.0650357274292713 0.046542225796900566 0.02804872416452986 0.009555222532159124 0.0 0.0 0.0 0.0 0.0 0.0 0.0 0.0 0.0 0.0 0.0 0.0
