Figures/CREST_Example_wjb_NSE/Rolling_result/20100722/BJP_forecast/ens_42/wjb.rain.20100724.asc
ncols            288
nrows            254
xllcorner        113.274861
yllcorner        31.4918055
cellsize         0.008333333333
NODATA_value     -9999
[rows 28 to 55 of 254, columns 63 to 125 of 288]
0.9046458831313923 0.8343662912847445 0.7640866994379768 0.6938071075913289 0.6235275157446811 0.5532479238980332 0.48296833205138545 0.41268874020473756 0.3424091483580898 0.2721295565114419 0.2018499646647941 0.1315703728181462 0.09142162579221579 0.08348343303487857 0.07554524027754134 0.06760704752019056 0.059668854762853336 0.051730662005516105 0.04379246924817888 0.03585427649084165 0.027916083733504418 0.019977890976167187 0.012039698218829956 0.004101505461492724 0.0 0.0 0.0 0.0 0.0 0.0 0.0 0.0 0.0 0.0 0.0 0.0 0.0031544940242945493 0.009681213485812131 0.016207932947329712 0.022734652408847294 0.029261371870364875 0.03578809133189359 0.04231481079341117 0.04884153025492875 0.055368249716446334 0.061894969177963916 0.06842168863948149 0.07494840810099908 0.07516613952020444 0.06863942005868594 0.06211270059716743 0.05558598113564892 0.04905926167413041 0.04253254221261191 0.036005822751082266 0.029479103289563754 0.02295238382804525 0.01642566436652674 0.009898944905008228 0.0033722254434897236 0.2072001932224193 0.2072001932224193 0.2072001932224193
1.127011127621007 1.0364522380665477 0.945893348511934 0.8553344589574747 0.7647755694030154 0.674216679848556 0.5836577902940967 0.49309890073963736 0.4025400111851781 0.3119811216307188 0.22142223207625944 0.1308633425218002 0.08068717990787048 0.07368106530857006 0.06667495070926963 0.059668836109957255 0.05266272151065683 0.0456566069113564 0.03865049231205597 0.03164437771275555 0.02463826311345512 0.01763214851415469 0.010626033914854269 0.0036199193155538323 0.0 0.0 0.0 0.0 0.0 0.0 0.0 0.0 0.0 0.0 0.0 0.0 0.002784103046198821 0.008544475199244787 0.014304847352290753 0.02006521950533672 0.025825591658382684 0.031585963811438474 0.03734633596448444 0.0431067081175304 0.04886708027057637 0.05462745242362234 0.0603878245766683 0.06614819672971427 0.06634036279590247 0.06057999064285568 0.054819618489808895 0.04905924633676211 0.04329887418371533 0.037538502030668545 0.03177812987761194 0.026017757724565153 0.02025738557151837 0.014497013418471587 0.008736641265424804 0.002976269112378027 0.2072001932224193 0.2072001932224193 0.2072001932224193
1.3493763721106216 1.2385381848483508 1.127699997585891 1.0168618103236202 0.9060236230613494 0.7951854357990787 0.684347248536808 0.5735090612745372 0.4626708740122665 0.3518326867499957 0.2409944994877249 0.1301563122254541 0.06995273402352518 0.06387869758226156 0.057804661140997936 0.05173062469972395 0.04565658825846033 0.03958255181719671 0.03350851537593308 0.02743447893466945 0.02136044249340583 0.015286406052142203 0.009212369610878582 0.003138333169614954 0.0 0.0 0.0 0.0 0.0 0.0 0.0 0.0 0.0 0.0 0.0 0.0 0.0024137120681030928 0.007407736912677444 0.012401761757251795 0.017395786601826144 0.022389811446400495 0.027383836290983364 0.03237786113555771 0.037371885980132066 0.042365910824706414 0.04735993566928077 0.052353960513855116 0.05734798535842947 0.057514586071600496 0.052520561227025434 0.04752653638245037 0.04253251153787531 0.03753848669330025 0.03254446184872519 0.027550437004141615 0.022556412159566552 0.017562387314991497 0.012568362470416435 0.007574337625841372 0.00258031278126631 0.2072001932224193 0.2072001932224193 0.2072001932224193
1.5717416166002363 1.440624131630154 1.3095066466598482 1.178389161689766 1.0472716767196837 0.9161541917496014 0.7850367067795192 0.653919221809437 0.5228017368393547 0.39168425186927247 0.2605667668991902 0.12944928192910798 0.0592182881391799 0.05407632985595307 0.048934371572726246 0.043792413289490656 0.03865045500626384 0.033508496723037004 0.028366538439810185 0.02322458015658336 0.01808262187335654 0.012940663590129714 0.007798705306902888 0.002656747023676069 0.0 0.0 0.0 0.0 0.0 0.0 0.0 0.0 0.0 0.0 0.0 0.0 0.0020433210900073647 0.0062709986261101 0.010498676162212837 0.014726353698315573 0.018954031234418307 0.023181708770528255 0.02740938630663099 0.03163706384273372 0.03586474137883646 0.0400924189149392 0.044320096451041936 0.04854777398714467 0.04868880934729852 0.04446113181119519 0.040233454275091854 0.03600577673898851 0.03177809920288518 0.027550421666781844 0.023322744130671296 0.019095066594567958 0.014867389058464624 0.01063971152236129 0.006412033986257955 0.0021843564501546134 0.2072001932224193 0.2072001932224193 0.2072001932224193
1.794106861089851 1.6427100784119573 1.4913132957338053 1.3399165130559116 1.188519730378018 1.0371229477001243 0.8857261650222304 0.7343293823443366 0.582932599666443 0.43153581698854926 0.28013903431065557 0.12874225163276165 0.04848384225483459 0.04427396212964457 0.04006408200445455 0.03585420187925735 0.031644321754067326 0.027434441628877308 0.023224561503687288 0.019014681378497267 0.01480480125330725 0.010594921128117225 0.006385041002927201 0.002175160877737184 0.0 0.0 0.0 0.0 0.0 0.0 0.0 0.0 0.0 0.0 0.0 0.0 0.0016729301119116362 0.005134260339542757 0.008595590567173877 0.012056920794804998 0.015518251022436117 0.01897958125007314 0.022440911477704262 0.025902241705335383 0.029363571932966504 0.03282490216059762 0.03628623238822874 0.03974756261585986 0.03986303262299655 0.036401702395364936 0.03294037216773332 0.029479041940101713 0.0260177117124701 0.022556381484838486 0.019095051257200974 0.01563372102956936 0.012172390801937747 0.008711060574306137 0.0052497303466745235 0.00178840011904291 0.2072001932224193 0.2072001932224193 0.2072001932224193
2.0164721055796555 1.844796025193933 1.6731199448079177 1.5014438644221952 1.3297677840364728 1.1580917036507503 0.9864156232650279 0.8147395428793052 0.6430634624935827 0.47138738210786024 0.2997113017221378 0.12803522133641532 0.037749396370480144 0.03447159440332772 0.031193792436175295 0.02791599046901728 0.024638188501864854 0.02136038653471243 0.018082584567560005 0.01480478260040758 0.011526980633255156 0.008249178666102728 0.004971376698950307 0.0016935747317978755 0.0 0.0 0.0 0.0 0.0 0.0 0.0 0.0 0.0 0.0 0.0 0.0 0.0013025391338155924 0.003997522052974445 0.006692504972133297 0.00938748789129215 0.012082470810451001 0.01477745372961445 0.017472436648773303 0.020167419567932155 0.022862402487091007 0.02555738540624986 0.02825236832540871 0.030947351244567566 0.031037255898687055 0.028342272979527818 0.025647290060368585 0.022952307141209348 0.020257324222050115 0.01756234130289088 0.014867358383727047 0.012172375464567814 0.009477392545408577 0.006782409626249344 0.004087426707090107 0.0013924437879308735 0.2072001932224193 0.2072001932224193 0.2072001932224193
2.2388373500692698 2.046881971975736 1.8549265938818746 1.6629712157883407 1.4710158376948066 1.2790604596012727 1.0871050815077388 0.8951497034142049 0.7031943253206707 0.5112389472271368 0.3192835691336029 0.12732819104006898 0.027014950486134847 0.024669226677019224 0.0223235028679036 0.01997777905878398 0.017632055249668356 0.015286331440552732 0.012940607631437109 0.010594883822321488 0.008249160013205862 0.005903436204090239 0.0035577123949746166 0.001211988585858994 0.0 0.0 0.0 0.0 0.0 0.0 0.0 0.0 0.0 0.0 0.0 0.0 0.000932148155719864 0.002860783766407101 0.004789419377094338 0.006718054987781575 0.008646690598468811 0.010575326209159339 0.012503961819846575 0.014432597430533812 0.01636123304122105 0.018289868651908285 0.020218504262595523 0.02214713987328276 0.022211479174385082 0.02028284356369757 0.018354207953010057 0.016425572342322548 0.014496936731635036 0.012568301120947525 0.010639665510256725 0.008711029899569215 0.006782394288881704 0.0048537586781941915 0.0029251230675066825 0.00099648745681917 0.2072001932224193 0.2072001932224193 0.2072001932224193
2.4612025945588845 2.2489679187575393 2.036733242955832 1.8244985671544862 1.612263891353141 1.4000292155517955 1.1877945397504501 0.9755598639491048 0.7633251881477592 0.5510905123464136 0.33885583654506846 0.12662116074372287 0.01628050460178955 0.01486685895071073 0.013453213299631908 0.012039567648550676 0.010625921997471855 0.009212276346393034 0.007798630695314213 0.006384985044235391 0.00497133939315657 0.003557693742077749 0.0021440480909989262 0.0007304024399201053 0.0 0.0 0.0 0.0 0.0 0.0 0.0 0.0 0.0 0.0 0.0 0.0 0.000561757177624136 0.001724045479839758 0.00288633378205538 0.004048622084271002 0.005210910386486624 0.006373198688704228 0.00753548699091985 0.008697775293135472 0.009860063595351094 0.011022351897566717 0.012184640199782338 0.01334692850199796 0.013385702450083107 0.012223414147867321 0.011061125845651533 0.009898837543435745 0.008736549241219959 0.0075742609390041715 0.006411972636786402 0.005249684334570615 0.004087396032354827 0.002925107730139041 0.001762819427923253 0.0006005311257074666 0.2072001932224193 0.2072001932224193 0.2072001932224193
2.683567839048499 2.4510538655393423 2.218539892029789 1.9860259185206321 1.7535119450114753 1.5209979715023183 1.2884839979931615 1.0559700244840047 0.8234560509748476 0.5909420774656908 0.358428103956534 0.1259141304473772 0.005546058717444254 0.005064491224402235 0.0045829237313602155 0.004101356238317375 0.003619788745275355 0.003138221252233336 0.0026566537591913163 0.0021750862661492967 0.0016935187731072776 0.0012119512800652576 0.0007303837870232385 0.00024881629398121937 0.0 0.0 0.0 0.0 0.0 0.0 0.0 0.0 0.0 0.0 0.0 0.0 0.00019136619952840768 0.0005873071932724146 0.0009832481870164214 0.0013791891807604282 0.0017751301745044352 0.002171071168249117 0.0025670121619931242 0.002962953155737131 0.003358894149481138 0.0037548351432251446 0.004150776136969151 0.004546717130713159 0.004559925725781135 0.004163984732037072 0.0037680437382930088 0.003372102744548946 0.002976161750804883 0.0025802207570608197 0.0021842797633160813 0.001788338769572018 0.001392397775827955 0.0009964567820838917 0.0006005157883398286 0.00020457479459576582 0.2072001932224193 0.2072001932224193 0.2072001932224193
2.7580438312046405 2.51856128671392 2.279078742222792 2.039596197732072 1.8001136532413522 1.5606311087506322 1.3211485642599121 1.0816660197691923 0.8421834752784725 0.6027009307877522 0.3632183862970324 0.12373584180631259 0.0 0.0 0.0 0.0 0.0 0.0 0.0 0.0 0.0 0.0 0.0 0.0 0.0 0.0 0.0 0.0 0.0 0.0 0.0 0.0 0.0 0.0 0.0 0.0 0.0 0.0 0.0 0.0 0.0 0.0 0.0 0.0 0.0 0.0 0.0 0.0 0.0 0.0 0.0 0.0 0.0 0.0 0.0 0.0 0.0 0.0 0.0 0.0 0.0001800254938925035 0.0005525023119946707 0.000924979130096838
2.6744355380644187 2.4422127501284017 2.209989962191989 1.9777671742559721 1.7455443863199553 1.5133215983839385 1.2810988104479215 1.0488760225119047 0.8166532345758879 0.5844304466398711 0.35220765870385407 0.11998487076783748 0.0 0.0 0.0 0.0 0.0 0.0 0.0 0.0 0.0 0.0 0.0 0.0 0.0 0.0 0.0 0.0 0.0 0.0 0.0 0.0 0.0 0.0 0.0 0.0 0.0 0.0 0.0 0.0 0.0 0.0 0.0 0.0 0.0 0.0 0.0 0.0 0.0 0.0 0.0 0.0 0.0 0.0 0.0 0.0 0.0 0.0 0.0 0.0 0.0005524868888939589 0.001695594756390034 0.0028387026238861092
2.5908272449241974 2.3658642135428836 2.140901182161186 1.9159381507798723 1.6909751193985583 1.4660120880172445 1.2410490566359307 1.0160860252546169 0.7911229938733031 0.5661599624919895 0.3411969311106757 0.11623389972936193 0.0 0.0 0.0 0.0 0.0 0.0 0.0 0.0 0.0 0.0 0.0 0.0 0.0 0.0 0.0 0.0 0.0 0.0 0.0 0.0 0.0 0.0 0.0 0.0 0.0 0.0 0.0 0.0 0.0 0.0 0.0 0.0 0.0 0.0 0.0 0.0 0.0 0.0 0.0 0.0 0.0 0.0 0.0 0.0 0.0 0.0 0.0 0.0 0.0009249482838954142 0.0028386872007853973 0.00475242611767538
2.507218951783904 2.2895156769572997 2.0718124021303237 1.8541091273037194 1.6364058524771146 1.4187025776505102 1.2009993028239057 0.9832960279973011 0.7655927531706965 0.547889478344092 0.3301862035174876 0.11248292869088328 0.0 0.0 0.0 0.0 0.0 0.0 0.0 0.0 0.0 0.0 0.0 0.0 0.0 0.0 0.0 0.0 0.0 0.0 0.0 0.0 0.0 0.0 0.0 0.0 0.0 0.0 0.0 0.0 0.0 0.0 0.0 0.0 0.0 0.0 0.0 0.0 0.0 0.0 0.0 0.0 0.0 0.0 0.0 0.0 0.0 0.0 0.0 0.0 0.001297409678897187 0.003981779645181735 0.006666149611466283
2.4236106586436823 2.213167140371781 2.002723622099521 1.7922801038276193 1.581836585555718 1.3713930672838164 1.160949549011915 0.9505060307400137 0.7400625124681122 0.5296189941962108 0.3191754759243093 0.10873195765240773 0.0 0.0 0.0 0.0 0.0 0.0 0.0 0.0 0.0 0.0 0.0 0.0 0.0 0.0 0.0 0.0 0.0 0.0 0.0 0.0 0.0 0.0 0.0 0.0 0.0 0.0 0.0 0.0 0.0 0.0 0.0 0.0 0.0 0.0 0.0 0.0 0.0 0.0 0.0 0.0 0.0 0.0 0.0 0.0 0.0 0.0 0.0 0.0 0.0016698710738986423 0.005124872089577098 0.008579873105255554
2.340002365503461 2.1368186037862626 1.9336348420687177 1.7304510803515192 1.5272673186343209 1.3240835569171225 1.1208997951999242 0.9177160334827259 0.7145322717655276 0.5113485100483293 0.30816474833113094 0.10498098661393263 0.0 0.0 0.0 0.0 0.0 0.0 0.0 0.0 0.0 0.0 0.0 0.0 0.0 0.0 0.0 0.0 0.0 0.0 0.0 0.0 0.0 0.0 0.0 0.0 0.0 0.0 0.0 0.0 0.0 0.0 0.0 0.0 0.0 0.0 0.0 0.0 0.0 0.0 0.0 0.0 0.0 0.0 0.0 0.0 0.0 0.0 0.0 0.0 0.0020423324689000976 0.006267964533972461 0.010493596599044823
2.2563940723632387 2.0604700672007437 1.8645460620379144 1.668622056875419 1.472698051712924 1.2767740465504287 1.0808500413879334 0.8849260362254381 0.689002031062943 0.4930780259004477 0.2971540207379526 0.10123001557545708 0.0 0.0 0.0 0.0 0.0 0.0 0.0 0.0 0.0 0.0 0.0 0.0 0.0 0.0 0.0 0.0 0.0 0.0 0.0 0.0 0.0 0.0 0.0 0.0 0.0 0.0 0.0 0.0 0.0 0.0 0.0 0.0 0.0 0.0 0.0 0.0 0.0 0.0 0.0 0.0 0.0 0.0 0.0 0.0 0.0 0.0 0.0 0.0 0.0024147938639015524 0.0074110569783678235 0.012407320092834094
2.1727857792230174 1.9841215306152251 1.7954572820071113 1.606793033399319 1.418128784791527 1.2294645361837346 1.0408002875759426 0.8521360389681505 0.6634717903603582 0.4748075417525661 0.2861432931447738 0.09747904453698153 0.0 0.0 0.0 0.0 0.0 0.0 0.0 0.0 0.0 0.0 0.0 0.0 0.0 0.0 0.0 0.0 0.0 0.0 0.0 0.0 0.0 0.0 0.0 0.0 0.0 0.0 0.0 0.0 0.0 0.0 0.0 0.0 0.0 0.0 0.0 0.0 0.0 0.0 0.0 0.0 0.0 0.0 0.0 0.0 0.0 0.0 0.0 0.0 0.0027872552589030086 0.008554149422763188 0.014321043586623368
2.0891774860827956 1.9077729940297066 1.7263685019763082 1.5449640099232191 1.3635595178701299 1.1821550258170408 1.0007505337639517 0.8193460417108627 0.6379415496577736 0.45653705760468455 0.27513256555159527 0.09372807349850643 0.0 0.0 0.0 0.0 0.0 0.0 0.0 0.0 0.0 0.0 0.0 0.0 0.0 0.0 0.0 0.0 0.0 0.0 0.0 0.0 0.0 0.0 0.0 0.0 0.0 0.0 0.0 0.0 0.0 0.0 0.0 0.0 0.0 0.0 0.0 0.0 0.0 0.0 0.0 0.0 0.0 0.0 0.0 0.0 0.0 0.0 0.0 0.0 0.0031597166539044635 0.00969724186715855 0.01623476708041264
2.005569192942503 1.8314244574441227 1.657279721945446 1.4831349864470662 1.3089902509486864 1.1348455154503068 0.9607007799519269 0.7865560444535471 0.6124113089551673 0.43826657345678743 0.2641218379584076 0.08997710246002777 0.0 0.0 0.0 0.0 0.0 0.0 0.0 0.0 0.0 0.0 0.0 0.0 0.0 0.0 0.0 0.0 0.0 0.0 0.0 0.0 0.0 0.0 0.0 0.0 0.0 0.0 0.0 0.0 0.0 0.0 0.0 0.0 0.0 0.0 0.0 0.0 0.0 0.0 0.0 0.0 0.0 0.0 0.0 0.0 0.0 0.0 0.0 0.0 0.0035321780489062362 0.010840334311554888 0.01814849057420354
1.921960899802281 1.7550759208586042 1.588190941914643 1.4213059629709663 1.2544209840272895 1.0875360050836127 0.9206510261399361 0.7537660471962593 0.5868810682525827 0.41999608930890586 0.25311111036522904 0.08622613142155244 0.0 0.0 0.0 0.0 0.0 0.0 0.0 0.0 0.0 0.0 0.0 0.0 0.0 0.0 0.0 0.0 0.0 0.0 0.0 0.0 0.0 0.0 0.0 0.0 0.0 0.0 0.0 0.0 0.0 0.0 0.0 0.0 0.0 0.0 0.0 0.0 0.0 0.0 0.0 0.0 0.0 0.0 0.0 0.0 0.0 0.0 0.0 0.0 0.003904639443907692 0.011983426755950252 0.02006221406799281
1.8383526066620592 1.6787273842730857 1.5191021618838398 1.3594769394948663 1.1998517171058924 1.0402264947169189 0.8806012723279453 0.7209760499389717 0.5613508275499979 0.4017256051610243 0.2421003827720507 0.08247516038307712 0.0 0.0 0.0 0.0 0.0 0.0 0.0 0.0 0.0 0.0 0.0 0.0 0.0 0.0 0.0 0.0 0.0 0.0 0.0 0.0 0.0 0.0 0.0 0.0 0.0 0.0 0.0 0.0 0.0 0.0 0.0 0.0 0.0 0.0 0.0 0.0 0.0 0.0 0.0 0.0 0.0 0.0 0.0 0.0 0.0 0.0 0.0 0.0 0.004277100838909147 0.013126519200345615 0.02197593756178208
1.7228496718983703 1.5732536362831515 1.4236576006676778 1.274061565052459 1.12446552943724 0.9748694938220214 0.8252734582068026 0.6756774225915838 0.5260813869763652 0.37648535136114636 0.22688931574592774 0.07729328013070891 0.00012132989602157165 0.0003723641937437712 0.0006233984914659708 0.0008744327891885984 0.001125467086910798 0.0013765013846329976 0.0016275356823551971 0.0018785699800773967 0.0021296042777995965 0.002380638575521796 0.0026316728732439956 0.002882707170966195 0.0028910816768858375 0.002640047379163638 0.0023890130814414384 0.002137978783719239 0.001886944485996611 0.0016359101882744114 0.0013848758905522119 0.0011338415928300123 0.0008828072951078125 0.000631772997385613 0.0003807386996634134 0.00012970440194121384 0.0 0.0 0.0 0.0 0.0 0.0 0.0 0.0 0.0 0.0 0.0 0.0 0.0 0.0 0.0 0.0 0.0 0.0 0.0 0.0 0.0 0.0 0.0 0.0 0.004289511246482568 0.013164607021847194 0.02203970279721182
1.5732533763532273 1.4366468737897327 1.3000403712260051 1.1634338686625105 1.026827366099016 0.8902208635355213 0.7536143609720267 0.6170078584085321 0.4804013558450375 0.3437948532815429 0.2071883507180483 0.0705818481545537 0.00037235380044348115 0.0011427622312056927 0.0019131706619679044 0.00268357909273143 0.0034539875234936416 0.004224395954255853 0.0049948043850180646 0.005765212815780276 0.006535621246542488 0.0073060296773047 0.008076438108066911 0.008846846538829124 0.008872547369442716 0.008102138938680505 0.007331730507918292 0.0065613220771560815 0.005790913646392556 0.005020505215630344 0.004250096784868132 0.0034796883541059207 0.002709279923343709 0.0019388714925814973 0.0011684630618192856 0.00039805463105707477 0.0 0.0 0.0 0.0 0.0 0.0 0.0 0.0 0.0 0.0 0.0 0.0 0.0 0.0 0.0 0.0 0.0 0.0 0.0 0.0 0.0 0.0 0.0 0.0 0.00391704985148114 0.012021514577451913 0.020125979303422685
1.4236570808080844 1.300040111296314 1.1764231417843327 1.0528061722725623 0.9291892027607919 0.8055722332490215 0.681955263737251 0.5583382942254805 0.43472132471371006 0.3111043552019397 0.18748738569016932 0.06387041617839895 0.0006233777048653906 0.0019131602686676143 0.003202942832469838 0.004492725396274261 0.0057825079600764846 0.007072290523878709 0.008362073087680931 0.009651855651483156 0.01094163821528538 0.012231420779087603 0.013521203342889827 0.01481098590669205 0.014854013061999596 0.01356423049819737 0.012274447934395147 0.010984665370592924 0.0096948828067885 0.008405100242986277 0.007115317679184054 0.005825535115381829 0.0045357525515796054 0.003245969987777382 0.0019561874239751587 0.0006664048601729353 0.0 0.0 0.0 0.0 0.0 0.0 0.0 0.0 0.0 0.0 0.0 0.0 0.0 0.0 0.0 0.0 0.0 0.0 0.0 0.0 0.0 0.0 0.0 0.0 0.0035445884564797104 0.010878422133056629 0.018212255809633548
1.2740607852629413 1.1634333488028952 1.0528059123426603 0.9421784758826139 0.8315510394225676 0.7209236029625213 0.6102961665024751 0.49966873004242884 0.3890412935823825 0.27841385712233624 0.16778642066228988 0.057158984202243746 0.0008744016092873001 0.0026835583061295357 0.004492715002971772 0.006301871699817093 0.008111028396659328 0.009920185093501564 0.0117293417903438 0.013538498487186036 0.015347655184028272 0.017156811880870506 0.018965968577712742 0.020775125274554978 0.020835478754556474 0.019026322057714238 0.017217165360872002 0.015408008664029766 0.013598851967184446 0.01178969527034221 0.009980538573499974 0.008171381876657738 0.006362225179815502 0.004553068482973266 0.00274391178613103 0.000934755089288794 0.0 0.0 0.0 0.0 0.0 0.0 0.0 0.0 0.0 0.0 0.0 0.0 0.0 0.0 0.0 0.0 0.0 0.0 0.0 0.0 0.0 0.0 0.0 0.0 0.003172127061478282 0.00973532968866135 0.016298532315844418
1.1244644897176708 1.0268265863093597 0.9291886829008822 0.8315507794925712 0.7339128760842601 0.636274972675949 0.538637069267638 0.44099916585932697 0.34336126245101595 0.24572335904270493 0.1480854556343938 0.05044755222608277 0.0011254255137094237 0.0034539563435921146 0.005782487173474805 0.008111018003361467 0.010439548833244158 0.012768079663126848 0.01509661049300954 0.017425141322892232 0.01975367215277492 0.022082202982657614 0.024410733812540303 0.026739264642422995 0.026816944447118452 0.024488413617235763 0.02215988278735307 0.01983135195747038 0.01750282112758372 0.015174290297701029 0.012845759467818338 0.010517228637935645 0.008188697808052956 0.0058601669781702635 0.0035316361482875744 0.0012031053184048818 0.0 0.0 0.0 0.0 0.0 0.0 0.0 0.0 0.0 0.0 0.0 0.0 0.0 0.0 0.0 0.0 0.0 0.0 0.0 0.0 0.0 0.0 0.0 0.0 0.002799665666476535 0.008592237244265092 0.014384808822053648
0.9748681941725277 0.8902198238159409 0.8055714534592096 0.7209230831026228 0.6362747127460359 0.551626342389449 0.46697797203286207 0.38232960167627517 0.2976812313196884 0.21303286096310148 0.12838449060651458 0.04373612024992768 0.001376449418131333 0.004224354381054036 0.007072259343976739 0.009920164306904298 0.012768069269827001 0.015615974232749704 0.018463879195672408 0.02131178415859511 0.02415968912151781 0.027007594084440516 0.029855499047363218 0.03270340401028592 0.032798410139675334 0.02995050517675263 0.027102600213829927 0.024254695250907225 0.021406790287979663 0.01855888532505696 0.01571098036213426 0.012863075399211558 0.010015170436288853 0.007167265473366151 0.004319360510443449 0.0014714555475207475 0.0 0.0 0.0 0.0 0.0 0.0 0.0 0.0 0.0 0.0 0.0 0.0 0.0 0.0 0.0 0.0 0.0 0.0 0.0 0.0 0.0 0.0 0.0 0.0 0.002427204271475106 0.007449144799869809 0.012471085328264513
0.8252718986273848 0.753613061322522 0.6819542240175371 0.6102953867126744 0.5386365494078116 0.4669777121029489 0.3953188747980862 0.3236600374932235 0.2520012001883607 0.18034236288349803 0.10868352557863525 0.03702468827377248 0.0016274733225532425 0.004994752418515957 0.008362031514478672 0.011729310610447128 0.015096589706409844 0.01846386880237256 0.021831147898335273 0.025198426994297987 0.0285657060902607 0.031932985186223416 0.03530026428218613 0.038667543378148844 0.03877987583223221 0.035412596736269494 0.032045317640306784 0.028678038544344066 0.02531075944837561 0.021943480352412895 0.01857620125645018 0.015208922160487467 0.011841643064524753 0.008474363968562035 0.005107084872599324 0.0017398057766366062 0.0 0.0 0.0 0.0 0.0 0.0 0.0 0.0 0.0 0.0 0.0 0.0 0.0 0.0 0.0 0.0 0.0 0.0 0.0 0.0 0.0 0.0 0.0 0.0 0.0020547428764736775 0.006306052355474528 0.010557361834475377
