Figures/CREST_Example_wjb_NSE/Rolling_result/20100722/BJP_forecast/ens_42/wjb.rain.20100725.asc
ncols            288
nrows            254
xllcorner        113.274861
yllcorner        31.4918055
cellsize         0.008333333333
NODATA_value     -9999
[rows 60 to 79 of 254, columns 0 to 44 of 288]
-9999.0 -9999.0 -9999.0 -9999.0 -9999.0 -9999.0 -9999.0 -9999.0 -9999.0 -9999.0 -9999.0 1.688040876400026 1.688040876400026 1.688040876400026 1.688040876400026 1.688040876400026 1.688040876400026 1.688040876400026 1.688040876400026 1.688040876400026 1.688040876400026 1.688040876400026 1.688040876400026 1.688040876400026 1.688040876400026 1.688040876400026 1.688040876400026 0.0 0.0 0.0 0.0 0.0 0.0 0.0 0.0 0.0 0.0 0.0 0.0 0.0679747746646863 0.20861611970305372 0.34925746474142116 0.48989880977978856 0.6305401548181561 0.7711814998565234
-9999.0 -9999.0 -9999.0 -9999.0 -9999.0 -9999.0 -9999.0 -9999.0 -9999.0 1.688040876400026 1.688040876400026 1.688040876400026 1.688040876400026 1.688040876400026 1.688040876400026 0.0048562750511766 0.004434601873601069 0.004012928696025538 0.003591255518450008 0.0031695823408744777 0.002747909163298947 0.0023262359857234164 0.0019045628081478857 0.0014828896305723554 0.0010612164529968243 0.0006395432754212945 0.00021787009784504478 0.0 0.0 0.0 0.0 0.0 0.0 0.0 0.0 0.0 0.0 0.0 0.0 0.06888104135821285 0.211397472667477 0.3539139039767411 0.4964303352860052 0.6389467665952694 0.7814631979045334
-9999.0 -9999.0 -9999.0 -9999.0 -9999.0 -9999.0 -9999.0 -9999.0 -9999.0 1.688040876400026 1.688040876400026 1.688040876400026 1.688040876400026 1.688040876400026 1.688040876400026 0.014903601930011516 0.013609513535733656 0.012315425141455793 0.011021336747177932 0.009727248352900071 0.008433159958622208 0.007139071564344348 0.005844983170066487 0.004550894775788624 0.003256806381510763 0.0019627179872329006 0.0006686295929528331 0.0 0.0 0.0 0.0 0.0 0.0 0.0 0.0 0.0 0.0 0.0 0.0 0.06543092826931567 0.2008089976237139 0.3361870669781122 0.4715651363325104 0.6069432056869086 0.7423212750413068
-9999.0 -9999.0 -9999.0 -9999.0 -9999.0 -9999.0 -9999.0 -9999.0 -9999.0 1.688040876400026 1.688040876400026 1.688040876400026 1.688040876400026 1.688040876400026 1.688040876400026 0.02495092880884643 0.02278442519786624 0.020617921586886048 0.018451417975905854 0.016284914364925664 0.014118410753945472 0.011951907142965278 0.009785403531985086 0.007618899921004892 0.005452396310024702 0.0032858926990445084 0.0011193890880606232 0.0 0.0 0.0 0.0 0.0 0.0 0.0 0.0 0.0 0.0 0.0 0.0 0.061980815180418466 0.1902205225799508 0.31846022997948314 0.44669993737901553 0.5749396447785479 0.7031793521780803
-9999.0 -9999.0 -9999.0 -9999.0 -9999.0 -9999.0 -9999.0 -9999.0 1.688040876400026 1.688040876400026 1.688040876400026 1.688040876400026 1.688040876400026 1.688040876400026 1.688040876400026 0.03499825568768135 0.03195933685999883 0.028920418032316302 0.025881499204633777 0.022842580376951256 0.01980366154926873 0.01676474272158621 0.013725823893903685 0.01068690506622116 0.007647986238538639 0.004609067410856114 0.0015701485831684098 0.0 0.0 0.0 0.0 0.0 0.0 0.0 0.0 0.0 0.0 0.0 0.0 0.058530702091521274 0.17963204753618775 0.3007333929808542 0.42183473842552066 0.5429360838701871 0.6640374293148537
-9999.0 -9999.0 -9999.0 -9999.0 -9999.0 -9999.0 -9999.0 -9999.0 1.688040876400026 1.688040876400026 1.688040876400026 1.688040876400026 1.688040876400026 1.688040876400026 1.688040876400026 0.045045582566516265 0.04113424852213141 0.03722291447774656 0.0333115804333617 0.02940024638897685 0.025488912344591993 0.021577578300207137 0.017666244255822285 0.013754910211437432 0.009843576167052573 0.0059322421226677205 0.002020908078276193 0.0 0.0 0.0 0.0 0.0 0.0 0.0 0.0 0.0 0.0 0.0 0.0 0.055080589002624074 0.16904357249242463 0.28300655598222524 0.3969695394720258 0.5109325229618263 0.624895506451627
-9999.0 -9999.0 -9999.0 -9999.0 -9999.0 -9999.0 -9999.0 -9999.0 1.688040876400026 1.688040876400026 1.688040876400026 1.688040876400026 1.688040876400026 1.688040876400026 1.688040876400026 0.055092909445359745 0.05030916018427182 0.04552541092318389 0.04074166166209596 0.03595791240100803 0.0311741631399201 0.02639041387883217 0.021606664617744242 0.016822915356656316 0.012039166095568384 0.007255416834480458 0.0024716675733843715 0.0 0.0 0.0 0.0 0.0 0.0 0.0 0.0 0.0 0.0 0.0 0.0 0.05163047591372393 0.15845509744865252 0.2652797189835811 0.3721043405185097 0.4789289620534383 0.5857535835883669
-9999.0 -9999.0 -9999.0 -9999.0 -9999.0 -9999.0 -9999.0 -9999.0 1.688040876400026 1.688040876400026 1.688040876400026 1.688040876400026 1.688040876400026 1.688040876400026 1.688040876400026 0.06514023632419466 0.059484071846404404 0.05382790736861415 0.04817174289082388 0.04251557841303362 0.03685941393524336 0.031203249457453106 0.02554708497966284 0.019890920501872585 0.01423475602408232 0.008578591546292064 0.0029224270684921616 0.0 0.0 0.0 0.0 0.0 0.0 0.0 0.0 0.0 0.0 0.0 0.0 0.04818036282482673 0.14786662240488943 0.24755288198495212 0.34723914156501484 0.4469254011450775 0.5466116607251402
-9999.0 -9999.0 -9999.0 -9999.0 -9999.0 -9999.0 -9999.0 1.688040876400026 1.688040876400026 1.688040876400026 1.688040876400026 1.688040876400026 1.688040876400026 1.688040876400026 1.688040876400026 0.07518756320302958 0.068658983508537 0.0621304038140444 0.05560182411955181 0.04907324442505921 0.042544664730566624 0.03601608503607403 0.02948750534158144 0.022958925647088846 0.016430345952596258 0.00990176625810367 0.0033731865635999447 0.0 0.0 0.0 0.0 0.0 0.0 0.0 0.0 0.0 0.0 0.0 0.0 0.044730249735929525 0.13727814736112634 0.22982604498632314 0.3223739426115199 0.41492184023671674 0.5074697378619135
-9999.0 -9999.0 -9999.0 -9999.0 -9999.0 -9999.0 -9999.0 1.688040876400026 1.688040876400026 1.688040876400026 1.688040876400026 1.688040876400026 1.688040876400026 1.688040876400026 1.688040876400026 0.0852348900818645 0.07783389517066958 0.07043290025947466 0.06303190534827974 0.05563091043708481 0.04822991552588989 0.040828920614694966 0.03342792570350005 0.026026930792305128 0.01862593588111021 0.011224940969915276 0.0038239460587077417 0.0 0.0 0.0 0.0 0.0 0.0 0.0 0.0 0.0 0.0 0.0 0.0 0.04128013664703234 0.12668967231736328 0.21209920798769422 0.29750874365802515 0.3829182793283561 0.46832781499868703
-9999.0 -9999.0 -9999.0 -9999.0 -9999.0 -9999.0 -9999.0 1.688040876400026 1.688040876400026 1.688040876400026 1.688040876400026 1.688040876400026 1.688040876400026 1.688040876400026 1.688040876400026 0.09528221696069941 0.08700880683280215 0.07873539670490491 0.07046198657700765 0.062188576449110404 0.053915166321213154 0.0456417561933159 0.037368346065418646 0.029094935937521396 0.02082152580962414 0.012548115681726882 0.004274705553815525 0.0 0.0 0.0 0.0 0.0 0.0 0.0 0.0 0.0 0.0 0.0 0.0 0.03783002355813514 0.11610119727360019 0.19437237098906524 0.2726435447045303 0.3509147184199953 0.4291858921354603
-9999.0 -9999.0 -9999.0 -9999.0 -9999.0 -9999.0 1.688040876400026 1.688040876400026 1.688040876400026 1.688040876400026 1.688040876400026 1.688040876400026 1.688040876400026 1.688040876400026 1.688040876400026 0.10532954383953433 0.09618371849493475 0.08703789315033517 0.07789206780573557 0.06874624246113599 0.05960041711653641 0.05045459177193682 0.04130876642733723 0.03216294108273765 0.02301711573813807 0.013871290393538488 0.004725465048923308 0.0 0.0 0.0 0.0 0.0 0.0 0.0 0.0 0.0 0.0 0.0 0.0 0.03437991046923794 0.10551272222983708 0.17664553399043623 0.24777834575103538 0.3189111575116345 0.39004396927223367
-9999.0 -9999.0 -9999.0 -9999.0 -9999.0 -9999.0 -9999.0 1.688040876400026 1.688040876400026 1.688040876400026 1.688040876400026 1.688040876400026 1.688040876400026 1.688040876400026 1.688040876400026 0.11537687071837781 0.10535863015707515 0.0953403895957725 0.08532214903446983 0.07530390847316717 0.06528566791186452 0.055267427350561865 0.045249186789259196 0.03523094622795654 0.025212705666653887 0.015194465105351218 0.00517622454403148 0.0 0.0 0.0 0.0 0.0 0.0 0.0 0.0 0.0 0.0 0.0 0.0 0.030929797380337805 0.09492424718606497 0.15891869699179215 0.2229131467975193 0.2869075966032465 0.35090204640897366
-9999.0 -9999.0 -9999.0 -9999.0 -9999.0 -9999.0 -9999.0 -9999.0 1.688040876400026 1.688040876400026 1.688040876400026 1.688040876400026 1.688040876400026 1.688040876400026 1.688040876400026 0.1630483023066565 0.1527323591674815 0.14241641602830651 0.13210047288913151 0.12178452974995649 0.11146858661078149 0.10115264347160649 0.09083670033243149 0.08052075719325649 0.0702048140540815 0.05988887091490648 0.0495729277757139 0.044047944539134326 0.04364460570621396 0.0432412668732936 0.04283792804037323 0.04243458920745287 0.0420312503745325 0.041627911541612134 0.04122457270869177 0.040821233875771405 0.040417895042851044 0.04001455620993068 0.039611217377010316 0.06855578933463623 0.12887394120189533 0.1891920930691544 0.24951024493641352 0.3098283968036726 0.3701465486709317
-9999.0 -9999.0 -9999.0 -9999.0 -9999.0 -9999.0 -9999.0 -9999.0 -9999.0 1.688040876400026 1.688040876400026 1.688040876400026 1.688040876400026 1.688040876400026 1.688040876400026 0.2509375295990912 0.24093821545685626 0.23093890131462133 0.2209395871723864 0.21094027303015145 0.20094095888791652 0.1909416447456816 0.18094233060344667 0.17094301646121174 0.16094370231897678 0.15094438817674186 0.14094507403448986 0.1351803645320654 0.13394254308467252 0.13270472163727962 0.13146690018988674 0.13022907874249384 0.12899125729510097 0.12775343584770807 0.1265156144003152 0.12527779295292232 0.12403997150552942 0.12280215005813654 0.12156432861074365 0.15008954769845737 0.21043212977484066 0.2707747118512239 0.33111729392760725 0.39145987600399057 0.45180245808037384
-9999.0 -9999.0 -9999.0 -9999.0 -9999.0 -9999.0 -9999.0 -9999.0 -9999.0 -9999.0 1.688040876400026 1.688040876400026 1.688040876400026 1.688040876400026 1.688040876400026 0.3388267568915259 0.329144071746231 0.31946138660093615 0.3097787014556413 0.30009601631034644 0.2904133311650516 0.2807306460197567 0.2710479608744618 0.26136527572916696 0.2516825905838721 0.24199990543857725 0.23231722029326585 0.22631278452499645 0.22424048046313105 0.22216817640126565 0.22009587233940026 0.21802356827753483 0.21595126421566943 0.21387896015380403 0.21180665609193863 0.2097343520300732 0.2076620479682078 0.2055897439063424 0.203517439844477 0.2316233060622785 0.291990318347786 0.3523573306332935 0.412724342918801 0.4730913552043085 0.5334583674898159
-9999.0 -9999.0 -9999.0 -9999.0 -9999.0 -9999.0 -9999.0 -9999.0 -9999.0 -9999.0 -9999.0 1.688040876400026 1.688040876400026 1.688040876400026 1.688040876400026 0.4267159841839606 0.4173499280356058 0.407983871887251 0.3986178157388962 0.3892517595905414 0.37988570344218664 0.37051964729383186 0.36115359114547707 0.35178753499712223 0.34242147884876745 0.33305542270041266 0.3236893665520419 0.3174452045179276 0.3145384178415897 0.3116316311652517 0.3087248444889138 0.30581805781257587 0.3029112711362379 0.30000448445989997 0.29709769778356204 0.29419091110722406 0.29128412443088614 0.28837733775454816 0.28547055107821023 0.31315706442609953 0.3735485069207312 0.43393994941536296 0.49433139190999464 0.5547228344046263 0.615114276899258
-9999.0 -9999.0 -9999.0 -9999.0 -9999.0 -9999.0 -9999.0 -9999.0 -9999.0 -9999.0 -9999.0 1.688040876400026 1.688040876400026 1.688040876400026 1.688040876400026 0.5146052114763953 0.5055557843249806 0.49650635717356584 0.4874569300221511 0.4784075028707364 0.46935807571932164 0.46030864856790693 0.4512592214164922 0.4422097942650775 0.4331603671136628 0.424110939962248 0.4150615128108179 0.4085776245108587 0.40483635522004824 0.40109508592923776 0.3973538166384273 0.39361254734761686 0.3898712780568064 0.3861300087659959 0.3823887394751854 0.37864747018437495 0.3749062008935645 0.37116493160275404 0.36742366231194357 0.3946908227899207 0.45510669549367655 0.5155225681974325 0.5759384409011883 0.6363543136049442 0.6967701863087001
-9999.0 -9999.0 -9999.0 -9999.0 -9999.0 -9999.0 -9999.0 -9999.0 -9999.0 -9999.0 -9999.0 1.688040876400026 1.688040876400026 1.688040876400026 1.688040876400026 0.6024944387688299 0.5937616406143552 0.5850288424598806 0.5762960443054059 0.5675632461509312 0.5588304479964566 0.550097649841982 0.5413648516875074 0.5326320535330327 0.5238992553785581 0.5151664572240834 0.5064336590695938 0.49971004450378975 0.4951342925985068 0.4905585406932238 0.4859827887879408 0.48140703688265785 0.4768312849773748 0.47225553307209184 0.46767978116680886 0.4631040292615259 0.4585282773562429 0.45395252545095993 0.4493767735456769 0.4762245811537418 0.5366648840666219 0.597105186979502 0.657545489892382 0.7179857928052622 0.7784260957181424
-9999.0 -9999.0 -9999.0 -9999.0 -9999.0 -9999.0 -9999.0 -9999.0 -9999.0 -9999.0 -9999.0 -9999.0 1.688040876400026 1.688040876400026 1.688040876400026 0.6903836660613395 0.6819674969038052 0.6735513277462709 0.6651351585887366 0.6567189894312022 0.6483028202736679 0.6398866511161336 0.6314704819585993 0.623054312801065 0.6146381436435306 0.6062219744859964 0.5978058053284477 0.5908424644967986 0.5854322299770424 0.580021995457286 0.5746117609375299 0.5692015264177737 0.5637912918980175 0.5583810573782613 0.552970822858505 0.5475605883387488 0.5421503538189926 0.5367401192992364 0.5313298847794802 0.5577583395176324 0.6182230726396367 0.6786878057616411 0.7391525388836454 0.7996172720056498 0.8600820051276541
