Figures/CREST_Example_wjb_NSE/Rolling_result/20100722/BJP_forecast/ens_42/wjb.rain.20100726.asc
ncols            288
nrows            254
xllcorner        113.274861
yllcorner        31.4918055
cellsize         0.008333333333
NODATA_value     -9999
[rows 162 to 188 of 254, columns 186 to 247 of 288]
0.0 0.0 0.0 0.0 0.0 0.0 0.0 0.0 0.0 0.0 0.0 0.0 0.0 0.0 0.0 0.0 0.0 0.0 0.0 0.0 0.0 0.0 0.0 0.0 0.0 0.0 0.0 0.0 0.0 0.0 0.0 0.0 0.0 0.0 0.0 0.0 0.0 0.0 0.0 0.0 0.0 0.0 0.0 0.0 0.0 0.0 0.0 0.0 0.0 0.0 0.0 0.0 0.0 0.0 0.0 0.0 0.0 0.02097281940958265 0.06436605749488693 0.10775929558019122 0.1511525336654955 0.19454577175087379
0.0 0.0 0.0 0.0 0.0 0.0 0.0 0.0 0.0 0.0 0.0 0.0 0.0 0.0 0.0 0.0 0.0 0.0 0.0 0.0 0.0 0.0 0.0 0.0 0.0 0.0 0.0 0.0 0.0 0.0 0.0 0.0 0.0 0.0 0.0 0.0 0.0 0.0 0.0 0.0 0.0 0.0 0.0 0.0 0.0 0.0 0.0 0.0 0.0 0.0 0.0 0.0 0.0 0.0 0.0 0.0 0.0 0.022155058266822306 0.06799437530813279 0.11383369234944327 0.15967300939075377 0.2055123264321424
0.0 0.0 0.0 0.0 0.0 0.0 0.0 0.0 0.0 0.0 0.0 0.0 0.0 0.0 0.0 0.0 0.0 0.0 0.0 0.0 0.0 0.0 0.0 0.0 0.0 0.0 0.0 0.0 0.0 0.0 0.0 0.0 0.0 0.0 0.0 0.0 0.0 0.0 0.0 0.0 0.0 0.0 0.0 0.0 0.0 0.0 0.0 0.0 0.0 0.0 0.0 0.0 0.0 0.0 0.0 0.0 0.0 0.023337297124060963 0.07162269312137558 0.11990808911869019 0.1681934851160048 0.21647888111340174
0.0 0.0 0.0 0.0 0.0 0.0 0.0 0.0 0.0 0.0 0.0 0.0 0.0 0.0 0.0 0.0 0.0 0.0 0.0 0.0 0.0 0.0 0.0 0.0 0.0 0.0 0.0 0.0 0.0 0.0 0.0 0.0 0.0 0.0 0.0 0.0 0.0 0.0 0.0 0.0 0.0 0.0 0.0 0.0 0.0 0.0 0.0 0.0 0.0 0.0 0.0 0.0 0.0 0.0 0.0 0.0 0.0 0.024519535981299617 0.07525101093461836 0.1259824858879371 0.17671396084125585 0.2274454357946611
0.0 0.0 0.0 0.0 0.0 0.0 0.0 0.0 0.0 0.0 0.0 0.0 0.0 0.0 0.0 0.0 0.0 0.0 0.0 0.0 0.0 0.0 0.0 0.0 0.0 0.0 0.0 0.0 0.0 0.0 0.0 0.0 0.0 0.0 0.0 0.0 0.0 0.0 0.0 0.0 0.0 0.0 0.0 0.0 0.0 0.0 0.0 0.0 0.0 0.0 0.0 0.0 0.0 0.0 0.0 0.0 0.0 0.02570177483853827 0.07887932874786113 0.132056882657184 0.18523443656650684 0.2384119904759204
0.0 0.0 0.0 0.0 0.0 0.0 0.0 0.0 0.0 0.0 0.0 0.0 0.0 0.0 0.0 0.0 0.0 0.0 0.0 0.0 0.0 0.0 0.0 0.0 0.0 0.0 0.0 0.0 0.0 0.0 0.0 0.0 0.0 0.0 0.0 0.0 0.0 0.0 0.0 0.0 0.0 0.0 0.0 0.0 0.0 0.0 0.0 0.0 0.0 0.0 0.0 0.0 0.0 0.0 0.0 0.0 0.0 0.02688401369577692 0.0825076465611039 0.1381312794264309 0.19375491229175787 0.24937854515717972
0.0 0.0 0.0 0.0 0.0 0.0 0.0 0.0 0.0 0.0 0.0 0.0 0.0 0.0 0.0 0.0 0.0 0.0 0.0 0.0 0.0 0.0 0.0 0.0 0.0 0.0 0.0 0.0 0.0 0.0 0.0 0.0 0.0 0.0 0.0 0.0 0.0 0.0 0.0 0.0 0.0 0.0 0.0 0.0 0.0 0.0 0.0 0.0 0.0 0.0 0.0 0.0 0.0 0.0 0.0 0.0 0.0 0.028066252553015578 0.08613596437434669 0.1442056761956778 0.20227538801700892 0.26034509983843906
0.030728381509888453 0.0271203580216585 0.02351233453342854 0.019904311045198582 0.016296287556968627 0.012688264068738669 0.009080240580508714 0.0054722170922787555 0.0018641936040487972 0.0003488292312679957 0.0010705648037620263 0.0017923003762560568 0.002514035948750087 0.003235771521244118 0.003957507093738148 0.004679242666232179 0.00540097823872621 0.00612271381122024 0.00684444938371427 0.007566184956208301 0.008287920528702331 0.008493487908354176 0.00814725980939537 0.007801031710437156 0.007454803611478942 0.007108575512520728 0.006762347413562514 0.0064161193146043 0.006069891215646085 0.0057236631166878715 0.005377435017729658 0.0050312069187714425 0.004684978819813229 0.004324599413790695 0.003949091940254932 0.0035735844667185287 0.0031980769931827654 0.002822569519647003 0.0024470620461112397 0.002071554572575477 0.001696047099039714 0.001320539625503951 0.0009450321519681878 0.0005695246784324249 0.00019401720489666246 0.0 0.0 0.0 0.0 0.0 0.0 0.0 0.0 0.0 0.0 0.0 0.0 0.23761610033559988 0.23761610033559988 0.23761610033559988 0.23761610033559988 0.23761610033559988
0.09430346590971964 0.08323066925382454 0.07215787259792944 0.061085075942034356 0.05001227928613926 0.038939482630244174 0.027866685974349076 0.016793889318453978 0.00572109266255888 0.0010705349225311204 0.0032854959003691584 0.005500456878207196 0.007715417856045234 0.009930378833883272 0.01214533981172131 0.014360300789559348 0.016575261767397386 0.018790222745235424 0.021005183723073462 0.0232201447009115 0.025435105678749535 0.026065979009091054 0.025003426797656107 0.023940874586222974 0.022878322374789838 0.0218157701633567 0.020753217951923565 0.019690665740490432 0.018628113529057296 0.01756556131762416 0.016503009106191027 0.01544045689475789 0.014377904683324755 0.013271923002529929 0.01211951423612519 0.010967105469718488 0.009814696703313749 0.00866228793690901 0.00750987917050427 0.006357470404099532 0.005205061637694793 0.004052652871290054 0.0029002441048853154 0.0017478353384805766 0.0005954265720758377 0.0 0.0 0.0 0.0 0.0 0.0 0.0 0.0 0.0 0.0 0.0 0.0 0.23761610033559988 0.23761610033559988 0.23761610033559988 0.23761610033559988 0.23761610033559988
0.1578785503094966 0.13934098048594273 0.12080341066238887 0.10226584083883501 0.08372827101528116 0.06519070119172729 0.04665313136817342 0.028115561544619555 0.009577991721065687 0.0017922406137936304 0.005500426996974404 0.009208613380155177 0.012916799763335951 0.016624986146516724 0.020333172529697498 0.024041358912878272 0.027749545296059046 0.03145773167923982 0.035165918062420594 0.03887410444560137 0.042582290828782135 0.04363847010981296 0.04185959378590248 0.04008071746199504 0.03830184113808759 0.036522964814180145 0.034744088490272704 0.032965212166365256 0.031186335842457807 0.029407459518550366 0.027628583194642918 0.025849706870735473 0.024070830546828025 0.022219246591261545 0.020289936531988493 0.01836062647271215 0.016431316413439097 0.014502006354166043 0.01257269629489299 0.010643386235619936 0.008714076176346883 0.006784766117073831 0.004855456057800776 0.002926145998527724 0.000996835939254672 0.0 0.0 0.0 0.0 0.0 0.0 0.0 0.0 0.0 0.0 0.0 0.0 0.23761610033559988 0.23761610033559988 0.23761610033559988 0.23761610033559988 0.23761610033559988
0.22145363470927357 0.19545129171806092 0.1694489487268483 0.14344660573563567 0.11744426274442304 0.0914419197532104 0.06543957676199777 0.03943723377078512 0.013434890779572495 0.0025139463050561405 0.0077153580935796495 0.012916769882103158 0.018118181670626666 0.023319593459150176 0.028521005247673686 0.033722417036197196 0.0389238288247207 0.044125240613244215 0.04932665240176772 0.05452806419029123 0.05972947597881474 0.061210961210534875 0.05871576077414886 0.05622056033776711 0.05372535990138535 0.051230159465003595 0.048734959028621835 0.04623975859224008 0.04374455815585833 0.04124935771947657 0.03875415728309481 0.036258956846713056 0.0337637564103313 0.03116657017999316 0.028460358827851792 0.025754147475705813 0.023047936123564445 0.020341724771423077 0.01763551341928171 0.01492930206714034 0.012223090714998972 0.009516879362857607 0.006810668010716239 0.004104456658574871 0.001398245306433503 0.0 0.0 0.0 0.0 0.0 0.0 0.0 0.0 0.0 0.0 0.0 0.0 0.23761610033559988 0.23761610033559988 0.23761610033559988 0.23761610033559988 0.23761610033559988
0.28502871910905053 0.25156160295017915 0.21809448679130772 0.18462737063243634 0.1511602544735649 0.11769313831469352 0.08422602215582214 0.05075890599695071 0.01729178983807933 0.00323565199631865 0.009930289190184894 0.01662492638405114 0.023319563577917382 0.030014200771783628 0.036708837965649874 0.04340347515951611 0.05009811235338236 0.056792749547248604 0.06348738674111484 0.07018202393498109 0.07687666112884733 0.07878345231125679 0.07557192776239524 0.07236040321353918 0.06914887866468311 0.06593735411582705 0.06272582956697097 0.0595143050181149 0.05630278046925884 0.05309125592040277 0.04987973137154671 0.046668206822690635 0.04345668227383457 0.040113893768724776 0.036630781123715095 0.033147668478699474 0.029664555833689793 0.026181443188680112 0.02269833054367043 0.019215217898660746 0.015732105253651065 0.012248992608641384 0.0087658799636317 0.005282767318622018 0.0017996546736123373 0.0 0.0 0.0 0.0 0.0 0.0 0.0 0.0 0.0 0.0 0.0 0.0 0.23761610033559988 0.23761610033559988 0.23761610033559988 0.23761610033559988 0.23761610033559988
0.34860380350882747 0.30767191418229733 0.26674002485576714 0.225808135529237 0.18487624620270682 0.14394435687617663 0.10301246754964649 0.0620805782231163 0.02114868889658611 0.00395735768758116 0.01214522028679014 0.02033308288599912 0.028520945485208102 0.03670880808441708 0.04489667068362606 0.05308453328283504 0.06127239588204402 0.069460258481253 0.07764812108046198 0.08583598367967096 0.09402384627887994 0.0963559434119787 0.09242809475064163 0.08850024608931126 0.08457239742798087 0.08064454876665049 0.07671670010532011 0.07278885144398974 0.06886100278265936 0.06493315412132897 0.0610053054599986 0.05707745679866822 0.053149608137337837 0.049061217357456395 0.0448012034195784 0.040541189481693135 0.036281175543815145 0.03202116160593715 0.02776114766805915 0.023501133730181152 0.019241119792303155 0.014981105854425164 0.010721091916547167 0.006461077978669169 0.0022010640407911716 0.0 0.0 0.0 0.0 0.0 0.0 0.0 0.0 0.0 0.0 0.0 0.0 0.23761610033559988 0.23761610033559988 0.23761610033559988 0.23761610033559988 0.23761610033559988
0.41217888790860446 0.3637822254144155 0.31538556292022657 0.2669889004260376 0.21859223793184868 0.17019557543765973 0.12179891294347084 0.07340225044928184 0.02500558795509289 0.004679063378843671 0.014360151383395386 0.024041239387947104 0.03372232739249882 0.04340341539705053 0.05308450340160225 0.06276559140615397 0.07244667941070568 0.0821277674152574 0.09180885541980911 0.10148994342436084 0.11117103142891255 0.11392843451270061 0.10928426173888801 0.10464008896508331 0.09999591619127862 0.09535174341747393 0.09070757064366924 0.08606339786986456 0.08141922509605987 0.07677505232225518 0.07213087954845049 0.0674867067746458 0.06284253400084111 0.05800854094618801 0.0529716257154417 0.047934710484686796 0.04289779525394049 0.03786088002319418 0.03282396479244787 0.027787049561701554 0.022750134330955248 0.017713219100208934 0.012676303869462627 0.007639388638716313 0.002602473407970006 0.0 0.0 0.0 0.0 0.0 0.0 0.0 0.0 0.0 0.0 0.0 0.0 0.23761610033559988 0.23761610033559988 0.23761610033559988 0.23761610033559988 0.23761610033559988
0.47575397230843564 0.41989253664658155 0.36403110098472746 0.30816966532287343 0.25230822966101935 0.19644679399916526 0.14058535833731123 0.08472392267545714 0.028862487013603055 0.005400769070106796 0.016575082480002522 0.027749395889898245 0.03892370929979397 0.050098022709689695 0.06127233611958542 0.07244664952948114 0.08362096293937687 0.0947952763492726 0.10596958975916833 0.11714390316906405 0.12831821657895978 0.1315009256134375 0.12614042872714876 0.12077993184086915 0.11541943495458953 0.11005893806830994 0.10469844118203031 0.09933794429575071 0.09397744740947109 0.08861695052319149 0.08325645363691188 0.07789595675063227 0.07253545986435266 0.06695586453492726 0.06114204801131197 0.05532823148768677 0.04951441496407148 0.04370059844045619 0.0378867819168409 0.03207296539322562 0.02625914886961033 0.02044533234599504 0.014631515822379752 0.00881769929876447 0.0030038827751491803 0.0 0.0 0.0 0.0 0.0 0.0 0.0 0.0 0.0 0.0 0.0 0.0 0.23761610033559988 0.23761610033559988 0.23761610033559988 0.23761610033559988 0.23761610033559988
0.5393290567082126 0.4760028478786998 0.41267663904918694 0.34935043021967405 0.2860242213901612 0.22269801256064836 0.15937180373113558 0.09604559490162268 0.03271938607210978 0.006122474761369305 0.018790013576607766 0.03145755239184622 0.04412509120708468 0.05679263002232314 0.0694601688375616 0.08212770765280006 0.09479524646803852 0.10746278528327698 0.12013032409851544 0.1327978629137539 0.14546540172899236 0.1490734167141594 0.14299659571539514 0.1369197747166412 0.1308429537178873 0.12476613271913337 0.11868931172037944 0.11261249072162552 0.1065356697228716 0.10045884872411767 0.09438202772536375 0.08830520672660984 0.08222838572785592 0.07590318812365886 0.06931247030717526 0.06272175249068042 0.05613103467419682 0.04954031685771322 0.04294959904122962 0.036358881224746016 0.029768163408262417 0.02317744559177882 0.016586727775295212 0.009996009958811614 0.0034052921423280147 0.0 0.0 0.0 0.0 0.0 0.0 0.0 0.0 0.0 0.0 0.0 0.0 0.23761610033559988 0.23761610033559988 0.23761610033559988 0.23761610033559988 0.23761610033559988
0.6029041411079896 0.5321131591108179 0.46132217711364637 0.3905311951164747 0.3197402131193031 0.24894923112213152 0.17815824912495992 0.10736726712778821 0.036576285130616615 0.006844180452631816 0.02100494467321301 0.03516570889379421 0.0493264731143754 0.06348723733495659 0.07764800155553779 0.09180876577611899 0.10596952999670019 0.12013029421728137 0.13429105843786257 0.14845182265844376 0.16261258687902497 0.16664590781488134 0.15985276270364152 0.15305961759241327 0.14626647248118504 0.13947332736995682 0.13268018225872857 0.12588703714750035 0.11909389203627213 0.11230074692504388 0.10550760181381566 0.09871445670258742 0.09192131159135919 0.0848505117123905 0.07748289260303858 0.0701152734936741 0.06274765438432217 0.05538003527497026 0.04801241616561835 0.04064479705626643 0.03327717794691452 0.025909558837562602 0.01854193972821068 0.011174320618858771 0.003806701509506849 0.0 0.0 0.0 0.0 0.0 0.0 0.0 0.0 0.0 0.0 0.0 0.0 0.23761610033559988 0.23761610033559988 0.23761610033559988 0.23761610033559988 0.23761610033559988
0.6664792255077665 0.5882234703429361 0.5099677151781058 0.4317119600132754 0.353456204848445 0.27520044968361457 0.19694469451878427 0.11868893935395386 0.04043318418912345 0.007565886143894325 0.023219875769818255 0.03887386539574218 0.05452785502166611 0.07018184464759004 0.08583583427351398 0.1014898238994379 0.11714381352536184 0.13279780315128575 0.14845179277720968 0.16410578240313362 0.17975977202905755 0.18421839891560324 0.1767089296918879 0.16919946046818535 0.1616899912444828 0.15418052202078025 0.1466710527970777 0.13916158357337516 0.13165211434967264 0.12414264512597009 0.11663317590226754 0.109123706678565 0.10161423745486246 0.0937978353011221 0.08565331489890186 0.07750879449666775 0.06936427409444752 0.06121975369222729 0.05307523329000706 0.044930712887786835 0.0367861924855666 0.02864167208334638 0.020497151681126147 0.012352631278905915 0.004208110876685683 0.0 0.0 0.0 0.0 0.0 0.0 0.0 0.0 0.0 0.0 0.0 0.0 0.23761610033559988 0.23761610033559988 0.23761610033559988 0.23761610033559988 0.23761610033559988
0.7300543099075435 0.6443337815750543 0.5586132532425652 0.47289272491007606 0.38717219657758684 0.3014516682450977 0.21573113991260862 0.1300106115801194 0.044290083247630285 0.008287591835156836 0.025434806866423503 0.04258202189769017 0.05972923692895684 0.07687645196022351 0.09402366699149017 0.11117088202275684 0.1283180970540235 0.14546531208529018 0.16261252711655685 0.1797597421478235 0.19690695717909018 0.20179089001632514 0.19356509668013427 0.1853393033439574 0.17711351000778056 0.1688877166716037 0.16066192333542684 0.15243612999925 0.14421033666307315 0.1359845433268963 0.12775874999071943 0.11953295665454258 0.11130716331836572 0.10274515888985371 0.09382373719476517 0.0849023154996614 0.07598089380457286 0.06705947210948432 0.05813805041439577 0.04921662871930723 0.04029520702421868 0.03137378532913014 0.0224523636340416 0.013530941938953045 0.004609520243864504 0.0 0.0 0.0 0.0 0.0 0.0 0.0 0.0 0.0 0.0 0.0 0.0 0.23761610033559988 0.23761610033559988 0.23761610033559988 0.23761610033559988 0.23761610033559988
0.7363357938898019 0.6498777147773722 0.5634196356649425 0.4769615565525128 0.39050347744008307 0.3040453983276534 0.21758731921522367 0.13112924010279403 0.04467116099036428 0.008311639064576253 0.02550860835763122 0.04270557765068619 0.05990254694374115 0.07709951623679612 0.09429648552985108 0.11149345482290604 0.12869042411596102 0.145887393409016 0.16308436270207094 0.18028133199512592 0.19747830128818086 0.2023764053172098 0.19412674406577327 0.1858770828143508 0.17762742156292832 0.16937776031150586 0.1611280990600834 0.15287843780866092 0.14462877655723846 0.13637911530581598 0.12812945405439352 0.11987979280297105 0.11163013155154858 0.10304328365959413 0.0940959756179629 0.08514866757631642 0.07620135953468521 0.06725405149305397 0.058306743451422754 0.04935943540979153 0.0404121273681603 0.031464819326529087 0.02251751128489786 0.013570203243266632 0.004622895201635405 0.0 0.0 0.0 0.0 0.0 0.0 0.0 0.0 0.0 0.0 0.0 0.0 0.23761610033559988 0.23761610033559988 0.23761610033559988 0.23761610033559988 0.23761610033559988
0.6813740303740357 0.6013693771817317 0.5213647239894277 0.4413600707971237 0.3613554176048197 0.2813507644125156 0.20134611122021162 0.12134145802790763 0.041336804835603536 0.007589933373313743 0.02329367726102597 0.0389974211487382 0.05470116503645043 0.07040490892416265 0.08610865281187488 0.10181239669958711 0.11751614058729934 0.13321988447501157 0.1489236283627238 0.16462737225043603 0.18033111613814826 0.1848039142164879 0.1772705770775269 0.16973723993857873 0.16220390279963057 0.1546705656606824 0.14713722852173425 0.1396038913827861 0.13207055424383796 0.12453721710488978 0.11700387996594162 0.10947054282699346 0.1019372056880453 0.09409596007086252 0.08592555332209961 0.07775514657332276 0.06958473982455986 0.06141433307579695 0.053243926327034036 0.045073519578271125 0.036903112829508214 0.02873270608074531 0.020562299331982392 0.012391892583219488 0.00422148583445657 0.0 0.0 0.0 0.0 0.0 0.0 0.0 0.0 0.0 0.0 0.0 0.0 0.23761610033559988 0.23761610033559988 0.23761610033559988 0.23761610033559988 0.23761610033559988
0.6264122668582227 0.5528610395860498 0.47930981231387704 0.4057585850417042 0.33220735776953136 0.2586561304973586 0.1851049032251857 0.11155367595301291 0.03800244868084002 0.006868227682050617 0.021078746164418835 0.035289264646787055 0.049499783129155275 0.0637103016115235 0.07792082009389172 0.09213133857625994 0.10634185705862814 0.12055237554099636 0.13476289402336458 0.14897341250573282 0.16318393098810102 0.16723142311575098 0.16041441008926613 0.1535973970627929 0.14678038403631966 0.13996337100984643 0.13314635798337318 0.12632934495689996 0.11951233193042672 0.11269531890395348 0.10587830587748025 0.09906129285100702 0.09224427982453379 0.08514863648212329 0.07775513102622934 0.0703616255703228 0.06296812011442887 0.05557461465853494 0.04818110920264101 0.04078760374674707 0.03339409829085314 0.026000592834959202 0.018607087379065274 0.011213581923171345 0.003820076467277403 0.0 0.0 0.0 0.0 0.0 0.0 0.0 0.0 0.0 0.0 0.0 0.0 0.23761610033559988 0.23761610033559988 0.23761610033559988 0.23761610033559988 0.23761610033559988
0.5714505033424566 0.5043527019904094 0.4372549006383622 0.370157099286315 0.3030592979342679 0.23596149658222065 0.16886369523017353 0.1017658938781264 0.034668092526079164 0.006146521990788107 0.01886381506781359 0.031581108144839075 0.044298401221864556 0.057015694298890036 0.06973298737591552 0.082450280452941 0.09516757352996648 0.10788486660699197 0.12060215968401745 0.13331945276104293 0.14603674583806842 0.14965893201502908 0.14355824310101975 0.13745755418702083 0.1313568652730219 0.12525617635902297 0.11915548744502405 0.11305479853102512 0.1069541096170262 0.10085342070302727 0.09475273178902835 0.08865204287502944 0.08255135396103051 0.07620131289339166 0.06958470873036604 0.06296810456732915 0.05635150040430353 0.04973489624127791 0.04311829207825229 0.03650168791522667 0.02988508375220105 0.023268479589175432 0.016651875426149806 0.010035271263124187 0.0034186671000985686 0.0 0.0 0.0 0.0 0.0 0.0 0.0 0.0 0.0 0.0 0.0 0.0 0.23761610033559988 0.23761610033559988 0.23761610033559988 0.23761610033559988 0.23761610033559988
0.5164887398266904 0.4558443643947689 0.3951999889628474 0.3345556135309259 0.2739112380990044 0.21326686266708295 0.15262248723516136 0.09197811180323989 0.03133373637131842 0.005424816299525598 0.016648883971208346 0.027872951642891095 0.03909701931457384 0.05032108698625659 0.06154515465793934 0.07276922232962209 0.08399329000130484 0.09521735767298758 0.10644142534467034 0.11766549301635308 0.12888956068803584 0.13208644091430716 0.12670207611277337 0.12131771131124876 0.11593334650972414 0.11054898170819953 0.10516461690667492 0.0997802521051503 0.09439588730362569 0.08901152250210108 0.08362715770057647 0.07824279289905185 0.07285842809752724 0.06725398930466005 0.061414286434502745 0.05557458356433548 0.049734880694178175 0.04389517782402087 0.03805547495386356 0.03221577208370626 0.02637606921354896 0.02053636634339165 0.014696663473234346 0.008856960603077037 0.003017257732919734 0.0 0.0 0.0 0.0 0.0 0.0 0.0 0.0 0.0 0.0 0.0 0.0 0.23761610033559988 0.23761610033559988 0.23761610033559988 0.23761610033559988 0.23761610033559988
0.4615269763109242 0.4073360267991284 0.3531450772873326 0.29895412777553676 0.24476317826374094 0.19057222875194513 0.1363812792401493 0.0821903297283535 0.02799938021655768 0.004703110608263087 0.0144339528746031 0.02416479514094311 0.03389563740728312 0.04362647967362314 0.05335732193996315 0.06308816420630316 0.07281900647264318 0.08254984873898319 0.0922806910053232 0.10201153327166321 0.11174237553800323 0.11451394981358526 0.10984590912452699 0.10517786843547669 0.10050982774642639 0.09584178705737609 0.09117374636832579 0.08650570567927549 0.08183766499022518 0.07716962430117487 0.07250158361212457 0.06783354292307427 0.06316550223402395 0.058306665715928435 0.05324386413863944 0.04818106256134182 0.04311826098405283 0.03805545940676384 0.032992657829474845 0.02792985625218586 0.022867054674896865 0.01780425309760788 0.012741451520318886 0.007678649943029893 0.002615848365740907 0.0 0.0 0.0 0.0 0.0 0.0 0.0 0.0 0.0 0.0 0.0 0.0 0.23761610033559988 0.23761610033559988 0.23761610033559988 0.23761610033559988 0.23761610033559988
0.40656521279515806 0.3588276892034879 0.31109016561181774 0.26335264202014763 0.21561511842847747 0.1678775948368073 0.12014007124513715 0.07240254765346699 0.024665024061796825 0.003981404917000578 0.012219021777997855 0.020456638638995134 0.02869425549999241 0.03693187236098969 0.045169489221986964 0.05340710608298424 0.06164472294398152 0.0698823398049788 0.07811995666597607 0.08635757352697335 0.09459519038797062 0.09694145871286335 0.09298974213628061 0.08903802555970462 0.08508630898312863 0.08113459240655263 0.07718287582997665 0.07323115925340065 0.06927944267682466 0.06532772610024867 0.06137600952367268 0.05742429294709669 0.05347257637052069 0.049359342127196816 0.04507344184277614 0.040787541558348156 0.03650164127392748 0.0322157409895068 0.027929840705086126 0.02364394042066545 0.019358040136244772 0.015072139851824096 0.010786239567403419 0.006500339282982742 0.0022144389985620655 0.0 0.0 0.0 0.0 0.0 0.0 0.0 0.0 0.0 0.0 0.0 0.0 0.23761610033559988 0.23761610033559988 0.23761610033559988 0.23761610033559988 0.23761610033559988
0.3516034492793918 0.31031935160784735 0.2690352539363029 0.2277511562647584 0.18646705859321394 0.14518296092166944 0.10389886325012498 0.06261476557858053 0.021330667907036027 0.0032596992257380676 0.010004090681392611 0.016748482137047153 0.023492873592701694 0.03023726504835624 0.03698165650401078 0.04372604795966532 0.05047043941531987 0.057214830870974405 0.06395922232662894 0.07070361378228349 0.07744800523793803 0.07936896761214143 0.07613357514803423 0.07289818268393256 0.06966279021983088 0.0664273977557292 0.06319200529162751 0.05995661282752583 0.05672122036342415 0.05348582789932246 0.050250435435220786 0.0470150429711191 0.043779650507017424 0.040412018538465204 0.03690301954691284 0.033394020555354495 0.02988502156380213 0.026376022572249767 0.022867023580697407 0.019358024589145043 0.015849025597592683 0.012340026606040319 0.008831027614487959 0.005322028622935598 0.0018130296313832311 0.0 0.0 0.0 0.0 0.0 0.0 0.0 0.0 0.0 0.0 0.0 0.0 0.23761610033559988 0.23761610033559988 0.23761610033559988 0.23761610033559988 0.23761610033559988
