Figures/CREST_Example_wjb_NSE/Rolling_result/20100722/raw_forecast/ens_2/wjb.rain.20100422.asc
ncols            288
nrows            254
xllcorner        113.274861
yllcorner        31.4918055
cellsize         0.008333333333
NODATA_value     -9999
[rows 130 to 155 of 254, columns 174 to 231 of 288]
0.045276083196821096 0.045276083196821096 0.045276083196821096 0.045276083196821096 0.045276083196821096 0.045276083196821096 0.045276083196821096 0.045276083196821096 0.045276083196821096 0.04885532100044508 0.056260844996614656 0.06366636899278423 0.0710718929889538 0.07847741698512337 0.08588294098129295 0.09328846497746252 0.1006939889736321 0.10809951296980166 0.11550503696597124 0.12291056096214081 0.13031608495831037 0.12963321732450656 0.12030367602123458 0.11097413471796261 0.10164459341469065 0.09231505211141867 0.0829855108081467 0.07365596950487474 0.06432642820160277 0.054996886898330793 0.045667345595058834 0.03633780429178686 0.027008262988514886 0.022187875510679748 0.022187875510679748 0.022187875510679748 0.022187875510679748 0.022187875510679748 0.022187875510679748 0.022187875510679748 0.022187875510679748 0.022187875510679748 0.022187875510679748 0.022187875510679748 0.022187875510679748 0.02129422186092857 0.019445232235112953 0.017596242609294183 0.015747252983478562 0.013898263357662944 0.012049273731847325 0.010200284106031706 0.008351294480216088 0.0065023048544004675 0.004653315228584851 0.0028043256027692302 0.0009553359769536134 0.0
0.036777045412320346 0.036777045412320346 0.036777045412320346 0.036777045412320346 0.036777045412320346 0.036777045412320346 0.036777045412320346 0.036777045412320346 0.036777045412320346 0.04001666621886103 0.0467195149642102 0.053422363709559356 0.060125212454908525 0.06682806120025768 0.07353090994560685 0.080233758690956 0.08693660743630517 0.09363945618165434 0.1003423049270035 0.10704515367235265 0.1137480024177018 0.1134782404950206 0.1057545999980995 0.0980309595011784 0.09030731900425731 0.08258367850733622 0.07486003801041512 0.06713639751349401 0.05941275701657293 0.05168911651965183 0.04396547602273074 0.03624183552580963 0.02851819502888854 0.024527544392977677 0.024527544392977677 0.024527544392977677 0.024527544392977677 0.024527544392977677 0.024527544392977677 0.024527544392977677 0.024527544392977677 0.024527544392977677 0.024527544392977677 0.024527544392977677 0.024527544392977677 0.023539656681255655 0.021495694648589716 0.019451732615920293 0.017407770583254354 0.015363808550588417 0.013319846517922477 0.01127588448525654 0.0092319224525906 0.007187960419924661 0.005143998387258725 0.003100036354592786 0.0010560743219268469 0.0
0.028278007627826843 0.028278007627826843 0.028278007627826843 0.028278007627826843 0.028278007627826843 0.028278007627826843 0.028278007627826843 0.028278007627826843 0.028278007627826843 0.03117801143728453 0.03717818493181388 0.043178358426343225 0.04917853192087258 0.05517870541540193 0.061178878909931275 0.06717905240446063 0.07317922589898998 0.07917939939351933 0.08517957288804867 0.09117974638257803 0.09717991987710738 0.09732326366554842 0.09120552397497683 0.08508778428440524 0.07897004459383364 0.07285230490326206 0.06673456521269044 0.06061682552211886 0.05449908583154727 0.048381346140975674 0.042263606450404084 0.03614586675983249 0.03002812706926089 0.026867213275273614 0.026867213275273614 0.026867213275273614 0.026867213275273614 0.026867213275273614 0.026867213275273614 0.026867213275273614 0.026867213275273614 0.026867213275273614 0.026867213275273614 0.026867213275273614 0.026867213275273614 0.02578509150158083 0.023546157062064733 0.021307222622544825 0.019068288183028734 0.01682935374351264 0.014590419303996549 0.012351484864480457 0.010112550424964364 0.007873615985448272 0.00563468154593218 0.003395747106416089 0.0011568126668999971 0.0
0.022924770486281762 0.022924770486281762 0.022924770486281762 0.022924770486281762 0.022924770486281762 0.022924770486281762 0.022924770486281762 0.022924770486281762 0.022924770486281762 0.025539567957293525 0.03094964308476762 0.036359718212241716 0.04176979333971581 0.04717986846718991 0.052589943594664 0.0580000187221381 0.06341009384961219 0.06882016897708629 0.07423024410456039 0.07964031923203449 0.08505039435950858 0.08539280287970596 0.0803177611300098 0.07524271938031363 0.07016767763061744 0.06509263588092128 0.060017594131225094 0.054942552381528925 0.04986751063183275 0.044792468882136574 0.039717427132440405 0.03464238538274423 0.029567343633048054 0.02694517101978717 0.02694517101978717 0.02694517101978717 0.02694517101978717 0.02694517101978717 0.02694517101978717 0.02694517101978717 0.02694517101978717 0.02694517101978717 0.02694517101978717 0.02694517101978717 0.02694517101978717 0.025859909368061564 0.02361447844983627 0.021369047531607146 0.019123616613381855 0.01687818569515656 0.014632754776931267 0.012387323858705973 0.010141892940480679 0.007896462022255388 0.005651031104030094 0.0034056001858048003 0.0011601692675795063 0.0
0.020934195919093384 0.020934195919093384 0.020934195919093384 0.020934195919093384 0.020934195919093384 0.020934195919093384 0.020934195919093384 0.020934195919093384 0.020934195919093384 0.023321948615665236 0.028262262967921423 0.03320257732017761 0.0381428916724338 0.043083206024689985 0.04802352037694617 0.05296383472920235 0.057904149081458536 0.06284446343371473 0.06778477778597092 0.0727250921382271 0.07766540649048329 0.07797808342875268 0.07334371126135002 0.06870933909394736 0.0640749669265447 0.05944059475914203 0.05480622259173937 0.05017185042433671 0.04553747825693405 0.040903106089531384 0.036268733922128725 0.03163436175472606 0.0269999895873234 0.024605502137491235 0.024605502137491235 0.024605502137491235 0.024605502137491235 0.024605502137491235 0.024605502137491235 0.024605502137491235 0.024605502137491235 0.024605502137491235 0.024605502137491235 0.024605502137491235 0.024605502137491235 0.023614474547736394 0.021564016036361253 0.019513557524982617 0.017463099013607476 0.015412640502232336 0.013362181990857196 0.011311723479482056 0.009261264968106916 0.007210806456731774 0.005160347945356636 0.003109889433981494 0.0010594309226063525 0.0
0.018943621351905002 0.018943621351905002 0.018943621351905002 0.018943621351905002 0.018943621351905002 0.018943621351905002 0.018943621351905002 0.018943621351905002 0.018943621351905002 0.021104329274036947 0.025574882851075224 0.030045436428113505 0.03451599000515178 0.03898654358219006 0.04345709715922834 0.04792765073626662 0.0523982043133049 0.056868757890343166 0.06133931146738145 0.06580986504441973 0.07028041862145801 0.0705633639777994 0.06636966139269024 0.062175958807581096 0.05798225622247194 0.05378855363736279 0.04959485105225364 0.04540114846714449 0.04120744588203534 0.037013743296926194 0.032820040711817045 0.02862633812670789 0.02443263554159874 0.022265833255195298 0.022265833255195298 0.022265833255195298 0.022265833255195298 0.022265833255195298 0.022265833255195298 0.022265833255195298 0.022265833255195298 0.022265833255195298 0.022265833255195298 0.022265833255195298 0.022265833255195298 0.02136903972741122 0.019513553622886235 0.017658067518358085 0.0158025814138331 0.013947095309308112 0.012091609204783126 0.010236123100258138 0.008380636995733153 0.006525150891208167 0.004669664786683181 0.0028141786821581916 0.0009586925776332057 0.0
0.016953046784716624 0.016953046784716624 0.016953046784716624 0.016953046784716624 0.016953046784716624 0.016953046784716624 0.016953046784716624 0.016953046784716624 0.016953046784716624 0.018886709932408662 0.02288750273422903 0.0268882955360494 0.03088908833786977 0.03488988113969013 0.0388906739415105 0.04289146674333087 0.046892259545151235 0.050893052346971605 0.054893845148791975 0.058894637950612345 0.06289543075243272 0.0631486445268461 0.05939561152403046 0.05564257852121482 0.05188954551839918 0.04813651251558354 0.04438347951276791 0.04063044650995227 0.036877413507136636 0.033124380504321 0.029371347501505357 0.025618314498689718 0.021865281495874078 0.019926164372899364 0.019926164372899364 0.019926164372899364 0.019926164372899364 0.019926164372899364 0.019926164372899364 0.019926164372899364 0.019926164372899364 0.019926164372899364 0.019926164372899364 0.019926164372899364 0.019926164372899364 0.019123604907086054 0.01746309120941122 0.015802577511733557 0.014142063814058723 0.01248155011638389 0.010821036418709056 0.009160522721034223 0.007500009023359389 0.005839495325684556 0.004178981628009722 0.002518467930334889 0.0008579542326600555 0.0
0.014962472217526548 0.014962472217526548 0.014962472217526548 0.014962472217526548 0.014962472217526548 0.014962472217526548 0.014962472217526548 0.014962472217526548 0.014962472217526548 0.016669090590778483 0.020200122617380543 0.0237311546439826 0.027262186670584658 0.030793218697186722 0.03432425072378878 0.03785528275039084 0.041386314776992894 0.04491734680359496 0.048448378830197016 0.05197941085679907 0.05551044288340113 0.05573392507588649 0.05242156165536474 0.049109198234842985 0.04579683481432124 0.04248447139379949 0.039172107973277734 0.03585974455275599 0.03254738113223424 0.02923501771171249 0.02592265429119074 0.022610290870668993 0.01929792745014724 0.01758649549060143 0.01758649549060143 0.01758649549060143 0.01758649549060143 0.01758649549060143 0.01758649549060143 0.01758649549060143 0.01758649549060143 0.01758649549060143 0.01758649549060143 0.01758649549060143 0.01758649549060143 0.016878170086758966 0.015412628795934453 0.01394708750510744 0.012481546214282928 0.011016004923458413 0.0095504636326339 0.008084922341809388 0.006619381050984873 0.00515383976016036 0.0036882984693358475 0.002222757178511333 0.0007572158876868219 0.0
0.012971897650338168 0.012971897650338168 0.012971897650338168 0.012971897650338168 0.012971897650338168 0.012971897650338168 0.012971897650338168 0.012971897650338168 0.012971897650338168 0.014451471249150196 0.017512742500534344 0.020574013751918495 0.023635285003302645 0.026696556254686796 0.029757827506070943 0.03281909875745509 0.035880370008839244 0.0389416412602234 0.04200291251160754 0.04506418376299169 0.04812545501437584 0.04831920562493319 0.045447511786704954 0.042575817948476716 0.039704124110248484 0.03683243027202024 0.03396073643379201 0.031089042595563766 0.028217348757335527 0.02534565491910729 0.022473961080879054 0.019602267242650816 0.016730573404422577 0.015246826608305496 0.015246826608305496 0.015246826608305496 0.015246826608305496 0.015246826608305496 0.015246826608305496 0.015246826608305496 0.015246826608305496 0.015246826608305496 0.015246826608305496 0.015246826608305496 0.015246826608305496 0.014632735266433796 0.013362166382459436 0.01209159749848291 0.01082102861450855 0.00955045973053419 0.00827989084655983 0.00700932196258547 0.00573875307861111 0.004468184194636751 0.003197615310662391 0.0019270464266880304 0.0006564775427136717 0.0
0.010981323083149789 0.010981323083149789 0.010981323083149789 0.010981323083149789 0.010981323083149789 0.010981323083149789 0.010981323083149789 0.010981323083149789 0.010981323083149789 0.012233851907521909 0.014825362383688149 0.01741687285985439 0.020008383336020633 0.02259989381218687 0.025191404288353113 0.027782914764519356 0.030374425240685593 0.03296593571685184 0.03555744619301807 0.03814895666918432 0.04074046714535055 0.04090448617397991 0.03847346191804518 0.03604243766211045 0.033611413406175725 0.031180389150241003 0.028749364894306274 0.02631834063837155 0.023887316382436824 0.0214562921265021 0.01902526787056737 0.016594243614632645 0.01416321935869792 0.01290715772600956 0.01290715772600956 0.01290715772600956 0.01290715772600956 0.01290715772600956 0.01290715772600956 0.01290715772600956 0.01290715772600956 0.01290715772600956 0.01290715772600956 0.01290715772600956 0.01290715772600956 0.012387300446108626 0.01131170396898442 0.010236107491858378 0.009160511014734172 0.008084914537609966 0.00700931806048576 0.005933721583361554 0.004858125106237348 0.003782528629113142 0.0027069321519889358 0.0016313356748647295 0.0005557391977405231 0.0
0.00899074851596141 0.00899074851596141 0.00899074851596141 0.00899074851596141 0.00899074851596141 0.00899074851596141 0.00899074851596141 0.00899074851596141 0.00899074851596141 0.010016232565893622 0.012137982266841953 0.014259731967790283 0.016381481668738616 0.018503231369686946 0.020624981070635276 0.02274673077158361 0.024868480472531942 0.02699023017348027 0.029111979874428602 0.031233729575376935 0.03335547927632526 0.033489766723026615 0.0314994120493854 0.029509057375744187 0.027518702702102972 0.02552834802846176 0.023537993354820548 0.021547638681179333 0.019557284007538117 0.017566929333896905 0.01557657466025569 0.013586219986614478 0.011595865312973262 0.010567488843713625 0.010567488843713625 0.010567488843713625 0.010567488843713625 0.010567488843713625 0.010567488843713625 0.010567488843713625 0.010567488843713625 0.010567488843713625 0.010567488843713625 0.010567488843713625 0.010567488843713625 0.010141865625783456 0.009261241555509402 0.008380617485233848 0.007499993414959796 0.006619369344685743 0.0057387452744116895 0.0048581212041376364 0.003977497133863583 0.0030968730635895303 0.0022162489933154773 0.001335624923041425 0.0004550008527673729 0.0
0.007000173948773031 0.007000173948773031 0.007000173948773031 0.007000173948773031 0.007000173948773031 0.007000173948773031 0.007000173948773031 0.007000173948773031 0.007000173948773031 0.007798613224265334 0.009450602149995756 0.011102591075726179 0.0127545800014566 0.014406568927187023 0.016058557852917446 0.01771054677864787 0.019362535704378292 0.021014524630108715 0.022666513555839138 0.024318502481569557 0.02597049140729998 0.026075047272073326 0.024525362180725624 0.02297567708937792 0.02142599199803022 0.019876306906682517 0.018326621815334815 0.016776936723987113 0.015227251632639412 0.01367756654129171 0.012127881449944007 0.010578196358596307 0.009028511267248605 0.00822781996141769 0.00822781996141769 0.00822781996141769 0.00822781996141769 0.00822781996141769 0.00822781996141769 0.00822781996141769 0.00822781996141769 0.00822781996141769 0.00822781996141769 0.00822781996141769 0.00822781996141769 0.007896430805458285 0.007210779142034386 0.006525127478609317 0.005839475815185418 0.005153824151761518 0.004468172488337618 0.003782520824913719 0.0030968691614898193 0.0024112174980659203 0.0017255658346420205 0.0010399141712181216 0.0003542625077942209 0.0
0.005009599381584651 0.005009599381584651 0.005009599381584651 0.005009599381584651 0.005009599381584651 0.005009599381584651 0.005009599381584651 0.005009599381584651 0.005009599381584651 0.005580993882637046 0.006763222033149559 0.007945450183662071 0.009127678334174586 0.0103099064846871 0.011492134635199613 0.012674362785712125 0.013856590936224638 0.015038819086737152 0.016221047237249667 0.01740327538776218 0.018585503538274692 0.018660327821120037 0.01755131231206585 0.016442296803011656 0.015333281293957467 0.014224265784903278 0.013115250275849087 0.012006234766794896 0.010897219257740707 0.009788203748686516 0.008679188239632327 0.007570172730578136 0.006461157221523945 0.005888151079121753 0.005888151079121753 0.005888151079121753 0.005888151079121753 0.005888151079121753 0.005888151079121753 0.005888151079121753 0.005888151079121753 0.005888151079121753 0.005888151079121753 0.005888151079121753 0.005888151079121753 0.005650995985133114 0.005160316728559368 0.004669637471984785 0.00417895821541104 0.003688278958837293 0.0031975997022635474 0.0027069204456898013 0.0022162411891160556 0.0017255619325423095 0.0012348826759685638 0.0007442034193948181 0.0002535241628210715 0.0
0.003019024814396272 0.003019024814396272 0.003019024814396272 0.003019024814396272 0.003019024814396272 0.003019024814396272 0.003019024814396272 0.003019024814396272 0.003019024814396272 0.0033633745410087588 0.004075841916303363 0.004788309291597966 0.005500776666892571 0.0062132440421871745 0.0069257114174817785 0.0076381787927763825 0.008350646168070987 0.00906311354336559 0.009775580918660196 0.010488048293954798 0.011200515669249404 0.011245608370166745 0.010577262443406068 0.00990891651664539 0.00924057058988471 0.008572224663124033 0.007903878736363355 0.007235532809602677 0.006567186882841999 0.005898840956081321 0.005230495029320643 0.004562149102559965 0.003893803175799286 0.0035484821968258173 0.0035484821968258173 0.0035484821968258173 0.0035484821968258173 0.0035484821968258173 0.0035484821968258173 0.0035484821968258173 0.0035484821968258173 0.0035484821968258173 0.0035484821968258173 0.0035484821968258173 0.0035484821968258173 0.0034055611648079434 0.003109854315084351 0.002814147465360254 0.0025184406156366617 0.0022227337659130693 0.0019270269161894768 0.0016313200664658844 0.001335613216742292 0.0010399063670186994 0.000744199517295107 0.00044849266757151455 0.0001527858178479221 0.0
0.0010284502472061956 0.0010284502472061956 0.0010284502472061956 0.0010284502472061956 0.0010284502472061956 0.0010284502472061956 0.0010284502472061956 0.0010284502472061956 0.0010284502472061956 0.0011457551993785805 0.0013884617994548748 0.0016311683995311691 0.0018738749996074634 0.0021165815996837577 0.0023592881997600524 0.0026019947998363467 0.002844701399912641 0.0030874079999889358 0.0033301146000652296 0.0035728212001415243 0.003815527800217818 0.0038308889192071338 0.0036032125747403436 0.003375536230273553 0.003147859885806763 0.0029201835413399727 0.0026925071968731825 0.0024648308524063923 0.0022371545079396017 0.002009478163472812 0.0017818018190060214 0.0015541254745392312 0.001326449130072441 0.0012088133145278868 0.0012088133145278868 0.0012088133145278868 0.0012088133145278868 0.0012088133145278868 0.0012088133145278868 0.0012088133145278868 0.0012088133145278868 0.0012088133145278868 0.0012088133145278868 0.0012088133145278868 0.0012088133145278868 0.0011601263444808584 0.0010593919016075855 0.0009586574587341411 0.0008579230158608684 0.0007571885729875957 0.0006564541301143231 0.0005557196872410503 0.0004549852443677776 0.00035425080149450495 0.0002535163586212323 0.0001527819157479595 5.2047472874686834e-05 0.0
0.0 0.0 0.0 0.0 0.0 0.0 0.0 0.0 0.0 0.0 0.0 0.0 0.0 0.0 0.0 0.0 0.0 0.0 0.0 0.0 0.0 0.0 0.0 0.0 0.0 0.0 0.0 0.0 0.0 0.0 0.0 0.0 0.0 0.0 0.0 0.0 0.0 0.0 0.0 0.0 0.0 0.0 0.0 0.0 0.0 0.00012494885667908213 0.00038347086889429756 0.0006419928811099539 0.0009005148933251693 0.0011590369055403849 0.0014175589177556002 0.0016760809299708156 0.0019346029421860311 0.0021931249544012467 0.002451646966616462 0.0027101689788316774 0.002968690991046893 0.003102264146707348
0.0 0.0 0.0 0.0 0.0 0.0 0.0 0.0 0.0 0.0 0.0 0.0 0.0 0.0 0.0 0.0 0.0 0.0 0.0 0.0 0.0 0.0 0.0 0.0 0.0 0.0 0.0 0.0 0.0 0.0 0.0 0.0 0.0 0.0 0.0 0.0 0.0 0.0 0.0 0.0 0.0 0.0 0.0 0.0 0.0 0.00038346016456209216 0.001176847923215875 0.0019702356818710105 0.0027636234405247935 0.003557011199178576 0.004350398957832359 0.005143786716486142 0.005937174475139925 0.006730562233793707 0.00752394999244749 0.008317337751101272 0.009110725509755056 0.009520653104228283
0.0 0.0 0.0 0.0 0.0 0.0 0.0 0.0 0.0 0.0 0.0 0.0 0.0 0.0 0.0 0.0 0.0 0.0 0.0 0.0 0.0 0.0 0.0 0.0 0.0 0.0 0.0 0.0 0.0 0.0 0.0 0.0 0.0 0.0 0.0 0.0 0.0 0.0 0.0 0.0 0.0 0.0 0.0 0.0 0.0 0.0006419714724451028 0.0019702249775374538 0.0032984784826320702 0.004626731987724422 0.005954985492816773 0.007283238997909123 0.008611492503001476 0.009939746008093825 0.011267999513186177 0.012596253018278528 0.01392450652337088 0.01525276002846323 0.01593904206174923
0.0 0.0 0.0 0.0 0.0 0.0 0.0 0.0 0.0 0.0 0.0 0.0 0.0 0.0 0.0 0.0 0.0 0.0 0.0 0.0 0.0 0.0 0.0 0.0 0.0 0.0 0.0 0.0 0.0 0.0 0.0 0.0 0.0 0.0 0.0 0.0 0.0 0.0 0.0 0.0 0.0 0.0 0.0 0.0 0.0 0.0009004827803281131 0.0027636020318590323 0.004626721283393129 0.006489840534924048 0.008352959786454967 0.010216079037985886 0.012079198289516806 0.013942317541047725 0.015805436792578644 0.017668556044109565 0.019531675295640483 0.021394794547171404 0.022357431019270173
0.0 0.0 0.0 0.0 0.0 0.0 0.0 0.0 0.0 0.0 0.0 0.0 0.0 0.0 0.0 0.0 0.0 0.0 0.0 0.0 0.0 0.0 0.0 0.0 0.0 0.0 0.0 0.0 0.0 0.0 0.0 0.0 0.0 0.0 0.0 0.0 0.0 0.0 0.0 0.0 0.0 0.0 0.0 0.0 0.0 0.0011589940882111235 0.003556979086180611 0.005954964084154187 0.008352949082123674 0.010750934080093161 0.013148919078062649 0.015546904076032137 0.017944889074001623 0.02034287407197111 0.022740859069940597 0.025138844067910088 0.027536829065879575 0.028775819976791114
0.0 0.0 0.0 0.0 0.0 0.0 0.0 0.0 0.0 0.0 0.0 0.0 0.0 0.0 0.0 0.0 0.0 0.0 0.0 0.0 0.0 0.0 0.0 0.0 0.0 0.0 0.0 0.0 0.0 0.0 0.0 0.0 0.0 0.0 0.0 0.0 0.0 0.0 0.0 0.0 0.0 0.0 0.0 0.0 0.0 0.0014175053960943543 0.004350356140502865 0.007283206884916378 0.01021605762932489 0.013148908373733401 0.01608175911814191 0.019014609862550422 0.021947460606958933 0.024880311351367444 0.02781316209577596 0.03074601284018447 0.03367886358459298 0.03519420893431753
0.0 0.0 0.0 0.0 0.0 0.0 0.0 0.0 0.0 0.0 0.0 0.0 0.0 0.0 0.0 0.0 0.0 0.0 0.0 0.0 0.0 0.0 0.0 0.0 0.0 0.0 0.0 0.0 0.0 0.0 0.0 0.0 0.0 0.0 0.0 0.0 0.0 0.0 0.0 0.0 0.0 0.0 0.0 0.0 0.0 0.0016760167039773645 0.005143733194824443 0.008611449685677437 0.012079166176524516 0.015546882667371595 0.019014599158218674 0.022482315649065752 0.025950032139912833 0.02941774863075991 0.03288546512160699 0.03635318161245407 0.039820898103301146 0.04161259789183847
0.0 0.0 0.0 0.0 0.0 0.0 0.0 0.0 0.0 0.0 0.0 0.0 0.0 0.0 0.0 0.0 0.0 0.0 0.0 0.0 0.0 0.0 0.0 0.0 0.0 0.0 0.0 0.0 0.0 0.0 0.0 0.0 0.0 0.0 0.0 0.0 0.0 0.0 0.0 0.0 0.0 0.0 0.0 0.0 0.0 0.0019345280118603747 0.005937110249146021 0.009939692486438494 0.01394227472372414 0.017944856961009788 0.021947439198295435 0.025950021435581082 0.02995260367286673 0.033955185910152376 0.03795776814743802 0.04196035038472367 0.04596293262200932 0.048030986849359414
0.0 0.0 0.0 0.0 0.0 0.0 0.0 0.0 0.0 0.0 0.0 0.0 0.0 0.0 0.0 0.0 0.0 0.0 0.0 0.0 0.0 0.0 0.0 0.0 0.0 0.0 0.0 0.0 0.0 0.0 0.0 0.0 0.0 0.0 0.0 0.0 0.0 0.0 0.0 0.0 0.0 0.0 0.0 0.0 0.0 0.002193039319743385 0.006730487303467599 0.011267935287199552 0.01580538327092377 0.020342831254647982 0.024880279238372195 0.029417727222096412 0.03395517520582063 0.03849262318954484 0.043030071173269055 0.04756751915699327 0.05210496714071749 0.054449375806880355
0.0 0.0 0.0 0.0 0.0 0.0 0.0 0.0 0.0 0.0 0.0 0.0 0.0 0.0 0.0 0.0 0.0 0.0 0.0 0.0 0.0 0.0 0.0 0.0 0.0 0.0 0.0 0.0 0.0 0.0 0.0 0.0 0.0 0.0 0.0 0.0 0.0 0.0 0.0 0.0 0.0 0.0 0.0 0.0 0.0 0.002451550627626395 0.0075238643577891775 0.01259617808796061 0.017668491818123393 0.022740805548286176 0.02781311927844896 0.03288543300861174 0.03795774673877452 0.04303006046893731 0.04810237419910009 0.05317468792926287 0.05824700165942565 0.0608677647644013
0.0 0.0 0.0 0.0 0.0 0.0 0.0 0.0 0.0 0.0 0.0 0.0 0.0 0.0 0.0 0.0 0.0 0.0 0.0 0.0 0.0 0.0 0.0 0.0 0.0 0.0 0.0 0.0 0.0 0.0 0.0 0.0 0.0 0.0 0.0 0.0 0.0 0.0 0.0 0.0 0.0 0.0 0.0 0.0 0.0 0.0027100619355094053 0.008317241412110757 0.013924420888721669 0.019531600365323018 0.02513877984192437 0.03074595931852572 0.03635313879512707 0.04196031827172842 0.04756749774832977 0.05317467722493112 0.05878185670153247 0.06438903617813382 0.06728615372192223
