Figures/CREST_Example_wjb_NSE/Rolling_result/20100722/raw_forecast/ens_2/wjb.rain.20100729.asc
ncols            288
nrows            254
xllcorner        113.274861
yllcorner        31.4918055
cellsize         0.008333333333
NODATA_value     -9999
[rows 180 to 199 of 254, columns 44 to 87 of 288]
0.8139080004695116 0.7808394875384801 0.7477709746074486 0.714702461676417 0.6816339487453855 0.6485654358143539 0.6154969228833224 0.5824284099522908 0.5493598970212029 0.5162913840901714 0.48322287115913987 0.45015435822810834 0.4170858452970768 0.39516680591144143 0.38516680576283113 0.37516680561422083 0.36516680546561053 0.35516680531700023 0.34516680516838993 0.33516680501977963 0.32516680487116933 0.315166804722542 0.3051668045739317 0.2951668044253214 0.2851668042767111 0.2751668041281008 0.2651668039794905 0.2551668038308802 0.2451668036822699 0.2351668035336596 0.2251668033850493 0.215166803236439 0.2051668030878287 0.1951668029392184 0.18516680279059106 0.17516680264198076 0.16516680249337046 0.15516680234476016 0.14516680219614986 0.13516680204753956 0.12516680189892926 0.11516680175031896 0.10516680160170866 0.10000000149011612
0.8041728059076989 0.7718820706749099 0.7395913354421207 0.7073006002093317 0.6750098649765427 0.6427191297437537 0.6104283945109646 0.5781376592781756 0.5458469240453315 0.5135561888125424 0.48126545357975337 0.44897471834696434 0.4166839831141753 0.39516680591144143 0.38516680576283113 0.37516680561422083 0.36516680546561053 0.35516680531700023 0.34516680516838993 0.33516680501977963 0.32516680487116933 0.315166804722542 0.3051668045739317 0.2951668044253214 0.2851668042767111 0.2751668041281008 0.2651668039794905 0.2551668038308802 0.2451668036822699 0.2351668035336596 0.2251668033850493 0.215166803236439 0.2051668030878287 0.1951668029392184 0.18516680279059106 0.17516680264198076 0.16516680249337046 0.15516680234476016 0.14516680219614986 0.13516680204753956 0.12516680189892926 0.11516680175031896 0.10516680160170866 0.10000000149011612
0.7944376113458862 0.7629246538113396 0.731411696276793 0.6998987387422465 0.6683857812077 0.6368728236731533 0.6053598661386068 0.5738469086040603 -9999.0 0.5108209935349135 0.47930803600036687 0.44779507846582034 0.4162821209312738 0.39516680591144143 0.38516680576283113 0.37516680561422083 0.36516680546561053 0.35516680531700023 0.34516680516838993 0.33516680501977963 0.32516680487116933 0.315166804722542 0.3051668045739317 0.2951668044253214 0.2851668042767111 0.2751668041281008 0.2651668039794905 0.2551668038308802 0.2451668036822699 0.2351668035336596 0.2251668033850493 0.215166803236439 0.2051668030878287 0.1951668029392184 0.18516680279059106 0.17516680264198076 0.16516680249337046 0.15516680234476016 0.14516680219614986 0.13516680204753956 0.12516680189892926 0.11516680175031896 0.10516680160170866 0.10000000149011612
-9999.0 -9999.0 -9999.0 -9999.0 0.6617616974388515 0.6310265176025481 0.6002913377662448 0.5695561579299413 -9999.0 -9999.0 0.4773506184209787 0.44661543858467534 0.415880258748372 0.39516680591144143 0.38516680576283113 0.37516680561422083 0.36516680546561053 0.35516680531700023 0.34516680516838993 0.33516680501977963 0.32516680487116933 0.315166804722542 0.3051668045739317 0.2951668044253214 0.2851668042767111 0.2751668041281008 0.2651668039794905 0.2551668038308802 0.2451668036822699 0.2351668035336596 0.2251668033850493 0.215166803236439 0.2051668030878287 0.1951668029392184 0.18516680279059106 0.17516680264198076 0.16516680249337046 0.15516680234476016 0.14516680219614986 0.13516680204753956 0.12516680189892926 0.11516680175031896 0.10516680160170866 0.10000000149011612
-9999.0 -9999.0 -9999.0 -9999.0 -9999.0 0.6251802115319478 -9999.0 -9999.0 -9999.0 -9999.0 -9999.0 -9999.0 0.4154783965654705 0.39516680591144143 0.38516680576283113 0.37516680561422083 0.36516680546561053 0.35516680531700023 0.34516680516838993 0.33516680501977963 0.32516680487116933 0.315166804722542 0.3051668045739317 0.2951668044253214 0.2851668042767111 0.2751668041281008 0.2651668039794905 0.2551668038308802 0.2451668036822699 0.2351668035336596 0.2251668033850493 0.215166803236439 0.2051668030878287 0.1951668029392184 0.18516680279059106 0.17516680264198076 0.16516680249337046 0.15516680234476016 0.14516680219614986 0.13516680204753956 0.12516680189892926 0.11516680175031896 0.10516680160170866 0.10000000149011612
-9999.0 -9999.0 -9999.0 -9999.0 -9999.0 -9999.0 -9999.0 -9999.0 -9999.0 -9999.0 -9999.0 -9999.0 -9999.0 0.39516680591144143 0.38516680576283113 0.37516680561422083 0.36516680546561053 0.35516680531700023 0.34516680516838993 0.33516680501977963 0.32516680487116933 0.315166804722542 0.3051668045739317 0.2951668044253214 0.2851668042767111 0.2751668041281008 0.2651668039794905 0.2551668038308802 0.2451668036822699 0.2351668035336596 0.2251668033850493 0.215166803236439 0.2051668030878287 0.1951668029392184 0.18516680279059106 0.17516680264198076 0.16516680249337046 0.15516680234476016 0.14516680219614986 0.13516680204753956 0.12516680189892926 0.11516680175031896 0.10516680160170866 0.10000000149011612
-9999.0 -9999.0 -9999.0 -9999.0 -9999.0 -9999.0 -9999.0 -9999.0 -9999.0 -9999.0 -9999.0 -9999.0 -9999.0 -9999.0 -9999.0 -9999.0 -9999.0 -9999.0 -9999.0 0.33516680501977963 0.32516680487116933 0.315166804722542 0.3051668045739317 0.2951668044253214 0.2851668042767111 0.2751668041281008 0.2651668039794905 0.2551668038308802 0.2451668036822699 0.2351668035336596 0.2251668033850493 0.215166803236439 0.2051668030878287 0.1951668029392184 0.18516680279059106 0.17516680264198076 0.16516680249337046 0.15516680234476016 0.14516680219614986 0.13516680204753956 0.12516680189892926 0.11516680175031896 0.10516680160170866 0.10000000149011612
-9999.0 -9999.0 -9999.0 -9999.0 -9999.0 -9999.0 -9999.0 -9999.0 -9999.0 -9999.0 -9999.0 -9999.0 -9999.0 -9999.0 -9999.0 -9999.0 -9999.0 -9999.0 -9999.0 0.33516680501977963 0.32516680487116933 0.315166804722542 0.3051668045739317 0.2951668044253214 0.2851668042767111 0.2751668041281008 0.2651668039794905 0.2551668038308802 0.2451668036822699 0.2351668035336596 0.2251668033850493 0.215166803236439 0.2051668030878287 0.1951668029392184 0.18516680279059106 0.17516680264198076 0.16516680249337046 0.15516680234476016 0.14516680219614986 0.13516680204753956 0.12516680189892926 0.11516680175031896 0.10516680160170866 0.10000000149011612
-9999.0 -9999.0 -9999.0 -9999.0 -9999.0 -9999.0 -9999.0 -9999.0 -9999.0 -9999.0 -9999.0 -9999.0 -9999.0 -9999.0 -9999.0 -9999.0 -9999.0 0.35516680531700023 0.34516680516838993 0.33516680501977963 0.32516680487116933 0.315166804722542 0.3051668045739317 0.2951668044253214 0.2851668042767111 0.2751668041281008 0.2651668039794905 0.2551668038308802 0.2451668036822699 0.2351668035336596 0.2251668033850493 0.215166803236439 0.2051668030878287 0.1951668029392184 0.18516680279059106 0.17516680264198076 0.16516680249337046 0.15516680234476016 0.14516680219614986 0.13516680204753956 0.12516680189892926 0.11516680175031896 0.10516680160170866 0.10000000149011612
-9999.0 -9999.0 -9999.0 -9999.0 -9999.0 -9999.0 -9999.0 -9999.0 -9999.0 -9999.0 -9999.0 -9999.0 -9999.0 -9999.0 -9999.0 -9999.0 0.36516680546561053 0.35516680531700023 0.34516680516838993 0.33516680501977963 0.32516680487116933 0.315166804722542 0.3051668045739317 0.2951668044253214 0.2851668042767111 0.2751668041281008 0.2651668039794905 0.2551668038308802 0.2451668036822699 0.2351668035336596 0.2251668033850493 0.215166803236439 0.2051668030878287 0.1951668029392184 0.18516680279059106 0.17516680264198076 0.16516680249337046 0.15516680234476016 0.14516680219614986 0.13516680204753956 0.12516680189892926 0.11516680175031896 0.10516680160170866 0.10000000149011612
-9999.0 -9999.0 -9999.0 -9999.0 -9999.0 -9999.0 -9999.0 -9999.0 -9999.0 -9999.0 -9999.0 -9999.0 -9999.0 -9999.0 -9999.0 0.37516680561422083 0.36516680546561053 0.35516680531700023 0.34516680516838993 0.33516680501977963 0.32516680487116933 0.315166804722542 0.3051668045739317 0.2951668044253214 0.2851668042767111 0.2751668041281008 0.2651668039794905 0.2551668038308802 0.2451668036822699 0.2351668035336596 0.2251668033850493 0.215166803236439 0.2051668030878287 0.1951668029392184 0.18516680279059106 0.17516680264198076 0.16516680249337046 0.15516680234476016 0.14516680219614986 0.13516680204753956 0.12516680189892926 0.11516680175031896 0.10516680160170866 0.10000000149011612
-9999.0 -9999.0 -9999.0 -9999.0 -9999.0 -9999.0 -9999.0 -9999.0 -9999.0 -9999.0 -9999.0 -9999.0 -9999.0 -9999.0 -9999.0 0.37516680561422083 0.36516680546561053 0.35516680531700023 0.34516680516838993 0.33516680501977963 0.32516680487116933 0.315166804722542 0.3051668045739317 0.2951668044253214 0.2851668042767111 0.2751668041281008 0.2651668039794905 0.2551668038308802 0.2451668036822699 0.2351668035336596 0.2251668033850493 0.215166803236439 0.2051668030878287 0.1951668029392184 0.18516680279059106 0.17516680264198076 0.16516680249337046 0.15516680234476016 0.14516680219614986 0.13516680204753956 0.12516680189892926 0.11516680175031896 0.10516680160170866 0.10000000149011612
-9999.0 -9999.0 -9999.0 -9999.0 -9999.0 -9999.0 -9999.0 -9999.0 -9999.0 -9999.0 -9999.0 -9999.0 -9999.0 -9999.0 -9999.0 0.37516680561422083 0.36516680546561053 0.35516680531700023 0.34516680516838993 0.33516680501977963 0.32516680487116933 0.315166804722542 0.3051668045739317 0.2951668044253214 0.2851668042767111 0.2751668041281008 0.2651668039794905 0.2551668038308802 0.2451668036822699 0.2351668035336596 0.2251668033850493 0.215166803236439 0.2051668030878287 0.1951668029392184 0.18516680279059106 0.17516680264198076 0.16516680249337046 0.15516680234476016 0.14516680219614986 0.13516680204753956 0.12516680189892926 0.11516680175031896 0.10516680160170866 0.10000000149011612
-9999.0 -9999.0 -9999.0 -9999.0 -9999.0 -9999.0 -9999.0 -9999.0 -9999.0 -9999.0 -9999.0 -9999.0 -9999.0 0.3952446750907878 0.3854057880343603 0.3755669009779328 0.36572801392150533 0.35588912686507784 0.34605023980865035 0.3362113527522228 0.32637246569579537 0.31653357863935105 0.30669469158292356 0.29685580452649607 0.2870169174700686 0.2771780304136411 0.2673391433572136 0.2575002563007861 0.24766136924435858 0.2378224821879311 0.2279835951315036 0.2181447080750761 0.2083058210186486 0.19846693396222112 0.18862804690577684 0.17878915984934934 0.16895027279292185 0.15911138573649436 0.14927249868006687 0.13943361162363938 0.12959472456721188 0.11975583751078439 0.10991695045435684 0.1048074378253104
-9999.0 -9999.0 -9999.0 -9999.0 -9999.0 -9999.0 -9999.0 -9999.0 -9999.0 -9999.0 -9999.0 -9999.0 -9999.0 0.39540578176308333 0.385900228053208 0.37639467434333274 0.3668891206334574 0.3573835669235821 0.3478780132137068 0.33837245950383155 0.3288669057939562 0.3193613520840647 0.3098557983741894 0.30035024466431415 0.2908446909544388 0.2813391372445635 0.27183358353468823 0.26232802982481296 0.25282247611493763 0.24331692240506234 0.23381136869518704 0.22430581498531174 0.21480026127543644 0.20529470756556115 0.1957891538556696 0.18628360014579431 0.17677804643591902 0.16727249272604372 0.15776693901616842 0.14826138530629313 0.13875583159641786 0.12925027788654253 0.11974472417666726 0.11475373600364738
-9999.0 -9999.0 -9999.0 -9999.0 -9999.0 -9999.0 -9999.0 -9999.0 -9999.0 -9999.0 -9999.0 -9999.0 -9999.0 -9999.0 0.38639466807205547 0.37722244770873226 0.368050227345409 0.3588780069820858 0.3497057866187625 0.3405335662554393 0.331361345892116 0.32218912552877715 0.3130169051654539 0.30384468480213067 0.29467246443880746 0.2855002440754842 0.2763280237121609 0.2671558033488377 0.2579835829855145 0.2488113626221912 0.23963914225886795 0.2304669218955447 0.22129470153222147 0.21212248116889823 0.20295026080555936 0.19377804044223612 0.18460582007891285 0.1754335997155896 0.16626137935226637 0.15708915898894313 0.1479169386256199 0.13874471826229667 0.1295724978989734 0.1247000341819801
-9999.0 -9999.0 -9999.0 -9999.0 -9999.0 -9999.0 -9999.0 -9999.0 -9999.0 -9999.0 -9999.0 -9999.0 -9999.0 -9999.0 0.386889108090903 0.3780502210741318 0.3692113340573606 0.3603724470405894 0.35153356002381825 0.34269467300704703 0.3338557859902759 0.3250168989734896 0.3161780119567184 0.3073391249399472 0.29850023792317604 0.2896613509064048 0.28082246388963367 0.27198357687286245 0.2631446898560913 0.2543058028393201 0.2454669158225489 0.2366280288057777 0.22778914178900653 0.21895025477223534 0.21011136775544909 0.2012724807386779 0.19243359372190671 0.1835947067051355 0.17475581968836432 0.16591693267159313 0.15707804565482195 0.14823915863805076 0.1394002716212796 0.13464633236031281
-9999.0 -9999.0 -9999.0 -9999.0 -9999.0 -9999.0 -9999.0 -9999.0 -9999.0 -9999.0 -9999.0 -9999.0 -9999.0 -9999.0 0.3873835481097507 0.3788779944395317 0.3703724407693127 0.3618668870990937 0.3533613334288747 0.3448557797586557 0.33635022608843673 0.32784467241820325 0.31933911874798426 0.3108335650777653 0.3023280114075463 0.2938224577373273 0.2853169040671083 0.2768113503968893 0.2683057967266703 0.25980024305645133 0.25129468938623234 0.24278913571601335 0.23428358204579436 0.22577802837557537 0.21727247470534186 0.20876692103512287 0.20026136736490388 0.1917558136946849 0.1832502600244659 0.1747447063542469 0.16623915268402792 0.15773359901380893 0.14922804534358997 0.1445926305386498
-9999.0 -9999.0 -9999.0 -9999.0 -9999.0 -9999.0 -9999.0 -9999.0 -9999.0 -9999.0 -9999.0 -9999.0 -9999.0 -9999.0 0.38787798812859814 0.3797057678049312 0.37153354748126427 0.3633613271575974 0.3551891068339304 0.34701688651026347 0.33884466618659653 0.33067244586291566 0.32250022553924873 0.3143280052155818 0.30615578489191486 0.2979835645682479 0.289811344244581 0.28163912392091406 0.2734669035972471 0.2652946832735802 0.25712246294991326 0.24895024262624635 0.24077802230257941 0.23260580197891245 0.22443358165523158 0.21626136133156465 0.20808914100789772 0.19991692068423078 0.19174470036056385 0.1835724800368969 0.17540025971322998 0.16722803938956304 0.1590558190658961 0.15453892871698252
-9999.0 -9999.0 -9999.0 -9999.0 -9999.0 -9999.0 -9999.0 -9999.0 -9999.0 -9999.0 0.44965782299425416 0.42992634462243284 0.4101948662506114 0.39621131512456054 0.38837242814744566 0.3805335411703308 0.3726946541932159 0.364855767216101 0.35701688023898615 0.34917799326187127 0.3413391062847564 0.33350021930762813 0.32566133233051325 0.3178224453533984 0.3099835583762835 0.3021446713991686 0.29430578442205374 0.28646689744493886 0.278628010467824 0.2707891234907091 0.2629502365135942 0.25511134953647935 0.24727246255936447 0.2394335755822496 0.23159468860512133 0.22375580162800646 0.21591691465089158 0.2080780276737767 0.20023914069666182 0.19240025371954694 0.18456136674243206 0.1767224797653172 0.1688835927882023 0.16448522689531528
