Figures/CREST_Example_wjb_NSE/Rolling_result/20100722/raw_forecast/ens_2/wjb.rain.20100723.asc
ncols            288
nrows            254
xllcorner        113.274861
yllcorner        31.4918055
cellsize         0.008333333333
NODATA_value     -9999
[rows 120 to 139 of 254, columns 45 to 89 of 288]
1.6174894741787391 1.5342005718011005 1.4509116694234618 1.3676227670458232 1.2843338646681846 1.201044962290546 1.117756059912907 1.0344671575351265 0.9511782551574881 0.8678893527798492 0.7846004504022108 0.701311548024572 0.6793389618425274 0.722914903636219 0.7664908454299105 0.8100667872236021 0.8536427290172938 0.8972186708109853 0.9407946126046769 0.9843705543983685 1.0279464961921345 1.071522437985826 1.1150983797795175 1.1586743215732092 1.2022502633669008 1.2458262051605922 1.2894021469542838 1.3329780887479754 1.376554030541667 1.4201299723353586 1.4637059141290503 1.5072818559227419 1.5508577977164335 1.5944337395101993 1.638009681303891 1.6815856230975825 1.7251615648912741 1.7687375066849658 1.8123134484786574 1.855889390272349 1.8994653320660406 1.9430412738597322 2.001127550510323 2.0747257031816995 2.148323855853076
1.651533951620988 1.5655783828682972 1.4796228141156065 1.3936672453629158 1.3077116766102248 1.221756107857534 1.1358005391048431 1.049844970352006 0.9638894015993151 0.8779338328466242 0.7919782640939337 0.7060226953412427 0.6836926383030144 0.7293796914460662 0.7750667445891181 0.8207537977321699 0.8664408508752217 0.9121279040182736 0.9578149571613255 1.0035020103043772 1.049189063447507 1.0948761165905587 1.1405631697336107 1.1862502228766625 1.2319372760197145 1.2776243291627662 1.323311382305818 1.3689984354488698 1.4146854885919216 1.4603725417349736 1.5060595948780255 1.5517466480210773 1.597433701164129 1.6431207543072588 1.6888078074503108 1.7344948605933626 1.7801819137364143 1.825868966879466 1.8715560200225179 1.9172430731655696 1.9629301263086218 2.0086171794516736 2.0681701407000257 2.1425460712020996 2.216922001704173
1.6855784290632376 1.5969561939354946 1.5083339588077516 1.4197117236800088 1.3310894885522657 1.2424672534245227 1.15384501829678 1.0652227831688856 0.976600548041143 0.8879783129134 0.799356077785657 0.710733842657914 0.6880463147635013 0.7358444792559133 0.7836426437483254 0.8314408082407375 0.8792389727331495 0.9270371372255617 0.9748353017179736 1.0226334662103858 1.0704316307028794 1.1182297951952913 1.1660279596877035 1.2138261241801156 1.2616242886725275 1.3094224531649397 1.3572206176573518 1.4050187821497637 1.4528169466421759 1.500615111134588 1.548413275627 1.596211440119412 1.6440096046118242 1.6918077691043176 1.7396059335967298 1.787404098089142 1.8352022625815538 1.883000427073966 1.9307985915663781 1.97859675605879 2.026394920551202 2.074193085043614 2.135212730889728 2.210366439222499 2.2855201475552698
1.7196229065054864 1.6283340050026913 1.5370451034998962 1.4457562019971013 1.354467300494306 1.2631783989915109 1.1718894974887162 1.0806005959857652 0.9893116944829701 0.898022792980175 0.8067338914773798 0.7154449899745847 0.6923999912239882 0.7423092670657605 0.7922185429075328 0.8421278187493052 0.8920370945910775 0.9419463704328498 0.9918556462746222 1.0417649221163945 1.0916741979582518 1.1415834738000243 1.1914927496417964 1.241402025483569 1.2913113013253412 1.3412205771671135 1.3911298530088858 1.441039128850658 1.4909484046924306 1.5408576805342027 1.5907669563759752 1.6406762322177475 1.6905855080595198 1.7404947839013771 1.7904040597431496 1.8403133355849217 1.8902226114266942 1.9401318872684663 1.9900411631102388 2.0399504389520113 2.0898597147937834 2.139768990635556 2.2022553210794307 2.278186807242899 2.354118293406367
1.7536673839477648 1.6597118160699151 1.5657562481920657 1.471800680314216 1.3778451124363666 1.2838895445585172 1.1899339766806678 1.095978408802658 1.0020228409248086 0.9080672730469592 0.8141117051691094 0.7201561372912599 0.6967536676844789 0.7487740548756132 0.8007944420667477 0.852814829257882 0.9048352164490163 0.9568556036401508 1.0088759908312852 1.0608963780224194 1.1129167652136425 1.164937152404777 1.2169575395959114 1.2689779267870458 1.32099831397818 1.3730187011693142 1.4250390883604487 1.4770594755515831 1.5290798627427176 1.581100249933852 1.6331206371249862 1.6851410243161207 1.737161411507255 1.7891817986984782 1.8412021858896124 1.8932225730807468 1.9452429602718813 1.9972633474630155 2.04928373465415 2.1013041218452844 2.153324509036419 2.205344896227553 2.2692979112691902 2.3460071752633564 2.4227164392575227
1.7877118613900138 1.691089627137112 1.5944673928842104 1.4978451586313088 1.4012229243784073 1.3046006901255054 1.2079784558726039 1.1113562216195376 1.0147339873666357 0.9181117531137342 0.8214895188608327 0.7248672846079307 0.7011073441449658 0.7552388426854604 0.809370341225955 0.8635018397664496 0.9176333383069442 0.9717648368474389 1.0258963353879333 1.080027833928428 1.134159332469015 1.1882908310095095 1.242422329550004 1.2965538280904987 1.3506853266309933 1.404816825171488 1.4589483237119827 1.5130798222524773 1.5672113207929719 1.6213428193334665 1.6754743178739613 1.7296058164144559 1.7837373149549505 1.8378688134955374 1.892000312036032 1.9461318105765266 2.000263309117021 2.054394807657516 2.1085263061980104 2.162657804738505 2.2167893032789996 2.270920801819494 2.3363405014588925 2.413827543283756 2.4913145851086194
1.8217563388322628 1.722467438204309 1.6231785375763552 1.5238896369484016 1.4246007363204476 1.325311835692494 1.22602293506454 1.1267340344364167 1.0274451338084631 0.9281562331805091 0.8288673325525555 0.7295784319246019 0.7054610206054527 0.7617036304953075 0.8179462403851624 0.8741888502750172 0.9304314601648721 0.986674070054727 1.042916679944582 1.0991592898344367 1.1554018997243876 1.2116445096142423 1.2678871195040973 1.324129729393952 1.380372339283807 1.436614949173662 1.4928575590635167 1.5491001689533714 1.6053427788432264 1.6615853887330814 1.7178279986229361 1.774070608512791 1.8303132184026458 1.8865558282925967 1.9427984381824515 1.9990410480723064 2.0552836579621614 2.111526267852016 2.167768877741871 2.224011487631726 2.2802540975215804 2.3364967074114356 2.403383091648595 2.481647911304156 2.5599127309597165
1.8558008162745119 1.753845249271506 1.6518896822685 1.549934115265494 1.4479785482624878 1.3460229812594822 1.244067414256476 1.1421118472532963 1.0401562802502906 0.9382007132472845 0.8362451462442784 0.7342895792412727 0.7098146970659397 0.7681684183051548 0.8265221395443699 0.884875860783585 0.9432295820228 1.0015833032620152 1.0599370245012303 1.1182907457404454 1.17664446697976 1.2349981882189751 1.2933519094581902 1.3517056306974053 1.4100593519366205 1.4684130731758356 1.5267667944150507 1.5851205156542658 1.643474236893481 1.701827958132696 1.7601816793719112 1.8185354006111263 1.8768891218503414 1.935242843089656 1.9935965643288711 2.0519502855680862 2.1103040068073016 2.1686577280465165 2.2270114492857314 2.2853651705249467 2.3437188917641616 2.4020726130033765 2.4704256818382975 2.5494682793245556 2.628510876810813
1.8898452937167611 1.7852230603387031 1.680600826960645 1.5759785935825867 1.471356360204529 1.3667341268264708 1.2621118934484126 1.1574896600701763 1.052867426692118 0.9482451933140599 0.8436229599360021 0.7390007265579439 0.7141683735264266 0.774633206115002 0.8350980387035774 0.8955628712921526 0.956027703880728 1.0164925364693034 1.0769573690578786 1.1374222016464541 1.1978870342351327 1.2583518668237077 1.3188166994122832 1.3792815320008587 1.4397463645894337 1.5002111971780092 1.5606760297665847 1.62114086235516 1.6816056949437352 1.7420705275323107 1.8025353601208858 1.8630001927094613 1.9234650252980368 1.9839298578867153 2.0443946904752903 2.104859523063866 2.1653243556524413 2.2257891882410163 2.286254020829592 2.3467188534181673 2.4071836860067424 2.467648518595318 2.537468272028 2.6172886473449553 2.6971090226619103
1.9238897711590102 1.8166008714059 1.7093119716527898 1.6020230718996795 1.4947341721465692 1.387445272393459 1.2801563726403486 1.1728674728870558 1.0655785731339456 0.9582896733808353 0.851000773627725 0.7437118738746147 0.7185220499869135 0.7810979939248491 0.8436739378627847 0.9062498818007203 0.9688258257386559 1.0314017696765916 1.0939777136145272 1.1565536575524626 1.219129601490505 1.2817055454284407 1.3442814893663761 1.4068574333043118 1.4694333772422474 1.5320093211801828 1.5945852651181185 1.6571612090560541 1.7197371529939898 1.7823130969319254 1.844889040869861 1.9074649848077965 1.9700409287457321 2.0326168726837746 2.0951928166217098 2.1577687605596454 2.220344704497581 2.2829206484355167 2.3454965923734523 2.408072536311388 2.4706484802493236 2.5332244241872592 2.6045108622177024 2.685109015365355 2.7657071685130075
1.9579342486012594 1.847978682473097 1.7380231163449347 1.6280675502167723 1.51811198408861 1.4081564179604475 1.2982008518322852 1.188245285703935 1.0782897195757726 0.9683341534476102 0.8583785873194478 0.7484230211912855 0.7228757264474004 0.7875627817346963 0.8522498370219921 0.916936892309288 0.9816239475965838 1.0463110028838796 1.1109980581711754 1.1756851134584714 1.2403721687458775 1.3050592240331733 1.369746279320469 1.434433334607765 1.499120389895061 1.5638074451823567 1.6284945004696527 1.6931815557569485 1.7578686110442443 1.82255566633154 1.8872427216188359 1.9519297769061317 2.0166168321934275 2.081303887480834 2.1459909427681296 2.2106779980554254 2.275365053342721 2.3400521086300174 2.4047391639173132 2.469426219204609 2.534113274491905 2.5988003297792006 2.6715534524074047 2.7529293833857547 2.834305314364104
1.9919787260435378 1.8793564935403206 1.766734261037104 1.6541120285338873 1.5414897960306702 1.4288675635274535 1.3162453310242368 1.2036230985208278 1.0910008660176111 0.978378633514394 0.8657564010111773 0.7531341685079607 0.7272294029078911 0.794027569544549 0.8608257361812068 0.9276239028178648 0.9944220694545226 1.0612202360911804 1.1280184027278384 1.1948165693644963 1.2616147360012682 1.3284129026379259 1.3952110692745838 1.4620092359112418 1.5288074025478995 1.5956055691845576 1.6624037358212154 1.7292019024578733 1.7960000690945312 1.8627982357311892 1.929596402367847 1.9963945690045048 2.063192735641163 2.1299909022779344 2.196789068914592 2.2635872355512503 2.3303854021879085 2.397183568824566 2.463981735461224 2.5307799020978816 2.59757806873454 2.664376235371198 2.7385960425971643 2.820749751406212 2.90290346021526
2.0260232034857864 1.9107343046075176 1.7954454057292484 1.6801565068509796 1.5648676079727109 1.4495787090944416 1.3342898102161729 1.2190009113377074 1.1037120124594382 0.9884231135811694 0.8731342147029002 0.7578453158246314 0.731583079368378 0.8004923573543962 0.8694016353404143 0.9383109133264325 1.0072201913124506 1.0761294692984686 1.1450387472844867 1.213948025270505 1.2828573032566406 1.3517665812426587 1.4206758592286768 1.489585137214695 1.5584944152007132 1.6274036931867313 1.6963129711727496 1.7652222491587675 1.8341315271447858 1.9030408051308036 1.971950083116822 2.0408593611028403 2.109768639088858 2.1786779170749937 2.247587195061012 2.3164964730470303 2.385405751033048 2.4543150290190665 2.523224307005085 2.5921335849911027 2.661042862977121 2.729952140963139 2.805638632786867 2.888570119426612 2.9715016060663566
2.1402348539006035 2.0214737140893497 1.902712574278096 1.7839514344668421 1.6651902946555883 1.5464291548443345 1.4276680150330807 1.3089068752216244 1.1901457354103706 1.0713845955991168 0.952623455787863 0.8338623159766092 0.8055026100674305 0.8737840803873387 0.9420655507072468 1.010347021027155 1.0786284913470632 1.1469099616669713 1.2151914319868795 1.2834729023067877 1.3517543726268122 1.4200358429467204 1.4883173132666285 1.5565987835865365 1.6248802539064446 1.6931617242263528 1.761443194546261 1.8297246648661691 1.8980061351860773 1.9662876055059852 2.0345690758258934 2.1028505461458016 2.1711320164657097 2.2394134867857343 2.3076949571056424 2.3759764274255506 2.4442578977454588 2.512539368065367 2.580820838385275 2.6491023087051833 2.7173837790250914 2.7856652493449996 2.861351368203345 2.9449532237582234 3.0285550793131017
2.340140462352396 2.2170459896320116 2.0939515169116274 1.9708570441912432 1.847762571470859 1.7246680987504752 1.601573626030091 1.4784791533094968 1.3553846805891125 1.2322902078687288 1.1091957351483446 0.9861012624279604 0.9537841388049022 1.0185100532516487 1.0832359676983954 1.1479618821451418 1.2126877965918883 1.2774137110386348 1.3421396254853815 1.406865539932128 1.4715914543789848 1.5363173688257312 1.601043283272478 1.6657691977192246 1.730495112165971 1.7952210266127175 1.859946941059464 1.9246728555062105 1.9893987699529572 2.054124684399704 2.11885059884645 2.183576513293197 2.2483024277399433 2.3130283421868 2.377754256633547 2.4424801710802932 2.5072060855270397 2.5719319999737866 2.6366579144205327 2.7013838288672796 2.7661097433140256 2.8308356577607725 2.9049532031073526 2.9891106142177417 3.073268025328131
2.5400460708041868 2.4126182651746726 2.2851904595451584 2.157762653915644 2.0303348482861296 1.902907042656615 1.7754792370271009 1.648051431397369 1.5206236257678545 1.3931958201383403 1.2657680145088257 1.1383402088793115 1.102065667542374 1.1632360261159587 1.2244063846895437 1.2855767432631287 1.3467471018367134 1.4079174604102984 1.4690878189838834 1.5302581775574682 1.5914285361311573 1.6525988947047425 1.7137692532783273 1.774939611851912 1.836109970425497 1.897280328999082 1.9584506875726668 2.019621046146252 2.080791404719837 2.1419617632934216 2.2031321218670064 2.2643024804405916 2.3254728390141763 2.3866431975878655 2.4478135561614502 2.5089839147350355 2.5701542733086207 2.6313246318822054 2.69249499045579 2.753665349029375 2.8148357076029598 2.876006066176545 2.948555038011359 3.033268004677259 3.1179809713431594
2.7399516792559786 2.608190540717334 2.4764294021786895 2.344668263640045 2.2129071251014 2.0811459865627553 1.9493848480241107 1.8176237094852414 1.6858625709465969 1.5541014324079518 1.4223402938693073 1.2905791553306627 1.2503471962798454 1.3079619989802689 1.365576801680692 1.4231916043811155 1.4808064070815388 1.538421209781962 1.5960360124823854 1.6536508151828087 1.7112656178833303 1.7688804205837534 1.826495223284177 1.8841100259846 1.9417248286850235 1.9993396313854466 2.05695443408587 2.114569236786293 2.1721840394867167 2.22979884218714 2.2874136448875633 2.3450284475879863 2.40264325028841 2.4602580529889315 2.5178728556893546 2.575487658389778 2.6331024610902016 2.6907172637906247 2.7483320664910478 2.8059468691914713 2.863561671891895 2.921176474592318 2.9921568729153663 3.0774253951367774 3.1626939173581885
2.9398572877079405 2.803762816260162 2.6676683448123835 2.5315738733646045 2.395479401916826 2.2593849304690474 2.123290459021269 1.987195987573258 1.8511015161254796 1.715007044677701 1.578912573229922 1.4428181017821435 1.3986287250174436 1.452687971844702 1.5067472186719608 1.5608064654992195 1.6148657123264782 1.6689249591537367 1.7229842059809954 1.7770434528082542 1.831102699635605 1.8851619464628637 1.9392211932901222 1.993280440117381 2.0473396869446394 2.101398933771898 2.155458180599157 2.2095174274264155 2.2635766742536743 2.317635921080933 2.3716951679081912 2.42575441473545 2.4798136615627087 2.5338729083900597 2.5879321552173185 2.641991402044577 2.696050648871836 2.7501098956990946 2.804169142526353 2.8582283893536116 2.9122876361808703 2.966346883008129 3.03575870781941 3.1215827855963325 3.2074068633732553
3.139762896159732 2.999335091802823 2.858907287445914 2.718479483089005 2.578051678732096 2.4376238743751877 2.2971960700182787 2.1567682656611304 2.0163404613042215 1.8759126569473126 1.7354848525904036 1.5950570482334943 1.546910253754915 1.597413944709012 1.6479176356631093 1.6984213266172064 1.7489250175713034 1.7994287085254004 1.8499323994794974 1.9004360904335944 1.9509397813877776 2.0014434723418746 2.0519471632959716 2.1024508542500686 2.1529545452041656 2.2034582361582626 2.2539619271123597 2.3044656180664567 2.3549693090205537 2.405472999974651 2.4559766909287477 2.506480381882845 2.5569840728369417 2.6074877637911253 2.657991454745222 2.7084951456993194 2.758998836653416 2.8095025276075134 2.8600062185616104 2.9105099095157074 2.9610136004698044 3.0115172914239015 3.0793605427234167 3.1657401760558503 3.252119809388284
3.3396685046115238 3.1949073673454844 3.050146230079445 2.905385092813406 2.760623955547367 2.615862818281328 2.4711016810152886 2.3263405437490023 2.1815794064829634 2.036818269216924 1.8920571319508852 1.7472959946848459 1.6951917824923868 1.7421399175733223 1.7890880526542576 1.8360361877351932 1.8829843228161285 1.929932457897064 1.9768805929779993 2.023828728058935 2.07077686313995 2.117724998220886 2.164673133301821 2.2116212683827565 2.2585694034636923 2.3055175385446276 2.352465673625563 2.3994138087064982 2.4463619437874335 2.4933100788683693 2.5402582139493046 2.58720634903024 2.6341544841111757 2.681102619192191 2.7280507542731263 2.7749988893540616 2.8219470244349973 2.8688951595159327 2.9158432945968684 2.9627914296778037 3.009739564758739 3.0566876998396744 3.1229623776274242 3.2098975665153686 3.296832755403313
