Figures/CREST_Example_wjb_NSE/Rolling_result/20100722/raw_forecast/ens_2/wjb.rain.20100421.asc
ncols            288
nrows            254
xllcorner        113.274861
yllcorner        31.4918055
cellsize         0.008333333333
NODATA_value     -9999
[rows 140 to 159 of 254, columns 45 to 89 of 288]
4.1859644365294075 4.397440953724889 4.608917470920371 4.820393988115852 5.031870505311334 5.243347022506816 5.352612709843124 5.352612709843124 5.352612709843124 5.352612709843124 5.352612709843124 5.352612709843124 5.352612709843124 5.352612709843124 5.352612709843124 5.352612709843124 5.352612709843124 5.352612709843124 5.431489950194526 5.594688743463556 5.7578875367328655 5.921086330001897 6.084285123270928 6.247483916539959 6.41068270980899 6.573881503078021 6.737080296347052 6.900279089616084 7.063477882885115 7.226676676154145 7.327561755264374 7.3618320652391 7.396102375213825 7.43037268518861 7.464642995163336 7.498913305138061 7.533183615112788 7.567453925087514 7.60172423506224 7.635994545036965 7.670264855011691 7.704535164986417 7.722241948863449 7.722241948863449 7.722241948863449
4.296275227008306 4.513567649411709 4.730860071815113 4.948152494218516 5.16544491662192 5.382737339025322 5.495007988276334 5.495007988276334 5.495007988276334 5.495007988276334 5.495007988276334 5.495007988276334 5.495007988276334 5.495007988276334 5.495007988276334 5.495007988276334 5.495007988276334 5.495007988276334 5.573656141444338 5.736380948152513 5.899105754860968 6.061830561569145 6.224555368277321 6.387280174985497 6.550004981693673 6.71272978840185 6.8754545951100265 7.038179401818203 7.20090420852638 7.363629015234556 7.463728361061307 7.496879673458544 7.530030985855782 7.563182298253076 7.596333610650314 7.629484923047552 7.66263623544479 7.695787547842027 7.728938860239265 7.762090172636503 7.79524148503374 7.828392797430978 7.845521417635778 7.845521417635778 7.845521417635778
4.406586017487205 4.62969434509853 4.8528026727098545 5.075911000321179 5.299019327932505 5.52212765554383 5.637403266709543 5.637403266709543 5.637403266709543 5.637403266709543 5.637403266709543 5.637403266709543 5.637403266709543 5.637403266709543 5.637403266709543 5.637403266709543 5.637403266709543 5.637403266709543 5.715822332694149 5.878073152841471 6.04032397298907 6.2025747931363915 6.364825613283713 6.527076433431035 6.689327253578357 6.851578073725679 7.013828893873001 7.1760797140203225 7.338330534167644 7.500581354314965 7.599894966858238 7.631927281677988 7.663959596497738 7.695991911317543 7.728024226137292 7.7600565409570414 7.792088855776791 7.824121170596541 7.856153485416291 7.888185800236041 7.920218115055791 7.952250429875541 7.968800886408109 7.968800886408109 7.968800886408109
4.516896807966104 4.74582104078535 4.974745273604597 5.203669506423843 5.43259373924309 5.661517972062336 5.779798545142753 5.779798545142753 5.779798545142753 5.779798545142753 5.779798545142753 5.779798545142753 5.779798545142753 5.779798545142753 5.779798545142753 5.779798545142753 5.779798545142753 5.779798545142753 5.857988523943961 6.019765357530429 6.181542191117171 6.343319024703638 6.5050958582901055 6.6668726918765735 6.828649525463041 6.990426359049508 7.152203192635975 7.313980026222442 7.475756859808909 7.637533693395376 7.736061572655171 7.7669748898974325 7.797888207139694 7.828801524382008 7.85971484162427 7.890628158866532 7.921541476108794 7.952454793351055 7.983368110593317 8.014281427835579 8.04519474507784 8.076108062320102 8.092080355180439 8.092080355180439 8.092080355180439
4.627207598445096 4.861947736472269 5.096687874499442 5.331428012526615 5.566168150553788 5.8009082885809615 5.922193823576083 5.922193823576083 5.922193823576083 5.922193823576083 5.922193823576083 5.922193823576083 5.922193823576083 5.922193823576083 5.922193823576083 5.922193823576083 5.922193823576083 5.922193823576083 6.000154715193894 6.161457562219506 6.322760409245394 6.484063256271005 6.645366103296618 6.80666895032223 6.967971797347842 7.129274644373455 7.290577491399066 7.451880338424679 7.613183185450291 7.774486032475903 7.872228178452219 7.902022498116992 7.9318168177817645 7.961611137446588 7.991405457111361 8.021199776776132 8.050994096440906 8.080788416105678 8.110582735770452 8.140377055435223 8.170171375099995 8.199965694764769 8.215359823952873 8.215359823952873 8.215359823952873
4.676338380150327 4.916084301545125 5.155830222939924 5.395576144334723 5.635322065729522 5.875067987124321 5.998939910280047 5.998939910280047 5.998939910280047 5.998939910280047 5.998939910280047 5.998939910280047 5.998939910280047 5.998939910280047 5.998939910280047 5.998939910280047 5.998939910280047 5.998939910280047 6.076503530396444 6.236984413705501 6.397465297014831 6.557946180323888 6.718427063632944 6.878907946942001 7.039388830251058 7.199869713560115 7.360350596869171 7.520831480178228 7.681312363487285 7.841793246796342 7.941769872603877 7.977066079348166 8.012362286092454 8.047658492836804 8.082954699581093 8.118250906325382 8.15354711306967 8.188843319813959 8.224139526558249 8.259435733302537 8.294731940046825 8.330028146791115 8.348264991014615 8.348264991014615 8.348264991014615
4.660071589171269 4.903957324755268 5.147843060339266 5.391728795923264 5.635614531507262 5.8795002670912595 6.0055111494507125 6.0055111494507125 6.0055111494507125 6.0055111494507125 6.0055111494507125 6.0055111494507125 6.0055111494507125 6.0055111494507125 6.0055111494507125 6.0055111494507125 6.0055111494507125 6.0055111494507125 6.082497719631821 6.2417846735808284 6.401071627530108 6.560358581479116 6.719645535428124 6.8789324893771315 7.03821944332614 7.197506397275148 7.356793351224155 7.516080305173164 7.675367259122171 7.834654213071179 7.940093736139902 7.98796913829154 8.035844540443177 8.083719942594897 8.131595344746533 8.17947074689817 8.227346149049808 8.275221551201446 8.323096953353083 8.370972355504719 8.418847757656357 8.466723159807994 8.49145942275835 8.49145942275835 8.49145942275835
4.643804798192212 4.891830347965409 5.139855897738606 5.387881447511804 5.635906997285 5.883932547058198 6.012082388621377 6.012082388621377 6.012082388621377 6.012082388621377 6.012082388621377 6.012082388621377 6.012082388621377 6.012082388621377 6.012082388621377 6.012082388621377 6.012082388621377 6.012082388621377 6.088491908867196 6.246584933456155 6.404677958045384 6.562770982634343 6.720864007223303 6.878957031812262 7.03705005640122 7.19514308099018 7.353236105579139 7.5113291301680984 7.669422154757058 7.827515179346017 7.938417599675927 7.998872197234913 8.059326794793899 8.119781392352987 8.180235989911973 8.240690587470958 8.301145185029945 8.36159978258893 8.422054380147916 8.482508977706901 8.542963575265887 8.603418172824872 8.634653854502083 8.634653854502083 8.634653854502083
4.627538007213154 4.87970337117555 5.131868735137946 5.384034099100342 5.636199463062738 5.888364827025134 6.018653627792042 6.018653627792042 6.018653627792042 6.018653627792042 6.018653627792042 6.018653627792042 6.018653627792042 6.018653627792042 6.018653627792042 6.018653627792042 6.018653627792042 6.018653627792042 6.094486098102572 6.251385193331482 6.408284288560661 6.565183383789571 6.722082479018482 6.878981574247392 7.0358806694763025 7.192779764705213 7.349678859934124 7.506577955163034 7.663477050391945 7.820376145620855 7.936741463211953 8.009775256178287 8.082809049144622 8.15584284211108 8.228876635077414 8.301910428043747 8.374944221010082 8.447978013976417 8.52101180694275 8.594045599909084 8.667079392875419 8.740113185841754 8.777848286245819 8.777848286245819 8.777848286245819
4.611271216234098 4.867576394385693 5.123881572537288 5.380186750688883 5.636491928840478 5.892797106992073 6.0252248669627075 6.0252248669627075 6.0252248669627075 6.0252248669627075 6.0252248669627075 6.0252248669627075 6.0252248669627075 6.0252248669627075 6.0252248669627075 6.0252248669627075 6.0252248669627075 6.0252248669627075 6.100480287337948 6.25618545320681 6.411890619075938 6.567595784944799 6.723300950813661 6.879006116682523 7.034711282551385 7.190416448420246 7.346121614289108 7.50182678015797 7.657531946026831 7.813237111895693 7.935065326747978 8.02067831512166 8.106291303495343 8.191904291869172 8.277517280242854 8.363130268616537 8.44874325699022 8.5343562453639 8.619969233737583 8.705582222111266 8.791195210484949 8.876808198858631 8.921042717989552 8.921042717989552 8.921042717989552
4.595004425255025 4.855449417595823 5.115894409936621 5.376339402277418 5.636784394618216 5.8972293869590136 6.031796106133378 6.031796106133378 6.031796106133378 6.031796106133378 6.031796106133378 6.031796106133378 6.031796106133378 6.031796106133378 6.031796106133378 6.031796106133378 6.031796106133378 6.031796106133378 6.106474476573329 6.260985713082141 6.415496949591216 6.570008186100028 6.72451942260884 6.879030659117653 7.033541895626465 7.188053132135277 7.342564368644089 7.497075605152901 7.651586841661713 7.806098078170525 7.933389190284002 8.031581374065043 8.129773557846086 8.227965741627294 8.326157925408335 8.424350109189378 8.522542292970419 8.62073447675146 8.718926660532501 8.817118844313544 8.915311028094585 9.013503211875626 9.064237149733408 9.064237149733408 9.064237149733408
4.578737634275969 4.843322440805966 5.107907247335962 5.372492053865959 5.637076860395956 5.9016616669259525 6.038367345304043 6.038367345304043 6.038367345304043 6.038367345304043 6.038367345304043 6.038367345304043 6.038367345304043 6.038367345304043 6.038367345304043 6.038367345304043 6.038367345304043 6.038367345304043 6.112468665808705 6.2657859729574685 6.419103280106493 6.572420587255256 6.72573789440402 6.879055201552783 7.032372508701546 7.18568981585031 7.339007122999073 7.4923244301478364 7.645641737296599 7.798959044445363 7.931713053820027 8.042484433008417 8.153255812196807 8.264027191385386 8.374798570573777 8.485569949762166 8.596341328950556 8.707112708138947 8.817884087327336 8.928655466515727 9.039426845704117 9.150198224892506 9.207431581477143 9.207431581477143 9.207431581477143
4.562470843296912 4.8311954640161066 5.099920084735302 5.368644705454498 5.637369326173695 5.906093946892891 6.044938584474708 6.044938584474708 6.044938584474708 6.044938584474708 6.044938584474708 6.044938584474708 6.044938584474708 6.044938584474708 6.044938584474708 6.044938584474708 6.044938584474708 6.044938584474708 6.118462855044081 6.2705862328327955 6.422709610621769 6.574832988410484 6.7269563661991985 6.879079743987913 7.0312031217766275 7.183326499565342 7.335449877354057 7.487573255142771 7.639696632931486 7.7918200107202 7.930036917356052 8.05338749195179 8.176738066547529 8.300088641143478 8.423439215739217 8.546789790334955 8.670140364930694 8.793490939526432 8.91684151412217 9.040192088717909 9.163542663313647 9.286893237909386 9.350626013220877 9.350626013220877 9.350626013220877
4.5462040523178535 4.819068487226248 5.091932922134643 5.364797357043038 5.637661791951433 5.910526226859828 6.051509823645373 6.051509823645373 6.051509823645373 6.051509823645373 6.051509823645373 6.051509823645373 6.051509823645373 6.051509823645373 6.051509823645373 6.051509823645373 6.051509823645373 6.051509823645373 6.124457044279456 6.275386492708122 6.426315941137045 6.577245389565712 6.728174837994377 6.879104286423043 7.030033734851709 7.180963183280374 7.3318926317090405 7.482822080137707 7.633751528566372 7.7846809769950385 7.928360780892077 8.064290550895164 8.200220320898252 8.336150090901569 8.472079860904657 8.608009630907743 8.74393940091083 8.879869170913917 9.015798940917005 9.151728710920091 9.287658480923177 9.423588250926265 9.493820444964612 9.493820444964612 9.493820444964612
4.529937261338796 4.80694151043639 5.083945759533984 5.360950008631578 5.637954257729172 5.914958506826765 6.058081062816037 6.058081062816037 6.058081062816037 6.058081062816037 6.058081062816037 6.058081062816037 6.058081062816037 6.058081062816037 6.058081062816037 6.058081062816037 6.058081062816037 6.058081062816037 6.130451233514832 6.280186752583449 6.429922271652321 6.579657790720939 6.729393309789556 6.879128828858173 7.028864347926791 7.178599866995408 7.328335386064025 7.478070905132642 7.6278064242012595 7.777541943269877 7.926684644428103 8.075193609838538 8.223702575248973 8.372211540659661 8.520720506070097 8.669229471480532 8.817738436890968 8.966247402301402 9.114756367711838 9.263265333122273 9.411774298532707 9.560283263943143 9.637014876708346 9.637014876708346 9.637014876708346
4.513670470359739 4.794814533646532 5.075958596933325 5.357102660220118 5.638246723506911 5.919390786793704 6.064652301986703 6.064652301986703 6.064652301986703 6.064652301986703 6.064652301986703 6.064652301986703 6.064652301986703 6.064652301986703 6.064652301986703 6.064652301986703 6.064652301986703 6.064652301986703 6.136445422750208 6.284987012458777 6.433528602167598 6.582070191876167 6.730611781584735 6.879153371293304 7.027694961001872 7.176236550710441 7.324778140419009 7.473319730127578 7.621861319836146 7.770402909544714 7.925008507964128 8.086096668781911 8.247184829599695 8.408272990417753 8.569361151235537 8.730449312053322 8.891537472871105 9.052625633688889 9.213713794506672 9.374801955324456 9.53589011614224 9.696978276960024 9.780209308452081 9.780209308452081 9.780209308452081
4.497403679380682 4.782687556856674 5.067971434332666 5.353255311808658 5.63853918928465 5.923823066760641 6.071223541157368 6.071223541157368 6.071223541157368 6.071223541157368 6.071223541157368 6.071223541157368 6.071223541157368 6.071223541157368 6.071223541157368 6.071223541157368 6.071223541157368 6.071223541157368 6.142439611985584 6.289787272334104 6.437134932682874 6.584482593031394 6.731830253379914 6.879177913728434 7.026525574076953 7.173873234425473 7.321220894773993 7.468568555122513 7.6159162154710325 7.763263875819552 7.923332371500153 8.096999727725285 8.270667083950418 8.444334440175846 8.618001796400977 8.79166915262611 8.965336508851241 9.139003865076374 9.312671221301505 9.486338577526638 9.66000593375177 9.833673289976902 9.923403740195814 9.923403740195814 9.923403740195814
4.48899927921653 4.776422033075457 5.063844786934386 5.351267540793314 5.638690294652242 5.926113048511169 6.074618637561798 6.074618637561798 6.074618637561798 6.074618637561798 6.074618637561798 6.074618637561798 6.074618637561798 6.074618637561798 6.074618637561798 6.074618637561798 6.074618637561798 6.074618637561798 6.145536569772686 6.292267374582673 6.438998179392911 6.585728984202898 6.732459789012886 6.879190593822873 7.02592139863286 7.172652203442848 7.319383008252835 7.466113813062822 7.61284461787281 7.759575422682797 7.922466378841176 8.102632902116683 8.28279942539219 8.462965948668003 8.64313247194351 8.823298995219016 9.003465518494522 9.183632041770029 9.363798565045535 9.543965088321043 9.72413161159655 9.904298134872056 9.997386574745178 9.997386574745178 9.997386574745178
4.48899927921653 4.776422033075457 5.063844786934386 5.351267540793314 5.638690294652242 5.926113048511169 6.074618637561798 6.074618637561798 6.074618637561798 6.074618637561798 6.074618637561798 6.074618637561798 6.074618637561798 6.074618637561798 6.074618637561798 6.074618637561798 6.074618637561798 6.074618637561798 6.145536569772686 6.292267374582673 6.438998179392911 6.585728984202898 6.732459789012886 6.879190593822873 7.02592139863286 7.172652203442848 7.319383008252835 7.466113813062822 7.61284461787281 7.759575422682797 7.922466378841176 8.102632902116683 8.28279942539219 8.462965948668003 8.64313247194351 8.823298995219016 9.003465518494522 9.183632041770029 9.363798565045535 9.543965088321043 9.72413161159655 9.904298134872056 9.997386574745178 9.997386574745178 9.997386574745178
4.48899927921653 4.776422033075457 5.063844786934386 5.351267540793314 5.638690294652242 5.926113048511169 6.074618637561798 6.074618637561798 6.074618637561798 6.074618637561798 6.074618637561798 6.074618637561798 6.074618637561798 6.074618637561798 6.074618637561798 6.074618637561798 6.074618637561798 6.074618637561798 6.145536569772686 6.292267374582673 6.438998179392911 6.585728984202898 6.732459789012886 6.879190593822873 7.02592139863286 7.172652203442848 7.319383008252835 7.466113813062822 7.61284461787281 7.759575422682797 7.922466378841176 8.102632902116683 8.28279942539219 8.462965948668003 8.64313247194351 8.823298995219016 9.003465518494522 9.183632041770029 9.363798565045535 9.543965088321043 9.72413161159655 9.904298134872056 9.997386574745178 9.997386574745178 9.997386574745178
