Figures/CREST_Example_wjb_NSE/Rolling_result/20100722/raw_forecast/ens_2/wjb.rain.20100731.asc
ncols            288
nrows            254
xllcorner        113.274861
yllcorner        31.4918055
cellsize         0.008333333333
NODATA_value     -9999
[rows 190 to 208 of 254, columns 129 to 171 of 288]
0.11785181049188855 0.1272925530616752 0.13673329563144576 0.14617403820121633 0.1556147807709869 0.16505552334075746 0.17449626591052803 0.1839370084802986 0.19337775105006913 0.2028184936198397 0.21225923618961026 0.22169997875938083 0.2311407213291514 0.24058146389892196 0.2500222064687086 0.25946294903847916 0.26890369160824973 0.2783444341780203 0.28657956047144545 0.2935258556957444 0.3004721509200434 0.30741844614434244 0.3143647413686414 0.32131103659294036 0.3282573318172394 0.3352036270415384 0.34214992226583735 0.3490962174901482 0.3560425127144472 0.36298880793874616 0.3699351031630451 0.37688139838734414 0.38382769361164315 0.3907739888359421 0.39772028406024107 0.4046665792845401 0.4116128745088391 0.41855916973313806 0.425505464957437 0.43245176018173603 0.4393980554060469 0.44634435063034583 0.45329064585464485
0.12062588184975835 0.130288846661618 0.13995181147346117 0.14961477628530434 0.15927774109714748 0.16894070590899066 0.17860367072083383 0.18826663553267697 0.19792960034452015 0.20759256515636332 0.21725552996820646 0.22691849478004963 0.2365814595918928 0.24624442440373598 0.2559073892155956 0.2655703540274388 0.2752333188392819 0.2848962836511251 0.29319252549952285 0.3000277095862287 0.30686289367293457 0.31369807775964037 0.32053326184634623 0.3273684459330521 0.3342036300197579 0.34103881410646375 0.3478739981931696 0.35470918227988707 0.36154436636659293 0.3683795504532988 0.37521473454000465 0.38204991862671045 0.3888851027134163 0.39572028680012217 0.40255547088682797 0.40939065497353383 0.4162258390602397 0.4230610231469455 0.42989620723365135 0.4367313913203572 0.44356657540707467 0.45040175949378053 0.4572369435804864
0.12339995320762817 0.1332851402615608 0.14317032731547655 0.15305551436939233 0.16294070142330808 0.17282588847722385 0.18271107553113963 0.19259626258505538 0.20248144963897116 0.2123666366928869 0.2222518237468027 0.23213701080071844 0.24202219785463422 0.25190738490854997 0.2617925719624826 0.27167775901639835 0.2815629460703141 0.2914481331242299 0.2998054905276003 0.30652956347671295 0.31325363642582565 0.31997770937493836 0.32670178232405106 0.33342585527316376 0.34014992822227647 0.3468740011713891 0.3535980741205018 0.360322147069626 0.36704622001873866 0.37377029296785136 0.38049436591696406 0.38721843886607676 0.39394251181518947 0.40066658476430217 0.40739065771341487 0.4141147306625276 0.4208388036116402 0.4275628765607529 0.4342869495098656 0.44101102245897833 0.44773509540810247 0.45445916835721517 0.4611832413063279
0.12416279508017965 0.1341090910276469 0.14405538697509718 0.15400168292254748 0.16394797886999776 0.17389427481744807 0.18384057076489835 0.19378686671234865 0.20373316265979893 0.21367945860724924 0.22362575455469952 0.23357205050214983 0.2435183464496001 0.2534646423970504 0.2634109383445177 0.27335723429196795 0.28330353023941823 0.29324982618686857 0.30158505511094497 0.30819801694647225 0.31481097878199954 0.3214239406175269 0.32803690245305417 0.33464986428858146 0.3412628261241088 0.3478757879596361 0.35448874979516337 0.361101711630702 0.36771467346622927 0.3743276353017566 0.3809405971372839 0.3875535589728112 0.39416652080833847 0.4007794826438658 0.4073924444793931 0.41400540631492044 0.42061836815044773 0.427231329985975 0.4338442918215023 0.44045725365702965 0.4470702154925682 0.4536831773280955 0.46029613916362283
0.12277575940124413 0.13261094422767486 0.1424461290540888 0.15228131388050273 0.1621164987069167 0.17195168353333062 0.18178686835974456 0.19162205318615852 0.20145723801257245 0.2112924228389864 0.22112760766540035 0.23096279249181428 0.24079797731822825 0.25063316214464215 0.2604683469710729 0.27030353179748684 0.2801387166239008 0.2899739014503147 0.2981980192693593 0.30469987001696397 0.3112017207645686 0.31770357151217327 0.3242054222597779 0.33070727300738256 0.3372091237549872 0.34371097450259186 0.3502128252501965 0.35671467599781226 0.3632165267454169 0.3697183774930215 0.3762202282406262 0.38272207898823085 0.38922392973583547 0.39572578048344015 0.40222763123104477 0.40872948197864944 0.41523133272625407 0.42173318347385874 0.42823503422146336 0.43473688496906804 0.44123873571668376 0.4477405864642884 0.45424243721189306
0.12138872372230924 0.1311127974277035 0.14083687113308113 0.15056094483845878 0.16028501854383642 0.17000909224921407 0.1797331659545917 0.18945723965996936 0.199181313365347 0.20890538707072465 0.2186294607761023 0.22835353448147994 0.23807760818685758 0.24780168189223523 0.25752575559762947 0.2672498293030071 0.27697390300838476 0.2866979767137624 0.2948109834277752 0.3012017230874572 0.30759246274713925 0.3139832024068213 0.3203739420665033 0.3267646817261854 0.3331554213858674 0.33954616104554947 0.3459369007052315 0.3523276403649244 0.3587183800246065 0.3651091196842885 0.37149985934397056 0.37789059900365257 0.38428133866333464 0.39067207832301665 0.3970628179826987 0.4034535576423808 0.4098442973020628 0.41623503696174485 0.42262577662142686 0.42901651628110893 0.4354072559408019 0.4417979956004839 0.4481887352601659
0.12000168804337434 0.1296146506277321 0.13922761321207341 0.14884057579641477 0.15845353838075613 0.16806650096509745 0.1776794635494388 0.18729242613378014 0.1969053887181215 0.20651835130246285 0.21613131388680418 0.22574427647114553 0.23535723905548686 0.24497020163982822 0.254583164224186 0.2641961268085273 0.27380908939286863 0.28342205197721 0.291423947586191 0.2977035761579504 0.30398320472970985 0.31026283330146925 0.3165424618732287 0.3228220904449881 0.32910171901674756 0.335381347588507 0.3416609761602664 0.3479406047320366 0.354220233303796 0.36049986187555544 0.36677949044731484 0.3730591190190743 0.37933874759083375 0.38561837616259315 0.3918980047343526 0.398177633306112 0.40445726187787145 0.4107368904496309 0.4170165190213903 0.4232961475931497 0.4295757761649199 0.4358554047366793 0.44213503330843873
0.11861465236443884 0.12811650382776005 0.13761835529106503 0.14712020675437001 0.15662205821767503 0.16612390968098 0.17562576114428502 0.18512761260759 0.19462946407089501 0.2041313155342 0.213633166997505 0.22313501846081 0.23263686992411498 0.24213872138742 0.2516405728507412 0.26114242431404616 0.2706442757773512 0.2801461272406562 0.28803691174460533 0.2942054292284421 0.30037394671227885 0.30654246419611564 0.3127109816799524 0.3188794991637892 0.32504801664762595 0.33121653413146274 0.3373850516152995 0.3435535690991468 0.3497220865829836 0.3558906040668204 0.36205912155065717 0.36822763903449396 0.3743961565183307 0.3805646740021675 0.38673319148600427 0.392901708969841 0.3990702264536778 0.4052387439375146 0.41140726142135137 0.41757577890518816 0.42374429638903544 0.42991281387287217 0.436081331356709
0.11722761668550392 0.12661835702778865 0.13600909737005734 0.14539983771232604 0.15479057805459473 0.16418131839686342 0.17357205873913212 0.1829627990814008 0.1923535394236695 0.2017442797659382 0.2111350201082069 0.2205257604504756 0.22991650079274428 0.23930724113501298 0.24869798147729769 0.2580887218195664 0.2674794621618351 0.27687020250410377 0.28464987590302115 0.2907072822989353 0.29676468869484945 0.30282209509076363 0.3088795014866778 0.314936907882592 0.3209943142785061 0.3270517206744203 0.33310912707033447 0.33916653346625897 0.34522393986217315 0.35128134625808727 0.35733875265400145 0.3633961590499156 0.3694535654458298 0.375510971841744 0.3815683782376581 0.3876257846335723 0.39368319102948646 0.39974059742540063 0.4057980038213148 0.41185541021722893 0.4179128166131535 0.4239702230090676 0.4300276294049818
0.11584058100656905 0.12512021022781727 0.13439983944904965 0.14367946867028206 0.15295909789151446 0.16223872711274684 0.17151835633397924 0.18079798555521165 0.19007761477644405 0.19935724399767643 0.20863687321890884 0.21791650244014124 0.22719613166137362 0.23647576088260602 0.24575539010385425 0.25503501932508665 0.26431464854631903 0.2735942777675514 0.281262840061437 0.28720913536942855 0.2931554306774201 0.2991017259854117 0.30504802129340325 0.31099431660139476 0.3169406119093863 0.3228869072173779 0.32883320252536946 0.33477949783337113 0.3407257931413627 0.34667208844935427 0.35261838375734583 0.3585646790653374 0.36451097437332897 0.37045726968132053 0.37640356498931204 0.3823498602973036 0.3882961556052952 0.39424245091328675 0.4001887462212783 0.4061350415292698 0.41208133683727155 0.4180276321452631 0.4239739274532547
0.11445354532763354 0.12362206342784522 0.13279058152804127 0.1419590996282373 0.15112761772843336 0.16029613582862942 0.16946465392882545 0.17863317202902151 0.18780169012921755 0.1969702082294136 0.20613872632960964 0.2153072444298057 0.22447576253000173 0.2336442806301978 0.24281279873040948 0.25198131683060554 0.26114983493080157 0.2703183530309976 0.27787580421985136 0.28371098843992026 0.28954617265998916 0.29538135688005807 0.30121654110012697 0.30705172532019587 0.31288690954026477 0.31872209376033367 0.32455727798040257 0.3303924622004814 0.3362276464205503 0.3420628306406192 0.3478980148606881 0.353733199080757 0.3595683833008259 0.3654035675208948 0.3712387517409637 0.37707393596103267 0.38290912018110157 0.38874430440117047 0.39457948862123937 0.4004146728413083 0.40624985706138705 0.412085041281456 0.4179202255015249
0.11306650964869863 0.12212391662787382 0.13118132360703358 0.14023873058619332 0.14929613756535307 0.1583535445445128 0.16741095152367255 0.1764683585028323 0.18552576548199204 0.1945831724611518 0.20364057944031155 0.2126979864194713 0.22175539339863104 0.23081280037779078 0.239870207356966 0.24892761433612573 0.2579850213152855 0.26704242829444524 0.27448876837826713 0.2802128415104135 0.28593691464255977 0.29166098777470606 0.29738506090685235 0.30310913403899864 0.30883320717114493 0.3145572803032912 0.3202813534354375 0.32600542656759357 0.33172949969973986 0.33745357283188615 0.34317764596403244 0.34890171909617873 0.354625792228325 0.3603498653604713 0.3660739384926176 0.3717980116247639 0.3775220847569102 0.38324615788905647 0.38897023102120276 0.39469430415334905 0.4004183772855051 0.4061424504176514 0.4118665235497977
0.11167947396976372 0.12062576982790242 0.12957206568602586 0.13851836154414932 0.14746465740227277 0.15641095326039622 0.16535724911851965 0.1743035449766431 0.18324984083476656 0.19219613669288999 0.20114243255101344 0.2100887284091369 0.21903502426726035 0.22798132012538377 0.2369276159835225 0.24587391184164592 0.2548202076997694 0.26376650355789283 0.27110173253668296 0.27671469458090664 0.2823276566251303 0.28794061866935405 0.29355358071357773 0.2991665427578014 0.3047795048020251 0.31039246684624877 0.31600542889047245 0.3216183909347057 0.32723135297892936 0.33284431502315304 0.3384572770673767 0.34407023911160045 0.34968320115582413 0.3552961632000478 0.3609091252442715 0.36652208728849517 0.37213504933271885 0.3777480113769425 0.3833609734211662 0.3889739354653899 0.39458689750962317 0.40019985955384685 0.40581282159807053
0.11029243829082881 0.11912762302793102 0.12796280776501817 0.1367979925021053 0.14563317723919247 0.1544683619762796 0.16330354671336675 0.1721387314504539 0.18097391618754105 0.1898091009246282 0.19864428566171535 0.2074794703988025 0.21631465513588963 0.22514983987297676 0.233985024610079 0.24282020934716614 0.2516553940842533 0.2604905788213404 0.2677146966950988 0.27321654765139985 0.2787183986077009 0.284220249564002 0.28972210052030306 0.2952239514766042 0.30072580243290525 0.3062276533892063 0.3117295043455074 0.31723135530181784 0.3227332062581189 0.32823505721442 0.33373690817072105 0.3392387591270221 0.34474061008332324 0.3502424610396243 0.3557443119959254 0.36124616295222645 0.3667480139085275 0.3722498648648286 0.37775171582112965 0.3832535667774307 0.38875541773374117 0.3942572686900423 0.39975911964634336
0.10890540261189333 0.11762947622795901 0.12635354984400982 0.1350776234600606 0.1438016970761114 0.1525257706921622 0.16124984430821301 0.1699739179242638 0.1786979915403146 0.1874220651563654 0.19614613877241618 0.204870212388467 0.2135942860045178 0.2223183596205686 0.23104243323663426 0.23976650685268508 0.24849058046873587 0.25721465408478666 0.26432766085351317 0.2697184007218916 0.27510914059027003 0.28049988045864843 0.28589062032702683 0.2912813601954053 0.2966721000637837 0.3020628399321621 0.3074535798005405 0.3128443196689281 0.3182350595373066 0.323625799405685 0.3290165392740634 0.3344072791424418 0.3397980190108202 0.34518875887919864 0.35057949874757705 0.35597023861595545 0.3613609784843339 0.3667517183527123 0.3721424582210907 0.37753319808946917 0.38292393795785673 0.3883146778262352 0.3937054176946136
0.10751836693295842 0.11613132942798761 0.12474429192300211 0.1333572544180166 0.1419702169130311 0.1505831794080456 0.1591961419030601 0.1678091043980746 0.1764220668930891 0.1850350293881036 0.1936479918831181 0.2022609543781326 0.2108739168731471 0.21948687936816158 0.22809984186319077 0.23671280435820527 0.24532576685321977 0.25393872934823425 0.260940625011929 0.2662202537923848 0.27149988257284063 0.2767795113532964 0.2820591401337522 0.28733876891420806 0.29261839769466386 0.29789802647511965 0.30317765525557544 0.3084572840360403 0.31373691281649607 0.3190165415969519 0.3242961703774077 0.3295757991578635 0.3348554279383193 0.3401350567187751 0.34541468549923093 0.3506943142796867 0.3559739430601425 0.36125357184059836 0.36653320062105416 0.37181282940150995 0.3770924581819748 0.3823720869624306 0.38765171574288637
0.10613133125402352 0.11463318262801621 0.12313503400199441 0.1316368853759726 0.1401387367499508 0.148640588123929 0.1571424394979072 0.1656442908718854 0.17414614224586358 0.1826479936198418 0.19114984499381998 0.1996516963677982 0.20815354774177638 0.2166553991157546 0.22515725048974727 0.2336591018637255 0.24216095323770367 0.2506628046116819 0.2575535891703448 0.262722106862878 0.26789062455541124 0.2730591422479444 0.2782276599404776 0.28339617763301084 0.288564695325544 0.2937332130180772 0.29890173071061044 0.30407024840315244 0.3092387660956856 0.3144072837882188 0.31957580148075204 0.3247443191732852 0.3299128368658184 0.33508135455835164 0.3402498722508848 0.345418389943418 0.35058690763595124 0.3557554253284844 0.3609239430210176 0.36609246071355084 0.37126097840609285 0.3764294960986261 0.38159801379115926
0.104744295575088 0.11313503582804417 0.12152577608098601 0.12991651633392787 0.1383072565868697 0.14669799683981155 0.15508873709275342 0.16347947734569526 0.1718702175986371 0.18026095785157895 0.18865169810452082 0.19704243835746266 0.2054331786104045 0.21382391886334637 0.2222146591163025 0.23060539936924437 0.23899613962218622 0.24738687987512806 0.25416655332875915 0.2592239599333697 0.26428136653798023 0.2693387731425908 0.2743961797472013 0.2794535863518119 0.2845109929564224 0.289568399561033 0.2946258061656435 0.29968321277026266 0.30474061937487323 0.3097980259794838 0.3148554325840943 0.31991283918870483 0.3249702457933154 0.330027652397926 0.3350850590025365 0.34014246560714706 0.3451998722117576 0.35025727881636814 0.35531468542097866 0.36037209202558923 0.3654294986302084 0.370486905234819 0.3755443118394295
0.10335725989615312 0.11163688902807278 0.11991651815997834 0.1281961472918839 0.13647577642378944 0.14475540555569497 0.15303503468760052 0.16131466381950607 0.16959429295141162 0.17787392208331718 0.18615355121522273 0.19443318034712828 0.20271280947903383 0.2109924386109394 0.21927206774285904 0.2275516968747646 0.23583132600667014 0.2441109551385757 0.250779517487175 0.25572581300386293 0.2606721085205509 0.2656184040372388 0.27056469955392676 0.27551099507061466 0.2804572905873026 0.2854035861039905 0.2903498816206785 0.2952961771373748 0.3002424726540628 0.3051887681707507 0.31013506368743865 0.3150813592041266 0.3200276547208145 0.3249739502375025 0.3299202457541904 0.33486654127087834 0.33981283678756624 0.3447591323042542 0.34970542782094216 0.35465172333763006 0.3595980188543264 0.36454431437101437 0.3694906098877023
