Figures/CREST_Example_wjb_NSE/Rolling_result/20100722/raw_forecast/ens_2/wjb.rain.20100601.asc
ncols            288
nrows            254
xllcorner        113.274861
yllcorner        31.4918055
cellsize         0.008333333333
NODATA_value     -9999
[rows 60 to 79 of 254, columns 88 to 131 of 288]
0.13487426959294352 0.13487426959294352 0.13487426959294352 0.13487426959294352 0.13487426959294352 0.13487426959294352 0.13487426959294352 0.13487426959294352 0.13487426959294352 0.13487426959294352 0.13487426959294352 0.13161606431277287 0.12487476391786567 0.11813346352295849 0.11139216312805131 0.10465086273314413 0.09790956233822545 0.09116826194331826 0.08442696154841109 0.0776856611535039 0.07094436075859671 0.06420306036368953 0.05746175996878235 0.053978664850803965 0.053978664850803965 0.053978664850803965 0.053978664850803965 0.053978664850803965 0.053978664850803965 0.053978664850803965 0.053978664850803965 0.053978664850803965 0.053978664850803965 0.053978664850803965 0.053978664850803965 0.052938345447543965 0.05078590107559513 0.04863345670364629 0.046481012331697456 0.04432856795974861 0.04217612358779978 0.04002367921585094 0.037871234843898434 0.03571879047194959
0.1258092591908141 0.1258092591908141 0.1258092591908141 0.1258092591908141 0.1258092591908141 0.1258092591908141 0.1258092591908141 0.1258092591908141 0.1258092591908141 0.1258092591908141 0.1258092591908141 0.1276699014910326 0.13151961248057076 0.13536932347010888 0.139219034459647 0.14306874544918513 0.14691845643872983 0.15076816742826799 0.1546178784178061 0.15846758940734423 0.16231730039688236 0.16616701138642048 0.17001672237595863 0.17200579106712954 0.17200579106712954 0.17200579106712954 0.17200579106712954 0.17200579106712954 0.17200579106712954 0.17200579106712954 0.17200579106712954 0.17200579106712954 0.17200579106712954 0.17200579106712954 0.17200579106712954 0.1662150222065168 0.15423379047689253 0.14225255874726825 0.13027132701764396 0.11829009528801969 0.1063088635583954 0.09432763182877113 0.08234640009912642 0.07036516836950214
0.11488514931261327 0.11488514931261327 0.11488514931261327 0.11488514931261327 0.11488514931261327 0.11488514931261327 0.11488514931261327 0.11488514931261327 0.11488514931261327 0.11488514931261327 0.11488514931261327 0.12681858873159005 0.15150914471262247 0.17619970069365487 0.2008902566746873 0.22558081265571972 0.2502713686367942 0.27496192461782665 0.2996524805988591 0.3243430365798915 0.3490335925609239 0.37372414854195635 0.39841470452298877 0.41117182109691797 0.41117182109691797 0.41117182109691797 0.41117182109691797 0.41117182109691797 0.41117182109691797 0.41117182109691797 0.41117182109691797 0.41117182109691797 0.41117182109691797 0.41117182109691797 0.41117182109691797 0.3956495108980421 0.3635335000627964 0.33141748922755065 0.299301478392305 0.26718546755705924 0.23506945672181354 0.20295344588656783 0.17083743505126736 0.13872142421602163
0.10396103943441246 0.10396103943441246 0.10396103943441246 0.10396103943441246 0.10396103943441246 0.10396103943441246 0.10396103943441246 0.10396103943441246 0.10396103943441246 0.10396103943441246 0.10396103943441246 0.1259672759721475 0.1714986769446742 0.21703007791720091 0.2625614788897276 0.3080928798622543 0.35362428083485864 0.39915568180738537 0.4446870827799121 0.4902184837524388 0.5357498847249654 0.5812812856974922 0.6268126866700189 0.6503378511267064 0.6503378511267064 0.6503378511267064 0.6503378511267064 0.6503378511267064 0.6503378511267064 0.6503378511267064 0.6503378511267064 0.6503378511267064 0.6503378511267064 0.6503378511267064 0.6503378511267064 0.6250839995895674 0.5728332096487002 0.520582419707833 0.46833162976696596 0.4160808398260988 0.36383004988523165 0.31157925994436453 0.25932847000340825 0.20707768006254113
0.09303692955621164 0.09303692955621164 0.09303692955621164 0.09303692955621164 0.09303692955621164 0.09303692955621164 0.09303692955621164 0.09303692955621164 0.09303692955621164 0.09303692955621164 0.09303692955621164 0.1251159632127049 0.1914882091767259 0.2578604551407469 0.3242327011047679 0.39060494706878884 0.456977193032923 0.523349438996944 0.589721684960965 0.656093930924986 0.722466176889007 0.788838422853028 0.855210668817049 0.8895038811564948 0.8895038811564948 0.8895038811564948 0.8895038811564948 0.8895038811564948 0.8895038811564948 0.8895038811564948 0.8895038811564948 0.8895038811564948 0.8895038811564948 0.8895038811564948 0.8895038811564948 0.8545184882810927 0.782132919234604 0.7097473501881155 0.637361781141627 0.5649762120951384 0.4925906430486498 0.4202050740021612 0.34781950495554925 0.2754339359090606
0.0821128196780108 0.0821128196780108 0.0821128196780108 0.0821128196780108 0.0821128196780108 0.0821128196780108 0.0821128196780108 0.0821128196780108 0.0821128196780108 0.0821128196780108 0.0821128196780108 0.12426465045326235 0.21147774140877762 0.29869083236429295 0.3859039233198083 0.47311701427532354 0.5603301052309876 0.6475431961865028 0.7347562871420181 0.8219693780975333 0.9091824690530487 0.996395560008564 1.0836086509640792 1.1286699111862835 1.1286699111862835 1.1286699111862835 1.1286699111862835 1.1286699111862835 1.1286699111862835 1.1286699111862835 1.1286699111862835 1.1286699111862835 1.1286699111862835 1.1286699111862835 1.1286699111862835 1.0839529769726182 0.9914326288205082 0.8989122806683981 0.806391932516288 0.7138715843641781 0.6213512362120681 0.528830888059958 0.4363105399076903 0.34379019175558023
0.07118870979980067 0.07118870979980067 0.07118870979980067 0.07118870979980067 0.07118870979980067 0.07118870979980067 0.07118870979980067 0.07118870979980067 0.07118870979980067 0.07118870979980067 0.07118870979980067 0.12341333769381906 0.2314672736408464 0.33952120958787374 0.4475751455349011 0.5556290814819284 0.6636830174291399 0.7717369533761673 0.8797908893231946 0.987844825270222 1.0958987612172495 1.2039526971642767 1.312006633111304 1.3678359412162757 1.3678359412162757 1.3678359412162757 1.3678359412162757 1.3678359412162757 1.3678359412162757 1.3678359412162757 1.3678359412162757 1.3678359412162757 1.3678359412162757 1.3678359412162757 1.3678359412162757 1.313387465664339 1.2007323384065904 1.0880772111488417 0.9754220838910932 0.8627669566333446 0.750111829375596 0.6374567021178473 0.5248015748599065 0.4121464476021579
0.06026459992159984 0.06026459992159984 0.06026459992159984 0.06026459992159984 0.06026459992159984 0.06026459992159984 0.06026459992159984 0.06026459992159984 0.06026459992159984 0.06026459992159984 0.06026459992159984 0.12256202493437648 0.2514568058728981 0.38035158681141973 0.5092463677499414 0.638141148688463 0.7670359296272045 0.895930710565726 1.0248254915042478 1.1537202724427693 1.282615053381291 1.4115098343198127 1.5404046152583342 1.6070019712460641 1.6070019712460641 1.6070019712460641 1.6070019712460641 1.6070019712460641 1.6070019712460641 1.6070019712460641 1.6070019712460641 1.6070019712460641 1.6070019712460641 1.6070019712460641 1.6070019712460641 1.5428219543558643 1.4100320479924942 1.2772421416291242 1.1444522352657542 1.0116623289023843 0.8788724225390141 0.7460825161756441 0.6132926098120476 0.4805027034486775
0.04934049004339902 0.04934049004339902 0.04934049004339902 0.04934049004339902 0.04934049004339902 0.04934049004339902 0.04934049004339902 0.04934049004339902 0.04934049004339902 0.04934049004339902 0.04934049004339902 0.12171071217493393 0.2714463381049499 0.42118196403496583 0.5709175899649818 0.7206532158949976 0.870388841825269 1.020124467755285 1.1698600936853008 1.3195957196153167 1.4693313455453327 1.6190669714753487 1.7688025974053647 1.8461680012758526 1.8461680012758526 1.8461680012758526 1.8461680012758526 1.8461680012758526 1.8461680012758526 1.8461680012758526 1.8461680012758526 1.8461680012758526 1.8461680012758526 1.8461680012758526 1.8461680012758526 1.7722564430473895 1.619331757578398 1.4664070721094067 1.3134823866404153 1.1605577011714237 1.007633015702432 0.8547083302334407 0.7017836447641885 0.5488589592951969
0.038416380165198195 0.038416380165198195 0.038416380165198195 0.038416380165198195 0.038416380165198195 0.038416380165198195 0.038416380165198195 0.038416380165198195 0.038416380165198195 0.038416380165198195 0.038416380165198195 0.12085939941549134 0.2914358703370016 0.46201234125851176 0.6325888121800219 0.8031652831015322 0.9737417540233333 1.1443182249448436 1.3148946958663537 1.485471166787864 1.656047637709374 1.8266241086308843 1.9972005795523946 2.085334031305641 2.085334031305641 2.085334031305641 2.085334031305641 2.085334031305641 2.085334031305641 2.085334031305641 2.085334031305641 2.085334031305641 2.085334031305641 2.085334031305641 2.085334031305641 2.001690931738915 1.8286314671643022 1.6555720025896892 1.4825125380150763 1.3094530734404635 1.1363936088658506 0.9633341442912375 0.7902746797163296 0.6172152151417165
0.02749227028699737 0.02749227028699737 0.02749227028699737 0.02749227028699737 0.02749227028699737 0.02749227028699737 0.02749227028699737 0.02749227028699737 0.02749227028699737 0.02749227028699737 0.02749227028699737 0.12000808665604877 0.31142540256905327 0.5028427184820577 0.6942600343950623 0.8856773503080668 1.0770946662213976 1.2685119821344022 1.4599292980474066 1.6513466139604112 1.8427639298734158 2.0341812457864203 2.2255985616994245 2.3245000613354296 2.3245000613354296 2.3245000613354296 2.3245000613354296 2.3245000613354296 2.3245000613354296 2.3245000613354296 2.3245000613354296 2.3245000613354296 2.3245000613354296 2.3245000613354296 2.3245000613354296 2.2311254204304403 2.037931176750206 1.8447369330699717 1.6515426893897374 1.458348445709503 1.2651542020292688 1.0719599583490342 0.8787657146684706 0.6855714709882361
0.016568160408796544 0.016568160408796544 0.016568160408796544 0.016568160408796544 0.016568160408796544 0.016568160408796544 0.016568160408796544 0.016568160408796544 0.016568160408796544 0.016568160408796544 0.016568160408796544 0.1191567738966062 0.331414934801105 0.5436730957056037 0.7559312566101025 0.9681894175146013 1.1804475784194621 1.392705739323961 1.60496390022846 1.8172220611329586 2.0294802220374573 2.241738382941956 2.4539965438464546 2.563666091365218 2.563666091365218 2.563666091365218 2.563666091365218 2.563666091365218 2.563666091365218 2.563666091365218 2.563666091365218 2.563666091365218 2.563666091365218 2.563666091365218 2.563666091365218 2.4605599091219656 2.24723088633611 2.033901863550254 1.8205728407643984 1.6072438179785427 1.3939147951926867 1.180585772406831 0.9672567496206115 0.7539277268347555
0.005644050530586407 0.005644050530586407 0.005644050530586407 0.005644050530586407 0.005644050530586407 0.005644050530586407 0.005644050530586407 0.005644050530586407 0.005644050530586407 0.005644050530586407 0.005644050530586407 0.11830546113716289 0.35140446703317374 0.5845034729291845 0.8176024788251953 1.0507014847212062 1.2838004906176146 1.5168994965136253 1.749998502409636 1.983097508305647 2.216196514201658 2.4492955200976687 2.6823945259936797 2.8028321213952103 2.8028321213952103 2.8028321213952103 2.8028321213952103 2.8028321213952103 2.8028321213952103 2.8028321213952103 2.8028321213952103 2.8028321213952103 2.8028321213952103 2.8028321213952103 2.8028321213952103 2.6899943978136864 2.4565305959221924 2.223066794030698 1.9896029921392033 1.756139190247709 1.5226753883562147 1.2892115864647202 1.0557477845728278 0.8222839826813335
0.0 0.0 0.0 0.0 0.0 0.0 0.0 0.0 0.0 0.0 0.0 0.11311819101496765 0.347162285904055 0.5812063807931424 0.8152504756822297 1.049294570571317 1.2833386654608037 1.517382760349891 1.7514268552389782 1.9854709501280656 2.219515045017153 2.4535591399062406 2.687603234795328 2.8085291387819984 2.8085291387819984 2.8085291387819984 2.8085291387819984 2.8085291387819984 2.8085291387819984 2.8085291387819984 2.8085291387819984 2.8085291387819984 2.8085291387819984 2.8085291387819984 2.8085291387819984 2.6981727295466906 2.4698428231519176 2.2415129167571446 2.0131830103623716 1.7848531039675986 1.5565231975728255 1.3281932911780525 1.0998633847828903 0.8715334783881172
0.0 0.0 0.0 0.0 0.0 0.0 0.0 0.0 0.0 0.0 0.0 0.10329605585760927 0.3170179310209759 0.5307398061843425 0.7444616813477092 0.9581835565110758 1.1719054316748068 1.3856273068381735 1.59934918200154 1.8130710571649067 2.026792932328273 2.24051480749164 2.4542366826550066 2.5646625020635416 2.5646625020635416 2.5646625020635416 2.5646625020635416 2.5646625020635416 2.5646625020635416 2.5646625020635416 2.5646625020635416 2.5646625020635416 2.5646625020635416 2.5646625020635416 2.5646625020635416 2.4698421798707266 2.273656788912204 2.0774713979536807 1.8812860069951576 1.6851006160366344 1.4889152250781115 1.2927298341195885 1.096544443160731 0.9003590522022078
0.0 0.0 0.0 0.0 0.0 0.0 0.0 0.0 0.0 0.0 0.0 0.09347392070025089 0.2868735761378967 0.4802732315755426 0.6736728870131884 0.8670725424508342 1.0604721978888099 1.2538718533264557 1.4472715087641015 1.6406711642017473 1.8340708196393933 2.027470475077039 2.220870130514685 2.320795865345085 2.320795865345085 2.320795865345085 2.320795865345085 2.320795865345085 2.320795865345085 2.320795865345085 2.320795865345085 2.320795865345085 2.320795865345085 2.320795865345085 2.320795865345085 2.241511630194763 2.0774707546724898 1.913429879150217 1.7493890036279436 1.5853481281056707 1.4213072525833974 1.2572663770611245 1.0932255015385717 0.9291846260162986
0.0 0.0 0.0 0.0 0.0 0.0 0.0 0.0 0.0 0.0 0.0 0.08365178554289252 0.25672922125481756 0.42980665696674264 0.6028840926786677 0.7759615283905927 0.949038964102813 1.122116399814738 1.295193835526663 1.4682712712385881 1.6413487069505133 1.8144261426624382 1.9875035783743633 2.076929228626628 2.076929228626628 2.076929228626628 2.076929228626628 2.076929228626628 2.076929228626628 2.076929228626628 2.076929228626628 2.076929228626628 2.076929228626628 2.076929228626628 2.076929228626628 2.013181080518799 1.881284720432776 1.749388360346753 1.6174920002607298 1.4855956401747068 1.3536992800886836 1.2218029200026606 1.0899065599164124 0.9580101998303894
0.0 0.0 0.0 0.0 0.0 0.0 0.0 0.0 0.0 0.0 0.0 0.07382965038553414 0.22658486637173844 0.37934008235794275 0.532095298344147 0.6848505143303514 0.8376057303168162 0.9903609463030205 1.1431161622892247 1.2958713782754292 1.4486265942616334 1.6013818102478377 1.754137026234042 1.8330625919081713 1.8330625919081713 1.8330625919081713 1.8330625919081713 1.8330625919081713 1.8330625919081713 1.8330625919081713 1.8330625919081713 1.8330625919081713 1.8330625919081713 1.8330625919081713 1.8330625919081713 1.7848505308428355 1.6850986861930624 1.5853468415432892 1.485594996893516 1.3858431522437429 1.2860913075939697 1.1863394629441966 1.086587618294253 0.9868357736444799
0.0 0.0 0.0 0.0 0.0 0.0 0.0 0.0 0.0 0.0 0.0 0.06400751522817574 0.19644051148865924 0.32887350774914276 0.46130650400962625 0.5937395002701098 0.7261724965308191 0.8586054927913026 0.991038489051786 1.1234714853122696 1.2559044815727531 1.3883374778332367 1.52077047409372 1.5891959551897143 1.5891959551897143 1.5891959551897143 1.5891959551897143 1.5891959551897143 1.5891959551897143 1.5891959551897143 1.5891959551897143 1.5891959551897143 1.5891959551897143 1.5891959551897143 1.5891959551897143 1.5565199811668715 1.4889126519533482 1.4213053227398251 1.3536979935263018 1.2860906643127787 1.2184833350992554 1.1508760058857324 1.0832686766720938 1.0156613474585707
0.0 0.0 0.0 0.0 0.0 0.0 0.0 0.0 0.0 0.0 0.0 0.054185380070808996 0.1662961566055544 0.27840693314029985 0.39051770967504523 0.5026284862097907 0.6147392627447272 0.7268500392794727 0.8389608158142181 0.9510715923489635 1.063182368883709 1.1752931454184543 1.2874039219531999 1.3453293184710498 1.3453293184710498 1.3453293184710498 1.3453293184710498 1.3453293184710498 1.3453293184710498 1.3453293184710498 1.3453293184710498 1.3453293184710498 1.3453293184710498 1.3453293184710498 1.3453293184710498 1.328189431490713 1.2927266177134673 1.2572638039362214 1.2218009901589757 1.1863381763817298 1.1508753626044839 1.1154125488272382 1.0799497350499319 1.044486921272686
