Figures/CREST_Example_wjb_NSE/Rolling_result/20100722/raw_forecast/ens_0/wjb.rain.20100721.asc
ncols            288
nrows            254
xllcorner        113.274861
yllcorner        31.4918055
cellsize         0.008333333333
NODATA_value     -9999
[rows 180 to 199 of 254, columns 180 to 224 of 288]
14.519119435402088 14.519119435402088 14.519119435402088 14.324838274836395 13.92286615800298 13.520894041169566 13.118921924336151 12.716949807502738 12.314977690669323 11.913005573835909 11.511033457002494 11.109061340169081 10.707089223335666 10.305117106502252 9.903144989668837 9.975351087351315 10.554464425639617 11.133577763927917 11.712691102216219 12.29180444050452 12.870917778792823 13.450031117081123 14.029144455369424 14.608257793657724 15.187371131946026 15.766484470234328 16.34559780852263 16.644814092945232 16.644814092945232 16.644814092945232 16.644814092945232 16.644814092945232 16.644814092945232 16.644814092945232 16.644814092945232 16.644814092945232 16.644814092945232 16.644814092945232 16.644814092945232 16.33076884128005 15.681002108354772 15.031235375428384 14.381468642503105 13.731701909577824 13.081935176652545
14.564588212836908 14.564588212836908 14.564588212836908 14.365947218939942 13.954954508302633 13.543961797665323 13.132969087028014 12.721976376390705 12.310983665753396 11.899990955116087 11.488998244478777 11.078005533841468 10.667012823204159 10.25602011256685 9.845027401929539 9.919693969948089 10.513541295921518 11.107388621894948 11.701235947868378 12.295083273841808 12.888930599815238 13.482777925788668 14.076625251762099 14.670472577735527 15.264319903708959 15.858167229682389 16.45201455565582 16.75884359695759 16.75884359695759 16.75884359695759 16.75884359695759 16.75884359695759 16.75884359695759 16.75884359695759 16.75884359695759 16.75884359695759 16.75884359695759 16.75884359695759 16.75884359695759 16.436954227332745 15.77095783682689 15.1049614463199 14.438965055814045 13.77296866530819 13.106972274802335
14.465311950505415 14.465311950505415 14.465311950505415 14.274719055238354 13.880378042755035 13.486037030271715 13.091696017788397 12.697355005305079 12.303013992821759 11.90867298033844 11.51433196785512 11.119990955371803 10.725649942888484 10.331308930405164 9.936967917921846 9.997871902562759 10.545443090013617 11.093014277464475 11.640585464915333 12.188156652366192 12.73572783981705 13.283299027267908 13.830870214718766 14.378441402169624 14.926012589620484 15.47358377707134 16.0211549645222 16.304074050188902 16.304074050188902 16.304074050188902 16.304074050188902 16.304074050188902 16.304074050188902 16.304074050188902 16.304074050188902 16.304074050188902 16.304074050188902 16.304074050188902 16.304074050188902 15.984660409887647 15.323786359381097 14.662912308873421 14.002038258366873 13.341164207860324 12.680290157353774
14.366035688173836 14.366035688173836 14.366035688173836 14.183490891536687 13.805801577207372 13.42811226287806 13.050422948548745 12.67273363421943 12.295044319890117 11.917355005560802 11.539665691231487 11.161976376902173 10.78428706257286 10.406597748243545 10.02890843391423 10.076049835177496 10.577344884105743 11.07863993303399 11.579934981962237 12.081230030890485 12.58252507981873 13.083820128746979 13.585115177675224 14.086410226603473 14.587705275531718 15.089000324459967 15.590295373388212 15.849304503419827 15.849304503419827 15.849304503419827 15.849304503419827 15.849304503419827 15.849304503419827 15.849304503419827 15.849304503419827 15.849304503419827 15.849304503419827 15.849304503419827 15.849304503419827 15.532366592442164 14.876614881934925 14.220863171426567 13.565111460919328 12.909359750412088 12.253608039904849
14.266759425842341 14.266759425842341 14.266759425842341 14.092262727835097 13.731225111659773 13.37018749548445 13.009149879309126 12.648112263133802 12.287074646958478 11.926037030783156 11.564999414607833 11.203961798432509 10.842924182257185 10.481886566081862 10.120848949906538 10.154227767792166 10.609246678197842 11.064265588603517 11.519284499009192 11.974303409414867 12.429322319820542 12.884341230226218 13.339360140631893 13.794379051037568 14.249397961443243 14.704416871848919 15.159435782254594 15.394534956651139 15.394534956651139 15.394534956651139 15.394534956651139 15.394534956651139 15.394534956651139 15.394534956651139 15.394534956651139 15.394534956651139 15.394534956651139 15.394534956651139 15.394534956651139 15.080072774997067 14.429443404489133 13.77881403398009 13.128184663472156 12.477555292964222 11.826925922456288
14.167483163510848 14.167483163510848 14.167483163510848 14.001034564133509 13.656648646112176 13.312262728090841 12.967876810069509 12.623490892048174 12.279104974026842 11.934719056005509 11.590333137984175 11.245947219962842 10.90156130194151 10.557175383920175 10.212789465898842 10.232405700406837 10.64114847228994 11.049891244173043 11.458634016056147 11.86737678793925 12.276119559822353 12.684862331705457 13.09360510358856 13.502347875471663 13.911090647354767 14.31983341923787 14.728576191120974 14.939765409882451 14.939765409882451 14.939765409882451 14.939765409882451 14.939765409882451 14.939765409882451 14.939765409882451 14.939765409882451 14.939765409882451 14.939765409882451 14.939765409882451 14.939765409882451 14.62777895755197 13.98227192704334 13.336764896533612 12.691257866024984 12.045750835516355 11.400243805007728
14.068206901179355 14.068206901179355 14.068206901179355 13.90980640043192 13.582072180564577 13.254337960697235 12.926603740829892 12.598869520962548 12.271135301095205 11.943401081227863 11.61566686136052 11.287932641493176 10.960198421625833 10.632464201758491 10.304729981891148 10.310583633021507 10.673050266382038 11.035516899742571 11.397983533103103 11.760450166463635 12.122916799824166 12.485383433184698 12.847850066545229 13.21031669990576 13.572783333266292 13.935249966626824 14.297716599987357 14.484995863113765 14.484995863113765 14.484995863113765 14.484995863113765 14.484995863113765 14.484995863113765 14.484995863113765 14.484995863113765 14.484995863113765 14.484995863113765 14.484995863113765 14.484995863113765 14.175485140106874 13.53510044959755 12.894715759087136 12.254331068577812 11.61394637806849 10.973561687559167
13.96893063884786 13.96893063884786 13.96893063884786 13.81857823673033 13.507495715016978 13.196413193303625 12.885330671590273 12.57424814987692 12.263165628163568 11.952083106450216 11.641000584736865 11.329918063023513 11.01883554131016 10.707753019596808 10.396670497883456 10.388761565636178 10.704952060474138 11.021142555312098 11.337333050150058 11.653523544988017 11.969714039825977 12.285904534663937 12.602095029501896 12.918285524339858 13.234476019177817 13.550666514015777 13.866857008853737 14.030226316345077 14.030226316345077 14.030226316345077 14.030226316345077 14.030226316345077 14.030226316345077 14.030226316345077 14.030226316345077 14.030226316345077 14.030226316345077 14.030226316345077 14.030226316345077 13.723191322661776 13.087928972151758 12.452666621640658 11.817404271130641 11.182141920620623 10.546879570110606
13.869654376516367 13.869654376516367 13.869654376516367 13.727350073028742 13.432919249469379 13.138488425910017 12.844057602350656 12.549626778791293 12.255195955231931 11.96076513167257 11.666334308113207 11.371903484553846 11.077472660994484 10.783041837435121 10.48861101387576 10.466939498250847 10.736853854566236 11.006768210881624 11.276682567197012 11.5465969235124 11.81651127982779 12.086425636143177 12.356339992458565 12.626254348773953 12.896168705089341 13.16608306140473 13.435997417720118 13.575456769576391 13.575456769576391 13.575456769576391 13.575456769576391 13.575456769576391 13.575456769576391 13.575456769576391 13.575456769576391 13.575456769576391 13.575456769576391 13.575456769576391 13.575456769576391 13.27089750521668 12.640757494705968 12.010617484194182 11.38047747368347 10.750337463172757 10.120197452662046
13.770378114184789 13.770378114184789 13.770378114184789 13.636121909327075 13.358342783921717 13.08056365851636 12.802784533111003 12.525005407705645 12.247226282300288 11.969447156894931 11.691668031489574 11.413888906084217 11.13610978067886 10.858330655273502 10.580551529868146 10.545117430865584 10.768755648658361 10.992393866451138 11.216032084243915 11.439670302036692 11.663308519829469 11.886946737622246 12.110584955415025 12.3342231732078 12.557861391000579 12.781499608793355 13.005137826586132 13.120687222807316 13.120687222807316 13.120687222807316 13.120687222807316 13.120687222807316 13.120687222807316 13.120687222807316 13.120687222807316 13.120687222807316 13.120687222807316 13.120687222807316 13.120687222807316 12.818603687771198 12.193586017259795 11.568568346747327 10.943550676235926 10.318533005724523 9.693515335213121
13.671101851853296 13.671101851853296 13.671101851853296 13.544893745625487 13.28376631837412 13.022638891122753 12.761511463871386 12.50038403662002 12.239256609368653 11.978129182117286 11.717001754865919 11.455874327614552 11.194746900363185 10.933619473111818 10.672492045860452 10.623295363480256 10.800657442750461 10.978019522020666 11.155381601290872 11.332743680561077 11.510105759831282 11.687467839101487 11.864829918371692 12.042191997641897 12.219554076912102 12.396916156182307 12.574278235452512 12.665917676038628 12.665917676038628 12.665917676038628 12.665917676038628 12.665917676038628 12.665917676038628 12.665917676038628 12.665917676038628 12.665917676038628 12.665917676038628 12.665917676038628 12.665917676038628 12.3663098703261 11.746414539814003 11.126519209300849 10.506623878788753 9.886728548276656 9.26683321776456
13.5718255895218 13.5718255895218 13.5718255895218 13.453665581923897 13.209189852826519 12.964714123729143 12.720238394631767 12.47576266553439 12.231286936437014 11.986811207339638 11.742335478242262 11.497859749144887 11.253384020047509 11.008908290950133 10.764432561852757 10.701473296094926 10.83255923684256 10.963645177590193 11.094731118337826 11.225817059085461 11.356902999833094 11.487988940580728 11.61907488132836 11.750160822075994 11.881246762823627 12.01233270357126 12.143418644318894 12.211148129269942 12.211148129269942 12.211148129269942 12.211148129269942 12.211148129269942 12.211148129269942 12.211148129269942 12.211148129269942 12.211148129269942 12.211148129269942 12.211148129269942 12.211148129269942 11.914016052881003 11.299243062368213 10.684470071854374 10.069697081341582 9.454924090828792 8.840151100316
13.472549327190308 13.472549327190308 13.472549327190308 13.362437418222306 13.134613387278922 12.906789356335535 12.678965325392149 12.451141294448764 12.223317263505377 11.99549323256199 11.767669201618606 11.53984517067522 11.312021139731833 11.084197108788448 10.856373077845062 10.779651228709596 10.864461030934658 10.94927083315972 11.03408063538478 11.118890437609842 11.203700239834905 11.288510042059967 11.373319844285028 11.45812964651009 11.54293944873515 11.627749250960214 11.712559053185275 11.756378582501254 11.756378582501254 11.756378582501254 11.756378582501254 11.756378582501254 11.756378582501254 11.756378582501254 11.756378582501254 11.756378582501254 11.756378582501254 11.756378582501254 11.756378582501254 11.461722235435905 10.85207158492242 10.242420934407896 9.63277028389441 9.023119633380924 8.413468982867439
13.456038468137525 13.456038468137525 13.456038468137525 13.340629864610044 13.10184685278506 12.863063840960077 12.624280829135094 12.38549781731011 12.146714805485127 11.907931793660143 11.66914878183516 11.430365770010177 11.191582758185191 10.952799746360208 10.714016734535225 10.623586536851551 10.691748854282567 10.759911171713583 10.828073489144598 10.896235806575616 10.964398124006632 11.032560441437647 11.100722758868663 11.16888507629968 11.237047393730696 11.305209711161712 11.37337202859273 11.408590135327458 11.408590135327458 11.408590135327458 11.408590135327458 11.408590135327458 11.408590135327458 11.408590135327458 11.408590135327458 11.408590135327458 11.408590135327458 11.408590135327458 11.408590135327458 11.115476061009792 10.509016407714787 9.90255675441875 9.296097101123745 8.68963744782874 8.083177794533738
13.527998608464761 13.527998608464761 13.527998608464761 13.393028567584137 13.113772499296793 12.834516431009451 12.555260362722109 12.276004294434767 11.996748226147425 11.71749215786008 11.438236089572738 11.158980021285396 10.879723952998054 10.60046788471071 10.321211816423368 10.217131243805703 10.300317239776703 10.383503235747703 10.466689231718705 10.549875227689705 10.633061223660707 10.716247219631708 10.799433215602708 10.88261921157371 10.96580520754471 11.048991203515712 11.132177199486712 11.175157740573896 11.175157740573896 11.175157740573896 11.175157740573896 11.175157740573896 11.175157740573896 11.175157740573896 11.175157740573896 11.175157740573896 11.175157740573896 11.175157740573896 11.175157740573896 10.882588132760278 10.277254992984094 9.671921853206877 9.066588713430694 8.46125557365451 7.855922433878327
13.59995874879197 13.59995874879197 13.59995874879197 13.445427270558207 13.125698145808524 12.80596902105884 12.486239896309154 12.166510771559471 11.846781646809786 11.527052522060101 11.207323397310418 10.887594272560733 10.567865147811048 10.248136023061363 9.92840689831168 9.810675950760029 9.908885625271008 10.007095299781987 10.105304974292967 10.203514648803944 10.301724323314923 10.399933997825903 10.498143672336882 10.596353346847861 10.69456302135884 10.79277269586982 10.890982370380799 10.941725345820434 10.941725345820434 10.941725345820434 10.941725345820434 10.941725345820434 10.941725345820434 10.941725345820434 10.941725345820434 10.941725345820434 10.941725345820434 10.941725345820434 10.941725345820434 10.649700204510863 10.045493578253499 9.441286951995105 8.837080325737741 8.232873699480377 7.6286670732230135
13.671918889119176 13.671918889119176 13.671918889119176 13.497825973532278 13.137623792320252 12.777421611108226 12.4172194298962 12.057017248684174 11.696815067472148 11.33661288626012 10.976410705048094 10.616208523836068 10.256006342624042 9.895804161412016 9.53560198019999 9.404220657714353 9.517454010765311 9.630687363816268 9.743920716867226 9.857154069918183 9.97038742296914 10.083620776020098 10.196854129071054 10.310087482122013 10.42332083517297 10.536554188223928 10.649787541274884 10.708292951066971 10.708292951066971 10.708292951066971 10.708292951066971 10.708292951066971 10.708292951066971 10.708292951066971 10.708292951066971 10.708292951066971 10.708292951066971 10.708292951066971 10.708292951066971 10.416812276261446 9.813732163522904 9.210652050783331 8.607571938044787 8.004491825306243 7.4014117125676995
13.743879029446415 13.743879029446415 13.743879029446415 13.550224676506371 13.149549438831986 12.748874201157602 12.348198963483215 11.94752372580883 11.546848488134446 11.146173250460059 10.745498012785674 10.34482277511129 9.944147537436905 9.543472299762518 9.142797062088134 8.997765364668505 9.126022396259447 9.254279427850388 9.382536459441331 9.510793491032274 9.639050522623215 9.767307554214158 9.895564585805099 10.023821617396042 10.152078648986985 10.280335680577926 10.408592712168868 10.47486055631341 10.47486055631341 10.47486055631341 10.47486055631341 10.47486055631341 10.47486055631341 10.47486055631341 10.47486055631341 10.47486055631341 10.47486055631341 10.47486055631341 10.47486055631341 10.183924348011931 9.581970748792209 8.98001714957146 8.378063550351737 7.776109951132012 7.174156351912289
13.815839169773621 13.815839169773621 13.815839169773621 13.602623379480441 13.161475085343714 12.720326791206988 12.27917849707026 11.838030202933535 11.396881908796807 10.95573361466008 10.514585320523352 10.073437026386626 9.632288732249899 9.191140438113173 8.749992143976446 8.59131007162283 8.734590781753752 8.877871491884672 9.021152202015593 9.164432912146513 9.307713622277433 9.450994332408353 9.594275042539273 9.737555752670193 9.880836462801113 10.024117172932034 10.167397883062954 10.241428161559947 10.241428161559947 10.241428161559947 10.241428161559947 10.241428161559947 10.241428161559947 10.241428161559947 10.241428161559947 10.241428161559947 10.241428161559947 10.241428161559947 10.241428161559947 9.951036419762517 9.350209334061613 8.749382248359685 8.148555162658782 7.5477280769578785 6.946900991256975
13.887799310100828 13.887799310100828 13.887799310100828 13.655022082454511 13.173400731855443 12.691779381256374 12.210158030657306 11.728536680058237 11.246915329459167 10.765293978860099 10.28367262826103 9.802051277661961 9.320429927062893 8.838808576463824 8.357187225864756 8.184854778577156 8.343159167248054 8.501463555918953 8.659767944589852 8.81807233326075 8.976376721931649 9.134681110602548 9.292985499273446 9.451289887944345 9.609594276615244 9.767898665286141 9.92620305395704 10.007995766806484 10.007995766806484 10.007995766806484 10.007995766806484 10.007995766806484 10.007995766806484 10.007995766806484 10.007995766806484 10.007995766806484 10.007995766806484 10.007995766806484 10.007995766806484 9.718148491513102 9.118447919331018 8.518747347147912 7.919046774965828 7.319346202783745 6.719645630601661
