Figures/CREST_Example_wjb_NSE/Rolling_result/20100722/raw_forecast/ens_0/wjb.rain.20090821.asc
ncols            288
nrows            254
xllcorner        113.274861
yllcorner        31.4918055
cellsize         0.008333333333
NODATA_value     -9999
[rows 80 to 99 of 254, columns 88 to 131 of 288]
0.01779773314806546 0.01779773314806546 0.01779773314806546 0.01779773314806546 0.01779773314806546 0.01779773314806546 0.01779773314806546 0.01779773314806546 0.01779773314806546 0.01779773314806546 0.01779773314806546 0.14166220096866017 0.3979405855492065 0.6542189701297528 0.9104973547102991 1.1667757392908455 1.4230541238718288 1.6793325084523751 1.9356108930329214 2.191889277613468 2.4481676621940145 2.7044460467745606 2.960724431355107 3.093138348238302 3.093138348238302 3.093138348238302 3.093138348238302 3.093138348238302 3.093138348238302 3.093138348238302 3.093138348238302 3.093138348238302 3.093138348238302 3.093138348238302 3.093138348238302 3.1225652253630516 3.1834500996167785 3.244334973870506 3.3052198481242328 3.36610472237796 3.426989596631687 3.487874470885414 3.548759345139245 3.609644219392972
0.020176047260593515 0.020176047260593515 0.020176047260593515 0.020176047260593515 0.020176047260593515 0.020176047260593515 0.020176047260593515 0.020176047260593515 0.020176047260593515 0.020176047260593515 0.020176047260593515 0.12211216647839568 0.33302030198491045 0.5439284374914252 0.7548365729979399 0.9657447085044546 1.1766528440113289 1.3875609795178436 1.5984691150243584 1.8093772505308732 2.0202853860373877 2.2311935215439025 2.4421016570504173 2.5510736734405546 2.5510736734405546 2.5510736734405546 2.5510736734405546 2.5510736734405546 2.5510736734405546 2.5510736734405546 2.5510736734405546 2.5510736734405546 2.5510736734405546 2.5510736734405546 2.5510736734405546 2.5813028081744473 2.6438475715643786 2.70639233495431 2.7689370983442414 2.8314818617341726 2.894026625124104 2.956571388514035 3.019116151904073 3.0816609152940044
0.022554361373121567 0.022554361373121567 0.022554361373121567 0.022554361373121567 0.022554361373121567 0.022554361373121567 0.022554361373121567 0.022554361373121567 0.022554361373121567 0.022554361373121567 0.022554361373121567 0.10256213198813115 0.2681000184206142 0.4336379048530972 0.5991757912855803 0.7647136777180634 0.9302515641508288 1.0957894505833117 1.261327337015795 1.426865223448278 1.592403109880761 1.757940996313244 1.923478882745727 2.009008998642807 2.009008998642807 2.009008998642807 2.009008998642807 2.009008998642807 2.009008998642807 2.009008998642807 2.009008998642807 2.009008998642807 2.009008998642807 2.009008998642807 2.009008998642807 2.040040390985843 2.1042450435119786 2.168449696038114 2.2326543485642496 2.2968590010903847 2.36106365361652 2.4252683061426556 2.489472958668901 2.5536776111950363
0.024932675485649623 0.024932675485649623 0.024932675485649623 0.024932675485649623 0.024932675485649623 0.024932675485649623 0.024932675485649623 0.024932675485649623 0.024932675485649623 0.024932675485649623 0.024932675485649623 0.08301209749786662 0.203179734856318 0.3233473722147694 0.44351500957322076 0.5636826469316721 0.6838502842903283 0.8040179216487797 0.9241855590072311 1.0443531963656825 1.164520833724134 1.2846884710825852 1.4048561084410367 1.466944323845059 1.466944323845059 1.466944323845059 1.466944323845059 1.466944323845059 1.466944323845059 1.466944323845059 1.466944323845059 1.466944323845059 1.466944323845059 1.466944323845059 1.466944323845059 1.4987779737972386 1.5646425154595782 1.6305070571219178 1.6963715987842576 1.7622361404465972 1.8281006821089367 1.8939652237712763 1.9598297654337284 2.0256943070960682
0.027310989598177675 0.027310989598177675 0.027310989598177675 0.027310989598177675 0.027310989598177675 0.027310989598177675 0.027310989598177675 0.027310989598177675 0.027310989598177675 0.027310989598177675 0.027310989598177675 0.0634620630076021 0.1382594512920218 0.2130568395764415 0.28785422786086123 0.3626516161452809 0.43744900442982815 0.5122463927142479 0.5870437809986676 0.6618411692830873 0.736638557567507 0.8114359458519267 0.8862333341363464 0.9248796490473115 0.9248796490473115 0.9248796490473115 0.9248796490473115 0.9248796490473115 0.9248796490473115 0.9248796490473115 0.9248796490473115 0.9248796490473115 0.9248796490473115 0.9248796490473115 0.9248796490473115 0.9575155566086344 1.0250399874071783 1.092564418205722 1.1600888490042658 1.2276132798028097 1.2951377106013533 1.3626621413998972 1.430186572198556 1.4977110029971
0.037742992970695 0.037742992970695 0.037742992970695 0.037742992970695 0.037742992970695 0.037742992970695 0.037742992970695 0.037742992970695 0.037742992970695 0.037742992970695 0.037742992970695 0.06391347438799118 0.11806079217273463 0.17220810995747807 0.22635542774222153 0.28050274552696497 0.33465006331180075 0.3887973810965442 0.4429446988812877 0.4970920166660311 0.5512393344507747 0.605386652235518 0.6595339700202614 0.6875108064137478 0.6875108064137478 0.6875108064137478 0.6875108064137478 0.6875108064137478 0.6875108064137478 0.6875108064137478 0.6875108064137478 0.6875108064137478 0.6875108064137478 0.6875108064137478 0.6875108064137478 0.7264554986907279 0.8070329477378021 0.8876103967848763 0.9681878458319505 1.0487652948790247 1.1293427439260988 1.209920192973173 1.2904976420203846 1.3710750910674587
0.056783882387062334 0.056783882387062334 0.056783882387062334 0.056783882387062334 0.056783882387062334 0.056783882387062334 0.056783882387062334 0.056783882387062334 0.056783882387062334 0.056783882387062334 0.056783882387062334 0.08574517033789966 0.14566672994257074 0.20558828954724184 0.2655098491519129 0.325431408756584 0.3853529683613573 0.4452745279660284 0.5051960875706994 0.5651176471753706 0.6250392067800417 0.6849607663847127 0.7448823259893839 0.7758425976720336 0.7758425976720336 0.7758425976720336 0.7758425976720336 0.7758425976720336 0.7758425976720336 0.7758425976720336 0.7758425976720336 0.7758425976720336 0.7758425976720336 0.7758425976720336 0.7758425976720336 0.8269822049618587 0.9327912089559405 1.0386002129500223 1.1444092169441042 1.250218220938186 1.3560272249322678 1.4618362289263498 1.5676452329206119 1.6734542369146936
0.07582477180342967 0.07582477180342967 0.07582477180342967 0.07582477180342967 0.07582477180342967 0.07582477180342967 0.07582477180342967 0.07582477180342967 0.07582477180342967 0.07582477180342967 0.07582477180342967 0.10757686628780813 0.17327266771240687 0.2389684691370056 0.30466427056160433 0.3703600719862031 0.43605587341091384 0.5017516748355125 0.5674474762601113 0.6331432776847099 0.6988390791093086 0.7645348805339074 0.8302306819585061 0.8641743889303193 0.8641743889303193 0.8641743889303193 0.8641743889303193 0.8641743889303193 0.8641743889303193 0.8641743889303193 0.8641743889303193 0.8641743889303193 0.8641743889303193 0.8641743889303193 0.8641743889303193 0.9275089112329895 1.0585494701740787 1.1895900291151682 1.3206305880562574 1.451671146997347 1.5827117059384364 1.7137522648795258 1.8447928238208384 1.9758333827619279
0.094865661219797 0.094865661219797 0.094865661219797 0.094865661219797 0.094865661219797 0.094865661219797 0.094865661219797 0.094865661219797 0.094865661219797 0.094865661219797 0.094865661219797 0.12940856223771663 0.200878605482243 0.2723486487267694 0.3438186919712958 0.41528873521582216 0.48675877846047044 0.5582288217049969 0.6296988649495232 0.7011689081940495 0.772638951438576 0.8441089946831023 0.9155790379276287 0.9525061801886051 0.9525061801886051 0.9525061801886051 0.9525061801886051 0.9525061801886051 0.9525061801886051 0.9525061801886051 0.9525061801886051 0.9525061801886051 0.9525061801886051 0.9525061801886051 0.9525061801886051 1.0280356175041203 1.1843077313922172 1.3405798452803142 1.4968519591684113 1.6531240730565082 1.8093961869446051 1.9656683008327023 2.1219404147210654 2.2782125286091626
0.11390655063616434 0.11390655063616434 0.11390655063616434 0.11390655063616434 0.11390655063616434 0.11390655063616434 0.11390655063616434 0.11390655063616434 0.11390655063616434 0.11390655063616434 0.11390655063616434 0.1512402581876251 0.22848454325207912 0.30572882831653314 0.38297311338098716 0.4602173984454412 0.537461683510027 0.6147059685744809 0.691950253638935 0.7691945387033889 0.8464388237678431 0.923683108832297 1.0009273938967511 1.0408379714468907 1.0408379714468907 1.0408379714468907 1.0408379714468907 1.0408379714468907 1.0408379714468907 1.0408379714468907 1.0408379714468907 1.0408379714468907 1.0408379714468907 1.0408379714468907 1.0408379714468907 1.1285623237752511 1.3100659926103555 1.49156966144546 1.6730733302805647 1.854576999115669 2.036080667950774 2.2175843367858783 2.399088005621292 2.5805916744563966
0.13294744005253167 0.13294744005253167 0.13294744005253167 0.13294744005253167 0.13294744005253167 0.13294744005253167 0.13294744005253167 0.13294744005253167 0.13294744005253167 0.13294744005253167 0.13294744005253167 0.1730719541375336 0.2560904810219153 0.33910900790629694 0.42212753479067866 0.5051460616750603 0.5881645885595835 0.6711831154439653 0.754201642328347 0.8372201692127286 0.9202386960971103 1.003257222981492 1.0862757498658735 1.1291697627051767 1.1291697627051767 1.1291697627051767 1.1291697627051767 1.1291697627051767 1.1291697627051767 1.1291697627051767 1.1291697627051767 1.1291697627051767 1.1291697627051767 1.1291697627051767 1.1291697627051767 1.229089030046382 1.435824253828494 1.6425594776106063 1.8492947013927183 2.0560299251748306 2.2627651489569427 2.4695003727390548 2.6762355965215194 2.8829708203036315
0.151988329468899 0.151988329468899 0.151988329468899 0.151988329468899 0.151988329468899 0.151988329468899 0.151988329468899 0.151988329468899 0.151988329468899 0.151988329468899 0.151988329468899 0.1949036500874421 0.2836964187917514 0.37248918749606075 0.46128195620037005 0.5500747249046793 0.6388674936091401 0.7276602623134494 0.8164530310177587 0.905245799722068 0.9940385684263773 1.0828313371306866 1.171624105834996 1.2175015539634624 1.2175015539634624 1.2175015539634624 1.2175015539634624 1.2175015539634624 1.2175015539634624 1.2175015539634624 1.2175015539634624 1.2175015539634624 1.2175015539634624 1.2175015539634624 1.2175015539634624 1.3296157363175127 1.5615825150466325 1.7935492937757522 2.025516072504872 2.2574828512339917 2.4894496299631115 2.721416408692231 2.953383187421746 3.185349966150866
0.17102921888528255 0.17102921888528255 0.17102921888528255 0.17102921888528255 0.17102921888528255 0.17102921888528255 0.17102921888528255 0.17102921888528255 0.17102921888528255 0.17102921888528255 0.17102921888528255 0.21673534603736916 0.3113023565616111 0.405869367085853 0.5004363776100949 0.5950033881343368 0.68957039865874 0.7841374091829819 0.8787044197072239 0.9732714302314658 1.0678384407557076 1.1624054512799495 1.2569724618041915 1.3058333452218236 1.3058333452218236 1.3058333452218236 1.3058333452218236 1.3058333452218236 1.3058333452218236 1.3058333452218236 1.3058333452218236 1.3058333452218236 1.3058333452218236 1.3058333452218236 1.3058333452218236 1.4301424425887295 1.6873407762648782 1.9445391099410272 2.201737443617176 2.4589357772933247 2.7161341109694734 2.973332444645622 3.2305307783222097 3.487729111998359
0.1900701083016499 0.1900701083016499 0.1900701083016499 0.1900701083016499 0.1900701083016499 0.1900701083016499 0.1900701083016499 0.1900701083016499 0.1900701083016499 0.1900701083016499 0.1900701083016499 0.23856704198727766 0.3389082943314472 0.4392495466756168 0.5395907990197863 0.6399320513639559 0.7402733037082965 0.840614556052466 0.9409558083966356 1.0412970607408052 1.1416383130849748 1.2419795654291443 1.342320817773314 1.3941651364801093 1.3941651364801093 1.3941651364801093 1.3941651364801093 1.3941651364801093 1.3941651364801093 1.3941651364801093 1.3941651364801093 1.3941651364801093 1.3941651364801093 1.3941651364801093 1.3941651364801093 1.5306691488598603 1.8130990374830167 2.095528926106173 2.37795881472933 2.660388703352486 2.9428185919756427 3.2252484805987987 3.507678369222437 3.790108257845593
0.20911099771801722 0.20911099771801722 0.20911099771801722 0.20911099771801722 0.20911099771801722 0.20911099771801722 0.20911099771801722 0.20911099771801722 0.20911099771801722 0.20911099771801722 0.20911099771801722 0.26039873793718615 0.3665142321012833 0.4726297262653805 0.5787452204294777 0.6848607145935749 0.7909762087578531 0.8970917029219503 1.0032071970860474 1.1093226912501448 1.2154381854142418 1.3215536795783391 1.4276691737424363 1.482496927738395 1.482496927738395 1.482496927738395 1.482496927738395 1.482496927738395 1.482496927738395 1.482496927738395 1.482496927738395 1.482496927738395 1.482496927738395 1.482496927738395 1.482496927738395 1.631195855130991 1.938857298701155 2.246518742271319 2.554180185841483 2.861841629411647 3.1695030729818106 3.4771645165519747 3.7848259601226637 4.092487403692828
0.22815188713438456 0.22815188713438456 0.22815188713438456 0.22815188713438456 0.22815188713438456 0.22815188713438456 0.22815188713438456 0.22815188713438456 0.22815188713438456 0.22815188713438456 0.22815188713438456 0.2822304338870946 0.39412016987111953 0.5060099058551444 0.6178996418391692 0.7297893778231941 0.8416791138074098 0.9535688497914345 1.0654585857754595 1.1773483217594845 1.2892380577435092 1.4011277937275342 1.5130175297115591 1.570828718996681 1.570828718996681 1.570828718996681 1.570828718996681 1.570828718996681 1.570828718996681 1.570828718996681 1.570828718996681 1.570828718996681 1.570828718996681 1.570828718996681 1.570828718996681 1.731722561402122 2.0646155599192935 2.3975085584364653 2.7304015569536366 3.063294555470808 3.3961875539879793 3.729080552505151 4.06197355102289 4.394866549540062
0.2471927765507519 0.2471927765507519 0.2471927765507519 0.2471927765507519 0.2471927765507519 0.2471927765507519 0.2471927765507519 0.2471927765507519 0.2471927765507519 0.2471927765507519 0.2471927765507519 0.3040621298370031 0.42172610764095564 0.5393900854449082 0.6570540632488606 0.7747180410528132 0.8923820188569663 1.010045996660919 1.1277099744648713 1.245373952268824 1.3630379300727764 1.4807019078767292 1.5983658856806815 1.6591605102549667 1.6591605102549667 1.6591605102549667 1.6591605102549667 1.6591605102549667 1.6591605102549667 1.6591605102549667 1.6591605102549667 1.6591605102549667 1.6591605102549667 1.6591605102549667 1.6591605102549667 1.832249267673253 2.190373821137432 2.5484983746016114 2.90662292806579 3.2647474815299695 3.622872034994149 3.980996588458328 4.339121141923117 4.697245695387297
0.2570304423570633 0.2570304423570633 0.2570304423570633 0.2570304423570633 0.2570304423570633 0.2570304423570633 0.2570304423570633 0.2570304423570633 0.2570304423570633 0.2570304423570633 0.2570304423570633 0.3153416937294117 0.4359889912757942 0.5566362888221768 0.6772835863685593 0.7979308839149418 0.91857818146153 1.0392254790079125 1.159872776554295 1.2805200741006777 1.40116737164706 1.5218146691934427 1.6424619667398253 1.704798012971878 1.704798012971878 1.704798012971878 1.704798012971878 1.704798012971878 1.704798012971878 1.704798012971878 1.704798012971878 1.704798012971878 1.704798012971878 1.704798012971878 1.704798012971878 1.8841873951041346 2.2553480835888173 2.6265087720735 2.997669460558183 3.3688301490428656 3.7399908375275484 4.111151526012231 4.482312214497547 4.853472902982229
0.2570304423570633 0.2570304423570633 0.2570304423570633 0.2570304423570633 0.2570304423570633 0.2570304423570633 0.2570304423570633 0.2570304423570633 0.2570304423570633 0.2570304423570633 0.2570304423570633 0.3153416937294117 0.4359889912757942 0.5566362888221768 0.6772835863685593 0.7979308839149418 0.91857818146153 1.0392254790079125 1.159872776554295 1.2805200741006777 1.40116737164706 1.5218146691934427 1.6424619667398253 1.704798012971878 1.704798012971878 1.704798012971878 1.704798012971878 1.704798012971878 1.704798012971878 1.704798012971878 1.704798012971878 1.704798012971878 1.704798012971878 1.704798012971878 1.704798012971878 1.8841873951041346 2.2553480835888173 2.6265087720735 2.997669460558183 3.3688301490428656 3.7399908375275484 4.111151526012231 4.482312214497547 4.853472902982229
0.2570304423570633 0.2570304423570633 0.2570304423570633 0.2570304423570633 0.2570304423570633 0.2570304423570633 0.2570304423570633 0.2570304423570633 0.2570304423570633 0.2570304423570633 0.2570304423570633 0.3153416937294117 0.4359889912757942 0.5566362888221768 0.6772835863685593 0.7979308839149418 0.91857818146153 1.0392254790079125 1.159872776554295 1.2805200741006777 1.40116737164706 1.5218146691934427 1.6424619667398253 1.704798012971878 1.704798012971878 1.704798012971878 1.704798012971878 1.704798012971878 1.704798012971878 1.704798012971878 1.704798012971878 1.704798012971878 1.704798012971878 1.704798012971878 1.704798012971878 1.8841873951041346 2.2553480835888173 2.6265087720735 2.997669460558183 3.3688301490428656 3.7399908375275484 4.111151526012231 4.482312214497547 4.853472902982229
