Figures/CREST_Example_wjb_NSE/Rolling_result/20100722/raw_forecast/ens_0/wjb.rain.20100727.asc
ncols            288
nrows            254
xllcorner        113.274861
yllcorner        31.4918055
cellsize         0.008333333333
NODATA_value     -9999
[rows 20 to 39 of 254, columns 0 to 43 of 288]
-9999.0 -9999.0 -9999.0 -9999.0 -9999.0 -9999.0 -9999.0 -9999.0 -9999.0 -9999.0 -9999.0 -9999.0 -9999.0 -9999.0 -9999.0 -9999.0 -9999.0 -9999.0 -9999.0 -9999.0 -9999.0 -9999.0 -9999.0 5.898119825705465 5.991497590045169 6.084875354384874 6.178253118724738 6.242603053229584 6.275921581659933 6.309240110090282 6.3425586385206305 6.375877166950979 6.409195695381328 6.442514223811678 6.4758327522420265 6.509151280672375 6.542469809102724 6.575788337533073 6.609106865963422 6.642425394393827 6.675743922824176 6.709062451254525 6.7423809796848735 6.775699508115222
-9999.0 -9999.0 -9999.0 -9999.0 -9999.0 -9999.0 -9999.0 -9999.0 -9999.0 -9999.0 -9999.0 -9999.0 -9999.0 -9999.0 -9999.0 -9999.0 -9999.0 -9999.0 -9999.0 -9999.0 -9999.0 -9999.0 5.726786547011212 5.81749764484341 5.908208742675607 5.998919840507805 6.089630938340157 6.153032677214166 6.187240094215441 6.221447511216716 6.25565492821799 6.289862345219265 6.324069762220541 6.358277179221815 6.39248459622309 6.426692013224365 6.4608994302256395 6.495106847226915 6.52931426422819 6.563521681229523 6.597729098230798 6.631936515232073 6.666143932233347 6.700351349234623
-9999.0 -9999.0 -9999.0 -9999.0 -9999.0 -9999.0 -9999.0 -9999.0 -9999.0 -9999.0 -9999.0 -9999.0 -9999.0 -9999.0 -9999.0 -9999.0 -9999.0 -9999.0 -9999.0 -9999.0 -9999.0 -9999.0 -9999.0 5.736875463981354 5.824919895306044 5.9129643266307355 6.001008757955576 6.063462301198746 6.098558606770947 6.1336549123431485 6.168751217915349 6.203847523487551 6.238943829059751 6.274040134631952 6.309136440204154 6.344232745776354 6.379329051348555 6.4144253569207565 6.449521662492957 6.484617968065218 6.519714273637419 6.5548105792096205 6.589906884781821 6.625003190354022
-9999.0 -9999.0 -9999.0 -9999.0 -9999.0 -9999.0 -9999.0 -9999.0 -9999.0 -9999.0 -9999.0 -9999.0 -9999.0 -9999.0 -9999.0 -9999.0 -9999.0 -9999.0 -9999.0 -9999.0 -9999.0 -9999.0 5.570875518302113 5.656253283119297 5.741631047936481 5.827008812753665 5.912386577570994 5.973891925183327 6.009877119326454 6.0458623134695815 6.081847507612708 6.117832701755836 6.153817895898962 6.18980309004209 6.225788284185217 6.261773478328344 6.297758672471471 6.333743866614598 6.3697290607577255 6.405714254900914 6.441699449044041 6.477684643187168 6.513669837330295 6.5496550314734225
-9999.0 -9999.0 -9999.0 -9999.0 -9999.0 -9999.0 -9999.0 -9999.0 -9999.0 -9999.0 -9999.0 -9999.0 -9999.0 -9999.0 -9999.0 -9999.0 -9999.0 -9999.0 -9999.0 -9999.0 -9999.0 -9999.0 5.492920003947566 5.575631102257242 5.658342200566919 5.741053298876595 5.823764397186414 5.884321549167908 5.921195631881962 5.958069714596014 5.994943797310068 6.031817880024121 6.068691962738175 6.105566045452227 6.142440128166281 6.179314210880334 6.216188293594387 6.25306237630844 6.289936459022494 6.326810541736609 6.363684624450663 6.400558707164716 6.43743278987877 6.474306872592822
-9999.0 -9999.0 -9999.0 -9999.0 -9999.0 -9999.0 -9999.0 -9999.0 -9999.0 -9999.0 -9999.0 -9999.0 -9999.0 -9999.0 -9999.0 -9999.0 -9999.0 -9999.0 -9999.0 -9999.0 -9999.0 -9999.0 5.414964489593016 5.495008921395186 5.575053353197356 5.655097784999526 5.735142216801832 5.794751173152489 5.832514144437468 5.870277115722447 5.908040087007427 5.945803058292406 5.983566029577386 6.021329000862365 6.059091972147344 6.096854943432324 6.134617914717303 6.172380886002282 6.210143857287261 6.247906828572305 6.285669799857285 6.323432771142263 6.361195742427243 6.398958713712222
-9999.0 -9999.0 -9999.0 -9999.0 -9999.0 -9999.0 -9999.0 -9999.0 -9999.0 -9999.0 -9999.0 -9999.0 -9999.0 -9999.0 -9999.0 -9999.0 4.872742383470488 4.950120148765151 5.027497914059814 5.104875679354477 5.18225344464914 5.259631209943803 5.337008975238467 5.414386740533129 5.491764505827793 5.569142271122455 5.64652003641725 5.70518079713707 5.743832656992975 5.78248451684888 5.821136376704786 5.859788236560691 5.898440096416596 5.937091956272503 5.975743816128408 6.014395675984313 6.053047535840219 6.091699395696124 6.130351255552029 6.1690031154080005 6.207654975263906 6.246306835119812 6.2849586949757175 6.323610554831623
-9999.0 -9999.0 -9999.0 -9999.0 -9999.0 -9999.0 -9999.0 -9999.0 -9999.0 -9999.0 -9999.0 -9999.0 -9999.0 -9999.0 -9999.0 -9999.0 4.810786868160927 4.885497966948082 4.960209065735235 5.034920164522389 5.109631263309543 5.184342362096697 5.259053460883851 5.333764559671005 5.408475658458158 5.4831867572453135 5.557897856032595 5.615610421121574 5.6551511695484065 5.694691917975239 5.734232666402071 5.773773414828903 5.813314163255735 5.852854911682567 5.8923956601094005 5.931936408536233 5.971477156963065 6.011017905389897 6.050558653816729 6.090099402243629 6.129640150670461 6.169180899097293 6.208721647524126 6.248262395950958
-9999.0 -9999.0 -9999.0 -9999.0 -9999.0 -9999.0 -9999.0 -9999.0 -9999.0 -9999.0 -9999.0 -9999.0 -9999.0 -9999.0 -9999.0 4.6767869205717725 4.74883135285142 4.820875785131067 4.892920217410714 4.96496464969036 5.037009081970008 5.109053514249655 5.181097946529302 5.253142378808949 5.325186811088596 5.397231243368243 5.469275675648013 5.526040045106154 5.5664696821039135 5.606899319101672 5.64732895609943 5.687758593097189 5.728188230094947 5.768617867092705 5.809047504090463 5.849477141088222 5.88990677808598 5.9303364150837385 5.970766052081498 6.011195689079325 6.051625326077083 6.092054963074841 6.132484600072599 6.1729142370703585
-9999.0 -9999.0 -9999.0 -9999.0 -9999.0 -9999.0 -9999.0 -9999.0 -9999.0 -9999.0 -9999.0 -9999.0 -9999.0 -9999.0 -9999.0 4.617498071769773 4.686875837541913 4.756253603314053 4.825631369086193 4.895009134858333 4.964386900630473 5.033764666402613 5.103142432174753 5.172520197946893 5.241897963719033 5.311275729491173 5.380653495263433 5.436469669090736 5.4777881946594205 5.5191067202281054 5.5604252457967895 5.6017437713654745 5.643062296934159 5.684380822502844 5.725699348071528 5.767017873640212 5.808336399208897 5.849654924777581 5.890973450346266 5.93229197591502 5.973610501483705 6.014929027052389 6.056247552621074 6.097566078189758
-9999.0 -9999.0 -9999.0 -9999.0 -9999.0 -9999.0 -9999.0 -9999.0 -9999.0 -9999.0 -9999.0 -9999.0 -9999.0 -9999.0 -9999.0 4.558209222967771 4.624920322232404 4.691631421497037 4.758342520761671 4.825053620026304 4.891764719290937 4.95847581855557 5.0251869178202035 5.091898017084836 5.15860911634947 5.2253202156141025 5.29203131487885 5.346899293075316 5.389106707214927 5.4313141213545375 5.4735215354941475 5.5157289496337585 5.557936363773369 5.6001437779129795 5.64235119205259 5.684558606192201 5.726766020331811 5.768973434471422 5.811180848611033 5.853388262750716 5.895595676890326 5.937803091029937 5.980010505169547 6.022217919309158
-9999.0 -9999.0 -9999.0 -9999.0 -9999.0 -9999.0 -9999.0 -9999.0 -9999.0 -9999.0 -9999.0 -9999.0 -9999.0 -9999.0 -9999.0 4.49892037416577 4.562964806922897 4.6270092396800235 4.69105367243715 4.755098105194276 4.819142537951402 4.883186970708529 4.947231403465655 5.011275836222781 5.075320268979907 5.139364701737033 5.203409134494269 5.257328917059898 5.3004252197704345 5.3435215224809705 5.386617825191507 5.429714127902044 5.472810430612581 5.515906733323118 5.559003036033655 5.602099338744191 5.645195641454728 5.688291944165265 5.7313882468758015 5.774484549586411 5.817580852296948 5.860677155007485 5.903773457718022 5.946869760428559
-9999.0 -9999.0 -9999.0 -9999.0 -9999.0 -9999.0 -9999.0 -9999.0 -9999.0 -9999.0 -9999.0 -9999.0 -9999.0 -9999.0 4.378253759114151 4.439631525363771 4.501009291613389 4.562387057863009 4.623764824112628 4.685142590362247 4.746520356611867 4.807898122861486 4.869275889111106 4.930653655360725 4.992031421610344 5.053409187859963 5.114786954109688 5.167758541044478 5.211743732325941 5.255728923607403 5.299714114888866 5.343699306170329 5.387684497451792 5.431669688733255 5.475654880014718 5.51964007129618 5.563625262577643 5.607610453859106 5.651595645140569 5.695580836422107 5.73956602770357 5.783551218985033 5.827536410266496 5.8715216015479585
-9999.0 -9999.0 -9999.0 -9999.0 -9999.0 -9999.0 -9999.0 -9999.0 -9999.0 -9999.0 -9999.0 -9999.0 -9999.0 -9999.0 4.321631576819609 4.380342676561719 4.43905377630383 4.497764876045939 4.556475975788049 4.61518707553016 4.67389817527227 4.73260927501438 4.7913203747564905 4.8500314744986 4.90874257424071 4.967453673982821 5.026164773725031 5.078188165028982 5.123062244881372 5.167936324733762 5.212810404586151 5.257684484438541 5.302558564290931 5.34743264414332 5.39230672399571 5.4371808038481 5.482054883700489 5.526928963552879 5.571803043405269 5.616677123257736 5.661551203110125 5.706425282962515 5.751299362814905 5.796173442667294
-9999.0 -9999.0 -9999.0 -9999.0 -9999.0 -9999.0 -9999.0 -9999.0 -9999.0 -9999.0 -9999.0 -9999.0 -9999.0 -9999.0 4.265009394525115 4.321053827759718 4.377098260994321 4.433142694228925 4.489187127463528 4.545231560698131 4.601275993932735 4.657320427167337 4.713364860401941 4.769409293636544 4.825453726871148 4.8814981601057506 4.937542593340449 4.9886177890135635 5.034380757436879 5.080143725860195 5.12590669428351 5.171669662706827 5.217432631130142 5.263195599553458 5.308958567976774 5.35472153640009 5.400484504823406 5.446247473246721 5.492010441670037 5.537773410093431 5.5835363785167464 5.629299346940063 5.675062315363379 5.720825283786694
-9999.0 -9999.0 -9999.0 -9999.0 -9999.0 -9999.0 -9999.0 -9999.0 -9999.0 -9999.0 -9999.0 -9999.0 -9999.0 -9999.0 4.208387212230621 4.261764978957717 4.315142745684813 4.36852051241191 4.421898279139006 4.475276045866103 4.528653812593199 4.5820315793202955 4.635409346047392 4.688787112774488 4.742164879501584 4.7955426462286805 4.848920412955868 4.899047412998144 4.945699269992386 4.992351126986628 5.039002983980869 5.085654840975112 5.132306697969353 5.178958554963596 5.225610411957837 5.272262268952079 5.318914125946321 5.365565982940563 5.412217839934804 5.458869696929126 5.505521553923368 5.55217341091761 5.598825267911852 5.645477124906094
-9999.0 -9999.0 -9999.0 -9999.0 -9999.0 -9999.0 -9999.0 -9999.0 -9999.0 -9999.0 -9999.0 -9999.0 -9999.0 4.101053929716538 4.1517650299361275 4.202476130155717 4.253187230375307 4.303898330594896 4.354609430814485 4.405320531034075 4.456031631253664 4.5067427314732535 4.557453831692843 4.608164931912433 4.658876032132023 4.709587132351611 4.760298232571287 4.8094770369827256 4.857017782547893 4.9045585281130615 4.952099273678229 4.999640019243397 5.047180764808565 5.094721510373733 5.142262255938901 5.189803001504069 5.237343747069237 5.284884492634405 5.332425238199573 5.379965983764822 5.42750672932999 5.475047474895158 5.522588220460326 5.570128966025494
-9999.0 -9999.0 -9999.0 -9999.0 -9999.0 -9999.0 -9999.0 -9999.0 -9999.0 -9999.0 -9999.0 -9999.0 3.9990539802173863 4.047098413929551 4.095142847641633 4.1431872813537165 4.191231715065799 4.239276148777881 4.287320582489964 4.335365016202046 4.383409449914129 4.431453883626212 4.479498317338294 4.527542751050376 4.575587184762459 4.623631618474541 4.671676052186706 4.719906660967306 4.7683362951034 4.816765929239494 4.865195563375588 4.913625197511682 4.962054831647777 5.010484465783871 5.058914099919964 5.107343734056059 5.155773368192153 5.2042030023282475 5.252632636464341 5.301062270600518 5.349491904736612 5.397921538872706 5.4463511730088 5.4947808071448945
-9999.0 -9999.0 -9999.0 -9999.0 -9999.0 -9999.0 -9999.0 -9999.0 -9999.0 -9999.0 -9999.0 -9999.0 -9999.0 3.993142898142564 4.038520665347139 4.083898432551715 4.129276199756291 4.174653966960866 4.220031734165442 4.2654095013700175 4.310787268574593 4.356165035779169 4.4015428029837445 4.44692057018832 4.492298337392896 4.537676104597471 4.583053871802124 4.630336284951887 4.679654807658907 4.728973330365927 4.778291853072947 4.827610375779967 4.876928898486987 4.926247421194008 4.975565943901028 5.024884466608048 5.074202989315069 5.123521512022089 5.172840034729109 5.222158557436213 5.271477080143233 5.320795602850254 5.370114125557274 5.419432648264294
-9999.0 -9999.0 -9999.0 -9999.0 -9999.0 -9999.0 -9999.0 -9999.0 -9999.0 -9999.0 -9999.0 -9999.0 -9999.0 3.9391873823555774 3.981898483052646 4.024609583749715 4.067320684446783 4.110031785143852 4.1527428858409206 4.19545398653799 4.238165087235058 4.280876187932127 4.323587288629195 4.366298389326264 4.409009490023333 4.451720590720401 4.494431691417543 4.540765908936467 4.590973320214413 4.641180731492359 4.691388142770306 4.741595554048252 4.791802965326198 4.842010376604145 4.892217787882092 4.942425199160038 4.992632610437984 5.04284002171593 5.093047432993877 5.143254844271908 5.193462255549854 5.243669666827801 5.293877078105748 5.344084489383694
