Figures/CREST_Example_wjb_NSE/Rolling_result/20100722/raw_forecast/ens_0/wjb.rain.20100723.asc
ncols            288
nrows            254
xllcorner        113.274861
yllcorner        31.4918055
cellsize         0.008333333333
NODATA_value     -9999
[rows 140 to 159 of 254, columns 88 to 131 of 288]
1.3215772752889494 1.3699069089833218 1.4182365426776942 1.466566176372149 1.5148958100665213 1.5632254437608937 1.611555077455266 1.6598847111496384 1.7082143448440108 1.7565439785383832 1.8048736122327556 1.853203245927128 1.9015328796215003 1.9498625133158727 1.998192147010245 2.0465217807046177 2.094851414399072 2.1431810480934446 2.191510681787817 2.2398403154821893 2.2881699491765617 2.336499582870934 2.3848292165653064 2.433158850259679 2.481488483954051 2.5298181176484236 2.578147751342796 2.6264773850371683 2.6748070187315407 2.7255586186529506 2.778899355240656 2.8322400918283615 2.8855808284160664 2.938921565003772 2.9922623015914773 3.0456030381791823 3.0989437747668878 3.152284511354593 3.205625247942298 3.2589659845300036 3.312306721117709 3.365647457705414 3.4189881942932105 3.472328930880916
1.3285735661191458 1.3771254219562497 1.4256772777933535 1.4742291336305402 1.522780989467644 1.571332845304748 1.6198847011418518 1.6684365569789557 1.7169884128160597 1.7655402686531636 1.8140921244902675 1.8626439803273713 1.9111958361644752 1.9597476920015793 2.008299547838683 2.056851403675787 2.1054032595129737 2.1539551153500778 2.2025069711871814 2.2510588270242855 2.299610682861389 2.3481625386984932 2.3967143945355973 2.445266250372701 2.4938181062098046 2.5423699620469087 2.5909218178840128 2.639473673721117 2.6880255295582205 2.7386771381513353 2.7915734299237585 2.8444697216961816 2.897366013468605 2.950262305241028 3.003158597013451 3.0560548887858743 3.1089511805582974 3.1618474723307206 3.2147437641031438 3.267640055875567 3.32053634764799 3.3734326394204133 3.4263289311929266 3.4792252229653498
1.335569856949342 1.3843439349291775 1.4331180129090129 1.4818920908889315 1.5306661688687668 1.5794402468486024 1.6282143248284378 1.676988402808273 1.7257624807881085 1.774536558767944 1.8233106367477794 1.872084714727615 1.9208587927074503 1.9696328706872857 2.018406948667121 2.0671810266469564 2.115955104626875 2.1647291826067105 2.213503260586546 2.2622773385663812 2.311051416546217 2.359825494526052 2.4085995725058877 2.457373650485723 2.5061477284655584 2.5549218064453942 2.603695884425229 2.652469962405065 2.7012440403849003 2.7517956576497196 2.8042475046068605 2.8566993515640013 2.9091511985211427 2.9616030454782836 3.014054892435425 3.066506739392566 3.1189585863497067 3.171410433306848 3.223862280263989 3.27631412722113 3.328765974178271 3.381217821135412 3.4336696680926426 3.486121515049784
1.3425661477795383 1.3915624479021051 1.4405587480246722 1.4895550481473228 1.5385513482698896 1.5875476483924567 1.6365439485150235 1.6855402486375906 1.7345365487601574 1.7835328488827242 1.8325291490052913 1.8815254491278584 1.9305217492504252 1.979518049372992 2.028514349495559 2.077510649618126 2.1265069497407767 2.1755032498633433 2.2244995499859104 2.2734958501084774 2.3224921502310445 2.3714884503536116 2.420484750476178 2.4694810505987452 2.5184773507213123 2.567473650843879 2.6164699509664464 2.665466251089013 2.71446255121158 2.764914177148104 2.8169215792899625 2.8689289814318215 2.9209363835736806 2.9729437857155396 3.0249511878573987 3.0769585899992573 3.1289659921411164 3.1809733942829754 3.232980796424834 3.284988198566693 3.336995600708552 3.3890030028504112 3.4410104049923587 3.4930178071342177
1.3495624386097407 1.3987809608750392 1.447999483140338 1.4972180054057205 1.5464365276710192 1.595655049936318 1.6448735722016166 1.694092094466915 1.7433106167322139 1.7925291389975126 1.8417476612628112 1.8909661835281097 1.9401847057934085 1.9894032280587073 2.038621750324006 2.087840272589305 2.137058794854687 2.186277317119986 2.2354958393852846 2.2847143616505834 2.3339328839158817 2.3831514061811805 2.4323699284464793 2.4815884507117776 2.530806972977077 2.580025495242375 2.629244017507674 2.6784625397729727 2.727681062038271 2.778032696646499 2.829595653973076 2.8811586112996523 2.9327215686262287 2.984284525952805 3.035847483279382 3.087410440605958 3.1389733979325345 3.190536355259111 3.2420993125856876 3.293662269912264 3.3452252272388403 3.396788184565417 3.4483511418920814 3.4999140992186577
1.3565587294399368 1.405999473847967 1.4554402182559973 1.5048809626641118 1.554321707072142 1.6037624514801723 1.6532031958882025 1.7026439402962326 1.7520846847042628 1.801525429112293 1.850966173520323 1.9004069179283534 1.9498476623363836 1.9992884067444137 2.048729151152444 2.098169895560474 2.1476106399685886 2.1970513843766186 2.246492128784649 2.295932873192679 2.3453736176007096 2.3948143620087396 2.4442551064167697 2.4936958508247997 2.54313659523283 2.5925773396408607 2.6420180840488907 2.6914588284569207 2.740899572864951 2.7911512161448835 2.842269728656178 2.8933882411674725 2.9445067536787666 2.995625266190061 3.046743778701355 3.0978622912126497 3.148980803723944 3.2000993162352382 3.2512178287465328 3.302336341257827 3.3534548537691213 3.404573366280416 3.4556918787917974 3.506810391303092
1.3635550202701334 1.4132179868208952 1.462880953371657 1.5125439199225033 1.562206886473265 1.6118698530240267 1.6615328195747885 1.7111957861255502 1.760858752676312 1.8105217192270737 1.8601846857778352 1.909847652328597 1.9595106188793587 2.0091735854301205 2.0588365519808822 2.108499518531644 2.1581624850824905 2.2078254516332523 2.257488418184014 2.3071513847347758 2.3568143512855375 2.4064773178362993 2.456140284387061 2.5058032509378227 2.5554662174885845 2.6051291840393462 2.654792150590108 2.7044551171408697 2.7541180836916315 2.804269735643268 2.8549438033392804 2.9056178710352927 2.956291938731305 3.006966006427317 3.0576400741233294 3.1083141418193416 3.158988209515354 3.209662277211366 3.2603363449073783 3.3110104126033906 3.361684480299403 3.412358547995415 3.463032615691514 3.5137066833875257
1.3705513111003298 1.420436499793823 1.4703216884873163 1.5202068771808945 1.5700920658743878 1.619977254567881 1.6698624432613745 1.7197476319548675 1.769632820648361 1.819518009341854 1.8694031980353474 1.9192883867288406 1.9691735754223338 2.019058764115827 2.0689439528093203 2.1188291415028138 2.168714330196392 2.218599518889885 2.2684847075833785 2.318369896276872 2.368255084970365 2.418140273663858 2.4680254623573514 2.517910651050845 2.567795839744338 2.617681028437831 2.6675662171313244 2.717451405824818 2.767336594518311 2.817388255141653 2.867617878022383 2.917847500903113 2.968077123783843 3.018306746664573 3.068536369545303 3.118765992426033 3.1689956153067635 3.2192252381874935 3.2694548610682235 3.319684483948954 3.369914106829684 3.420143729710414 3.4703733525912295 3.52060297547196
1.3775476019305262 1.4276550127667509 1.4777624236029756 1.5278698344392858 1.5779772452755105 1.6280846561117355 1.6781920669479602 1.728299477784185 1.7784068886204096 1.8285142994566344 1.8786217102928593 1.928729121129084 1.978836531965309 2.0289439428015337 2.0790513536377584 2.129158764473983 2.1792661753102935 2.2293735861465183 2.279480996982743 2.3295884078189677 2.3796958186551924 2.429803229491417 2.479910640327642 2.530018051163867 2.5801254620000913 2.6302328728363165 2.680340283672541 2.730447694508766 2.7805551053449906 2.830506774640037 2.880291952705485 2.930077130770933 2.979862308836381 3.029647486901829 3.079432664967277 3.129217843032725 3.179003021098173 3.228788199163621 3.278573377229069 3.3283585552945167 3.378143733359965 3.427928911425413 3.477714089490946 3.5274992675563936
1.3845438927607223 1.4348735257396787 1.485203158718635 1.535532791697677 1.5858624246766335 1.6361920576555897 1.686521690634546 1.7368513236135024 1.7871809565924586 1.8375105895714148 1.8878402225503712 1.9381698555293276 1.9884994885082838 2.03882912148724 2.0891587544661965 2.1394883874451525 2.1898180204241946 2.240147653403151 2.2904772863821075 2.3408069193610634 2.3911365523400203 2.4414661853189763 2.4917958182979327 2.542125451276889 2.592455084255845 2.6427847172348016 2.693114350213758 2.743443983192714 2.7937736161716704 2.8436252941384215 2.8929660273885873 2.942306760638753 2.991647493888919 3.040988227139085 3.0903289603892508 3.1396696936394166 3.1890104268895825 3.2383511601397483 3.287691893389914 3.33703262664008 3.386373359890246 3.4357140931404118 3.485054826390662 3.534395559640828
1.3915401835909247 1.4420920387126128 1.4926438938343007 1.543195748956075 1.593747604077763 1.644299459199451 1.694851314321139 1.745403169442827 1.795955024564515 1.8465068796862032 1.8970587348078911 1.947610589929579 1.9981624450512672 2.0487143001729553 2.099266155294643 2.149818010416331 2.2003698655381054 2.2509217206597936 2.3014735757814817 2.3520254309031694 2.4025772860248575 2.4531291411465457 2.5036809962682334 2.5542328513899215 2.6047847065116096 2.6553365616332973 2.705888416754986 2.7564402718766736 2.8069921269983613 2.856743813636817 2.9056401020717004 2.9545363905065836 3.003432678941467 3.0523289673763507 3.101225255811234 3.1501215442461175 3.1990178326810006 3.247914121115884 3.2968104095507673 3.345706697985651 3.394602986420534 3.4434992748554176 3.4923955632903843 3.541291851725268
1.398536474421121 1.4493105516855405 1.50008462894996 1.5508587062144663 1.6016327834788857 1.6524068607433053 1.703180938007725 1.7539550152721444 1.804729092536564 1.8555031698009836 1.906277247065403 1.9570513243298224 2.0078254015942423 2.0585994788586617 2.109373556123081 2.160147633387501 2.210921710652007 2.2616957879164263 2.312469865180846 2.3632439424452656 2.414018019709685 2.4647920969741044 2.5155661742385242 2.5663402515029436 2.6171143287673635 2.667888406031783 2.7186624832962023 2.7694365605606217 2.820210637825041 2.869862333135201 2.9183141767548024 2.9667660203744037 3.015217863994005 3.0636697076136064 3.1121215512332077 3.160573394852809 3.2090252384724103 3.2574770820920116 3.305928925711613 3.3543807693312138 3.402832612950815 3.4512844565704164 3.4997363001901003 3.5481881438097016
1.4055327652513174 1.4565290646584683 1.5075253640656194 1.5585216634728574 1.6095179628800085 1.6605142622871596 1.7115105616943107 1.7625068611014618 1.813503160508613 1.864499459915764 1.915495759322915 1.966492058730066 2.017488358137217 2.068484657544368 2.119480956951519 2.1704772563586703 2.2214735557659084 2.2724698551730595 2.3234661545802107 2.3744624539873618 2.425458753394513 2.476455052801664 2.5274513522088147 2.578447651615966 2.629443951023117 2.680440250430268 2.731436549837419 2.78243284924457 2.833429148651721 2.8829808526335854 2.930988251437905 2.978995650242224 3.027003049046543 3.075010447850862 3.1230178466551815 3.1710252454595005 3.2190326442638195 3.2670400430681386 3.3150474418724576 3.363054840676777 3.411062239481096 3.459069638285415 3.5070770370898163 3.555084435894135
1.4125290560815136 1.4637475776313962 1.5149660991812788 1.5661846207312486 1.6174031422811312 1.6686216638310138 1.7198401853808964 1.771058706930779 1.8222772284806616 1.8734957500305442 1.9247142715804268 1.9759327931303095 2.027151314680192 2.078369836230075 2.1295883577799573 2.1808068793298396 2.23202540087981 2.2832439224296923 2.334462443979575 2.3856809655294575 2.43689948707934 2.4881180086292227 2.5393365301791055 2.590555051728988 2.6417735732788703 2.692992094828753 2.744210616378636 2.7954291379285183 2.8466476594784007 2.89609937213197 2.943662326121007 2.991225280110044 3.038788234099081 3.086351188088118 3.133914142077155 3.181477096066192 3.2290400500552288 3.276603004044266 3.324165958033303 3.37172891202234 3.419291866011377 3.466854820000414 3.514417773989532 3.561980727978569
1.41952534691171 1.470966090604324 1.5224068342969381 1.57384757798964 1.625288321682254 1.676729065374868 1.7281698090674824 1.7796105527600965 1.8310512964527106 1.8824920401453247 1.933932783837939 1.985373527530553 2.036814271223167 2.0882550149157812 2.1396957586083953 2.1911365023010094 2.2425772459937114 2.2940179896863255 2.3454587333789396 2.3968994770715537 2.448340220764168 2.499780964456782 2.551221708149396 2.60266245184201 2.654103195534624 2.7055439392272382 2.7569846829198523 2.808425426612467 2.8598661703050805 2.9092178916303544 2.9563364008041093 3.003454909977864 3.0505734191516187 3.0976919283253737 3.1448104374991286 3.1919289466728835 3.2390474558466384 3.2861659650203934 3.3332844741941483 3.3804029833679032 3.427521492541658 3.474640001715413 3.5217585108892484 3.5688770200630033
1.4265216377419065 1.4781846035772521 1.5298475694125977 1.5815105352480314 1.6331735010833772 1.6848364669187228 1.7364994327540684 1.7881623985894142 1.8398253644247597 1.8914883302601053 1.9431512960954511 1.9948142619307967 2.0464772277661423 2.098140193601488 2.149803159436834 2.201466125272179 2.253129091107613 2.3047920569429587 2.356455022778304 2.4081179886136503 2.4597809544489957 2.511443920284341 2.5631068861196873 2.6147698519550326 2.666432817790378 2.7180957836257242 2.7697587494610696 2.821421715296415 2.873084681131761 2.922336411128739 2.9690104754872118 3.0156845398456844 3.062358604204157 3.10903266856263 3.155706732921103 3.2023807972795755 3.249054861638048 3.2957289259965212 3.342402990354994 3.3890770547134665 3.4357511190719396 3.4824251834304123 3.5290992477889644 3.5757733121474375
1.4335179285721027 1.48540311655018 1.537288304528257 1.5891734925064227 1.6410586804845 1.692943868462577 1.7448290564406543 1.7967142444187314 1.8485994323968087 1.9004846203748857 1.952369808352963 2.0042549963310403 2.0561401843091174 2.1080253722871944 2.1599105602652715 2.211795748243349 2.2636809362215145 2.3155661241995915 2.3674513121776686 2.419336500155746 2.471221688133823 2.5231068761119007 2.5749920640899777 2.626877252068055 2.678762440046132 2.730647628024209 2.782532816002286 2.8344180039803635 2.886303191958441 2.9354549306271234 2.9816845501703138 3.0279141697135046 3.0741437892566954 3.120373408799886 3.1666030283430766 3.212832647886267 3.259062267429458 3.3052918869726486 3.351521506515839 3.39775112605903 3.4439807456022207 3.490210365145411 3.5364399846886805 3.5826696042318713
1.4405142194023048 1.4926216295231138 1.5447290396439226 1.5968364497648204 1.6489438598856292 1.7010512700064382 1.753158680127247 1.805266090248056 1.857373500368865 1.9094809104896737 1.9615883206104825 2.0136957307312917 2.0658031408521005 2.1179105509729093 2.170017961093718 2.222125371214527 2.274232781335425 2.3263401914562336 2.378447601577043 2.4305550116978516 2.4826624218186604 2.534769831939469 2.586877242060278 2.6389846521810867 2.691092062301896 2.7431994724227047 2.795306882543514 2.8474142926643227 2.8995217027851314 2.9485734501255183 2.994358624853427 3.040143799581335 3.085928974309243 3.131714149037151 3.1774993237650593 3.2232844984929674 3.2690696732208755 3.314854847948784 3.360640022676692 3.4064251974046003 3.4522103721325084 3.4979955468604165 3.5437807215884027 3.589565896316311
1.4475105102325014 1.499840142496042 1.5521697747595822 1.604499407023212 1.6568290392867522 1.7091586715502927 1.7614883038138331 1.8138179360773736 1.866147568340914 1.9184772006044544 1.9708068328679949 2.023136465131535 2.0754660973950756 2.127795729658616 2.1801253619221566 2.232454994185697 2.2847846264493263 2.337114258712867 2.3894438909764073 2.441773523239948 2.4941031555034883 2.5464327877670287 2.5987624200305692 2.6510920522941097 2.70342168455765 2.7557513168211907 2.8080809490847307 2.860410581348271 2.9127402136118117 2.961691969623903 3.0070326995365293 3.052373429449155 3.0977141593617814 3.1430548892744072 3.1883956191870335 3.2337363490996593 3.2790770790122856 3.3244178089249115 3.3697585388375377 3.4150992687501636 3.46043999866279 3.5057807285754157 3.551121458488119 3.596462188400745
1.4545068010626978 1.5070586554689696 1.5596105098752415 1.6121623642816032 1.6647142186878752 1.7172660730941471 1.7698179275004189 1.8223697819066909 1.8749216363129628 1.9274734907192348 1.9800253451255068 2.0325771995317785 2.0851290539380507 2.1376809083443225 2.1902327627505946 2.2427846171568664 2.2953364715632283 2.3478883259695 2.400440180375772 2.452992034782044 2.5055438891883157 2.5580957435945875 2.6106475980008597 2.663199452407132 2.7157513068134036 2.7683031612196753 2.8208550156259475 2.8734068700322197 2.9259587244384915 2.9748104891222877 3.0197067742196313 3.0646030593169753 3.1094993444143193 3.1543956295116633 3.1992919146090073 3.2441881997063513 3.289084484803695 3.333980769901039 3.378877054998383 3.423773340095727 3.468669625193071 3.513565910290415 3.5584621953878353 3.6033584804851793
