Figures/CREST_Example_wjb_NSE/Rolling_result/20100722/raw_forecast/ens_0/wjb.rain.20100724.asc
ncols            288
nrows            254
xllcorner        113.274861
yllcorner        31.4918055
cellsize         0.008333333333
NODATA_value     -9999
[rows 200 to 219 of 254, columns 180 to 224 of 288]
10.793678747916209 10.705356494220295 10.617034240524232 10.528711986828318 10.440389733132404 10.352067479436492 10.263745225740578 10.175422972044665 10.087100718348752 9.998778464652839 9.910456210956925 9.822133957261013 9.733811703565099 9.645489449869185 9.557167196173271 9.468844942477208 9.380522688781294 9.292200435085382 9.203878181389468 9.115555927693554 9.027233673997642 8.938911420301729 8.850589166605815 8.762266912909901 8.673944659213989 8.585622405518075 8.497300151822163 8.479889898162122 8.538286177220783 8.596682456279344 8.655078735337906 8.713475014396467 8.771871293455028 8.83026757251359 8.88866385157215 8.947060130630712 9.005456409689273 9.063852688747835 9.122248967806396 9.180645246864957 9.239041525923518 9.297437804982179 9.35583408404074 9.414230363099302 9.472626642157863
10.711356517732142 10.622367598005399 10.533378678278503 10.44438975855176 10.355400838825016 10.266411919098271 10.177422999371528 10.088434079644784 9.999445159918041 9.910456240191298 9.821467320464555 9.732478400737811 9.643489481011066 9.554500561284323 9.46551164155758 9.376522721830685 9.28753380210394 9.198544882377197 9.109555962650454 9.02056704292371 8.931578123196967 8.842589203470222 8.753600283743479 8.664611364016736 8.575622444289992 8.48663352456325 8.397644604836506 8.378064022334726 8.432682522980123 8.487301023625426 8.54191952427073 8.596538024916034 8.651156525561337 8.705775026206641 8.760393526851946 8.815012027497248 8.869630528142553 8.924249028787857 8.97886752943316 9.033486030078464 9.088104530723768 9.142723031369165 9.197341532014468 9.251960032659772 9.306578533305077
10.629034287548075 10.5393787017905 10.449723116032773 10.3600675302752 10.270411944517626 10.180756358760052 10.091100773002479 10.001445187244904 9.91178960148733 9.822134015729757 9.732478429972183 9.64282284421461 9.553167258457036 9.463511672699461 9.373856086941888 9.284200501184161 9.194544915426587 9.104889329669014 9.01523374391144 8.925578158153865 8.835922572396292 8.746266986638718 8.656611400881143 8.56695581512357 8.477300229365996 8.387644643608422 8.297989057850849 8.276238146507328 8.327078868739461 8.377919590971507 8.428760313203554 8.4796010354356 8.530441757667646 8.581282479899693 8.632123202131739 8.682963924363785 8.733804646595832 8.784645368827878 8.835486091059924 8.886326813291971 8.937167535524017 8.98800825775615 9.038848979988197 9.089689702220243 9.140530424452288
10.546712057364006 10.456389805575602 10.366067553787044 10.27574530199864 10.185423050210236 10.095100798421832 10.004778546633428 9.914456294845024 9.82413404305662 9.733811791268216 9.643489539479813 9.553167287691409 9.462845035903003 9.372522784114599 9.282200532326195 9.191878280537637 9.101556028749233 9.011233776960829 8.920911525172425 8.830589273384021 8.740267021595617 8.649944769807213 8.55962251801881 8.469300266230405 8.378978014442 8.288655762653596 8.198333510865192 8.17441227067993 8.221475214498799 8.268538158317588 8.315601102136377 8.362664045955166 8.409726989773954 8.456789933592743 8.503852877411532 8.550915821230321 8.59797876504911 8.645041708867899 8.692104652686687 8.739167596505478 8.786230540324267 8.833293484143136 8.880356427961924 8.927419371780713 8.974482315599502
10.464389827179906 10.37340090936067 10.28241199154128 10.191423073722046 10.10043415590281 10.009445238083575 9.918456320264342 9.827467402445107 9.736478484625872 9.645489566806638 9.554500648987403 9.463511731168168 9.372522813348933 9.281533895529698 9.190544977710465 9.099556059891075 9.00856714207184 8.917578224252605 8.82658930643337 8.735600388614136 8.644611470794901 8.553622552975666 8.462633635156433 8.371644717337198 8.280655799517962 8.189666881698727 8.098677963879492 8.07258639485249 8.115871560258093 8.159156725663623 8.202441891069153 8.245727056474683 8.289012221880212 8.332297387285742 8.375582552691272 8.418867718096802 8.462152883502332 8.50543804890786 8.54872321431339 8.592008379718921 8.635293545124451 8.678578710530054 8.721863875935584 8.765149041341115 8.808434206746645
10.382067596995837 10.290412013145772 10.198756429295551 10.107100845445487 10.01544526159542 9.923789677745356 9.832134093895291 9.740478510045227 9.648822926195162 9.557167342345096 9.465511758495031 9.373856174644967 9.282200590794902 9.190545006944838 9.098889423094771 9.00723383924455 8.915578255394486 8.823922671544421 8.732267087694357 8.64061150384429 8.548955919994226 8.457300336144161 8.365644752294095 8.27398916844403 8.182333584593966 8.090678000743901 7.999022416893837 7.970760519025092 8.010267906017432 8.049775293009704 8.089282680001975 8.128790066994249 8.16829745398652 8.207804840978794 8.247312227971065 8.286819614963338 8.32632700195561 8.365834388947883 8.405341775940155 8.444849162932428 8.4843565499247 8.52386393691704 8.563371323909312 8.602878710901585 8.642386097893857
10.299745366811772 10.207423116930876 10.115100867049824 10.022778617168928 9.930456367288034 9.838134117407138 9.745811867526243 9.653489617645347 9.561167367764453 9.468845117883557 9.376522868002661 9.284200618121766 9.191878368240872 9.099556118359976 9.00723386847908 8.914911618598028 8.822589368717132 8.730267118836238 8.637944868955342 8.545622619074447 8.45330036919355 8.360978119312655 8.268655869431761 8.176333619550865 8.08401136966997 7.991689119789076 7.89936686990818 7.8689346431976945 7.9046642517767705 7.940393860355785 7.976123468934801 8.011853077513814 8.04758268609283 8.083312294671845 8.11904190325086 8.154771511829875 8.19050112040889 8.226230728987906 8.26196033756692 8.297689946145935 8.33341955472495 8.369149163304026 8.404878771883041 8.440608380462056 8.47633798904107
10.217423136627668 10.124434220715942 10.031445304804057 9.938456388892332 9.845467472980607 9.75247855706888 9.659489641157155 9.56650072524543 9.473511809333703 9.380522893421977 9.287533977510252 9.194545061598525 9.1015561456868 9.008567229775075 8.91557831386335 8.822589397951464 8.72960048203974 8.636611566128012 8.543622650216287 8.45063373430456 8.357644818392835 8.26465590248111 8.171666986569385 8.078678070657658 7.985689154745932 7.892700238834206 7.79971132292248 7.767108767370253 7.799060597536064 7.831012427701819 7.862964257867575 7.894916088033331 7.926867918199087 7.958819748364843 7.990771578530599 8.022723408696354 8.05467523886211 8.086627069027866 8.118578899193622 8.150530729359378 8.182482559525134 8.214434389690945 8.246386219856701 8.278338050022457 8.310289880188213
10.135100906443602 10.041445324501046 9.94778974255833 9.854134160615775 9.760478578673219 9.666822996730662 9.573167414788106 9.47951183284555 9.385856250902993 9.292200668960438 9.198545087017882 9.104889505075326 9.01123392313277 8.917578341190213 8.823922759247656 8.730267177304942 8.636611595362385 8.542956013419829 8.449300431477273 8.355644849534716 8.26198926759216 8.168333685649605 8.074678103707049 7.981022521764492 7.887366939821936 7.7937113578793795 7.700055775936824 7.665282891542856 7.693456943295402 7.721630995047901 7.749805046800399 7.777979098552898 7.806153150305396 7.834327202057895 7.862501253810393 7.890675305562891 7.91884935731539 7.947023409067889 7.975197460820387 8.003371512572885 8.031545564325384 8.059719616077931 8.087893667830429 8.116067719582928 8.144241771335427
10.052778676259535 9.958456428286148 9.864134180312602 9.769811932339215 9.675489684365829 9.581167436392443 9.486845188419055 9.39252294044567 9.298200692472284 9.203878444498898 9.10955619652551 9.015233948552124 8.920911700578738 8.82658945260535 8.732267204631965 8.637944956658417 8.543622708685032 8.449300460711644 8.354978212738258 8.260655964764872 8.166333716791485 8.072011468818099 7.977689220844713 7.883366972871327 7.7890447248979395 7.694722476924554 7.600400228951168 7.563457015715458 7.587853289054741 7.612249562393981 7.636645835733223 7.661042109072464 7.6854383824117045 7.709834655750946 7.734230929090187 7.7586272024294285 7.783023475768669 7.80741974910791 7.831816022447152 7.856212295786392 7.880608569125633 7.9050048424649155 7.929401115804157 7.953797389143398 7.978193662482639
9.970456446075433 9.875467532071216 9.780478618066837 9.68548970406262 9.590500790058403 9.495511876054186 9.400522962049969 9.305534048045752 9.210545134041535 9.115556220037318 9.0205673060331 8.925578392028884 8.830589478024667 8.735600564020451 8.640611650016234 8.545622736011854 8.450633822007639 8.355644908003422 8.260655993999205 8.165667079994988 8.07067816599077 7.975689251986553 7.880700337982336 7.785711423978119 7.690722509973902 7.595733595969685 7.500744681965468 7.461631139888017 7.482249634814035 7.502868129740016 7.523486624665998 7.54410511959198 7.564723614517963 7.585342109443944 7.605960604369926 7.626579099295908 7.647197594221891 7.667816089147872 7.688434584073854 7.709053078999836 7.729671573925819 7.750290068851835 7.770908563777818 7.7915270587037995 7.812145553629781
9.888134215891366 9.792478635856318 9.696823055821108 9.601167475786061 9.505511895751013 9.409856315715967 9.314200735680918 9.218545155645872 9.122889575610825 9.027233995575777 8.93157841554073 8.835922835505682 8.740267255470636 8.644611675435588 8.548956095400541 8.453300515365331 8.357644935330285 8.261989355295237 8.16633377526019 8.070678195225142 7.975022615190095 7.879367035155048 7.783711455120001 7.688055875084953 7.592400295049906 7.496744715014859 7.401089134979811 7.359805264060619 7.376645980573373 7.3934866970860975 7.4103274135988215 7.427168130111546 7.444008846624271 7.460849563136995 7.47769027964972 7.494530996162444 7.511371712675169 7.528212429187894 7.545053145700618 7.561893862213343 7.578734578726067 7.59557529523882 7.612416011751545 7.62925672826427 7.646097444776994
9.8058119857073 9.709489739641421 9.613167493575379 9.516845247509501 9.420523001443625 9.324200755377747 9.22787850931187 9.131556263245992 9.035234017180114 8.938911771114237 8.842589525048359 8.746267278982481 8.649945032916605 8.553622786850728 8.45730054078485 8.360978294718807 8.26465604865293 8.168333802587053 8.072011556521176 7.975689310455298 7.87936706438942 7.783044818323543 7.686722572257665 7.590400326191787 7.4940780801259095 7.397755834060033 7.301433587994155 7.257979388233222 7.2710423263327115 7.284105264432179 7.297168202531646 7.310231140631113 7.32329407873058 7.336357016830047 7.349419954929514 7.362482893028981 7.3755458311284485 7.388608769227915 7.401671707327382 7.414734645426849 7.427797583526316 7.4408605216258055 7.453923459725273 7.46698639782474 7.480049335924207
9.723489755523197 9.626500843426488 9.529511931329615 9.432523019232907 9.3355341071362 9.23854519503949 9.141556282942783 9.044567370846075 8.947578458749366 8.850589546652659 8.75360063455595 8.656611722459242 8.559622810362534 8.462633898265826 8.365644986169118 8.268656074072245 8.171667161975536 8.07467824987883 7.97768933778212 7.880700425685412 7.783711513588704 7.686722601491996 7.589733689395288 7.49274477729858 7.395755865201872 7.298766953105164 7.201778041008456 7.156153512405781 7.165438672092005 7.174723831778213 7.184008991464421 7.193294151150629 7.202579310836837 7.211864470523045 7.221149630209253 7.230434789895461 7.239719949581669 7.249005109267877 7.258290268954085 7.267575428640294 7.276860588326501 7.286145748012725 7.295430907698933 7.304716067385141 7.3140012270713495
9.64116752533913 9.543511947211591 9.445856369083886 9.348200790956348 9.25054521282881 9.152889634701271 9.055234056573733 8.957578478446194 8.859922900318656 8.762267322191118 8.66461174406358 8.566956165936041 8.469300587808503 8.371645009680964 8.273989431553426 8.17633385342572 8.078678275298182 7.981022697170644 7.883367119043106 7.7857115409155675 7.688055962788029 7.590400384660491 7.4927448065329525 7.395089228405414 7.297433650277876 7.1997780721503375 7.102122494022799 7.054327636578384 7.059835017851343 7.065342399124294 7.0708497803972445 7.076357161670195 7.081864542943146 7.087371924216097 7.092879305489047 7.098386686761997 7.103894068034948 7.1094014493078985 7.114908830580849 7.1204162118538 7.125923593126751 7.13143097439971 7.136938355672661 7.142445736945612 7.147953118218562
9.558845295155061 9.460523050996693 9.362200806838157 9.263878562679789 9.16555631852142 9.067234074363052 8.968911830204682 8.870589586046314 8.772267341887945 8.673945097729577 8.575622853571208 8.47730060941284 8.37897836525447 8.280656121096102 8.182333876937733 8.084011632779198 7.985689388620829 7.88736714446246 7.789044900304091 7.690722656145724 7.592400411987354 7.494078167828986 7.395755923670617 7.297433679512249 7.199111435353879 7.100789191195512 7.002466947037142 6.952501760750986 6.954231363610682 6.955960966470375 6.957690569330068 6.959420172189762 6.961149775049455 6.962879377909148 6.964608980768841 6.966338583628534 6.968068186488227 6.96979778934792 6.971527392207614 6.973256995067307 6.974986597927 6.976716200786696 6.978445803646389 6.980175406506082 6.981905009365776
9.476523064970996 9.377534154781797 9.27854524459243 9.17955633440323 9.080567424214031 8.981578514024832 8.882589603835633 8.783600693646434 8.684611783457235 8.585622873268036 8.486633963078837 8.387645052889638 8.28865614270044 8.18966723251124 8.090678322322042 7.991689412132675 7.892700501943476 7.793711591754277 7.694722681565078 7.595733771375879 7.49674486118668 7.397755950997481 7.298767040808282 7.199778130619083 7.100789220429884 7.001800310240685 6.902811400051486 6.8506758849235885 6.84862770937002 6.846579533816456 6.844531358262892 6.842483182709327 6.840435007155763 6.838386831602199 6.8363386560486346 6.834290480495071 6.832242304941507 6.830194129387942 6.828145953834378 6.826097778280814 6.824049602727249 6.8220014271736815 6.819953251620118 6.817905076066553 6.815856900512989
9.394200834786892 9.294545258566863 9.194889682346664 9.095234106126634 8.995578529906604 8.895922953686576 8.796267377466545 8.696611801246517 8.596956225026487 8.497300648806458 8.397645072586428 8.297989496366398 8.19833392014637 8.09867834392634 7.99902276770631 7.89936719148611 7.799711615266082 7.700056039046052 7.600400462826022 7.500744886605993 7.401089310385964 7.3014337341659346 7.201778157945904 7.102122581725876 7.002467005505846 6.9028114292858165 6.803155853065787 6.748850009096147 6.743024055129314 6.737198101162491 6.731372147195668 6.725546193228844 6.7197202392620206 6.713894285295197 6.708068331328374 6.702242377361551 6.696416423394727 6.690590469427904 6.68476451546108 6.678938561494258 6.673112607527434 6.667286653560601 6.6614606995937775 6.655634745626954 6.6498087916601305
9.311878604602827 9.211556362351967 9.111234120100937 9.010911877850077 8.910589635599216 8.810267393348356 8.709945151097497 8.609622908846637 8.509300666595777 8.408978424344918 8.308656182094058 8.208333939843198 8.108011697592339 8.00768945534148 7.907367213090619 7.807044970839588 7.706722728588728 7.6064004863378685 7.506078244087009 7.405756001836149 7.30543375958529 7.205111517334429 7.1047892750835695 7.00446703283271 6.904144790581849 6.80382254833099 6.70350030608013 6.64702413326875 6.637420400888653 6.627816668508572 6.618212936128491 6.6086092037484105 6.599005471368329 6.589401738988249 6.579798006608168 6.570194274228087 6.560590541848006 6.5509868094679256 6.541383077087845 6.531779344707764 6.5221756123276835 6.512571879947586 6.502968147567505 6.493364415187425 6.483760682807344
9.22955637441876 9.128567466137069 9.027578557855207 8.926589649573517 8.825600741291828 8.724611833010137 8.623622924728448 8.522634016446757 8.421645108165066 8.320656199883377 8.219667291601686 8.118678383319997 8.017689475038306 7.916700566756616 7.815711658474926 7.714722750193064 7.613733841911374 7.512744933629684 7.411756025347994 7.3107671170663036 7.2097782087846145 7.108789300502924 7.007800392221235 6.906811483939544 6.805822575657854 6.704833667376164 6.603844759094474 6.545198257441352 6.5318167466479915 6.518435235854653 6.505053725061314 6.491672214267976 6.478290703474638 6.4649091926813 6.451527681887962 6.4381461710946235 6.424764660301285 6.411383149507947 6.398001638714609 6.384620127921271 6.371238617127933 6.3578571063345715 6.344475595541233 6.331094084747895 6.317712573954557
