Figures/CREST_Example_wjb_NSE/Rolling_result/20100722/raw_forecast/ens_0/wjb.rain.20090927.asc
ncols            288
nrows            254
xllcorner        113.274861
yllcorner        31.4918055
cellsize         0.008333333333
NODATA_value     -9999
[rows 78 to 103 of 254, columns 58 to 115 of 288]
0.0 0.0 0.0 0.0 0.0 0.0 0.0 0.0 0.0 0.0 0.0 0.0 0.0 0.0 0.0 0.0 0.0 0.0 0.0 0.0 0.0 0.0 0.0 0.0 0.0 0.0 0.0 0.0 0.0 0.0 0.0 0.0 0.0 0.0 0.0 0.0 0.0 0.0 0.0 0.0 0.0 0.00041751825028262055 0.001281372950488545 0.0021452276506944696 0.003009082350900394 0.0038729370511063187 0.004736791751313716 0.005600646451519641 0.006464501151725565 0.00732835585193149 0.008192210552137414 0.00905606525234334 0.009919919952549263 0.010366256402887991 0.010366256402887991 0.010366256402887991 0.010366256402887991 0.010366256402887991
0.0 0.0 0.0 0.0 0.0 0.0 0.0 0.0 0.0 0.0 0.0 0.0 0.0 0.0 0.0 0.0 0.0 0.0 0.0 0.0 0.0 0.0 0.0 0.0 0.0 0.0 0.0 0.0 0.0 0.0 0.0 0.0 0.0 0.0 0.0 0.0 0.0 0.0 0.0 0.0 0.0 0.0004936613035552137 0.0015150577026282778 0.002536454101701342 0.0035578505007744063 0.00457924689984747 0.0056006432989222765 0.006622039697995341 0.0076434360970684045 0.008664832496141469 0.009686228895214533 0.010707625294287598 0.011729021693360661 0.012256756789369697 0.012256756789369697 0.012256756789369697 0.012256756789369697 0.012256756789369697
0.0 0.0 0.0 0.0 0.0 0.0 0.0 0.0 0.0 0.0 0.0 0.0 0.0 0.0 0.0 0.0 0.0 0.0 0.0 0.0 0.0 0.0 0.0 0.0 0.0 0.0 0.0 0.0 0.0 0.0 0.0 0.0 0.0 0.0 0.0 0.0 0.0 0.0 0.0 0.0 0.0 0.0005698043568277419 0.0017487424547678115 0.002927680552707881 0.004106618650647951 0.00528555674858802 0.0064644948465301 0.00764343294447017 0.00882237104241024 0.01000130914035031 0.011180247238290378 0.012359185336230448 0.013538123434170518 0.014147257175849791 0.014147257175849791 0.014147257175849791 0.014147257175849791 0.014147257175849791
0.0 0.0 0.0 0.0 0.0 0.0 0.0 0.0 0.0 0.0 0.0 0.0 0.0 0.0 0.0 0.0 0.0 0.0 0.0 0.0 0.0 0.0 0.0 0.0 0.0 0.0 0.0 0.0 0.0 0.0 0.0 0.0 0.0 0.0 0.0 0.0 0.0 0.0 0.0 0.0 0.0 0.0006459474101002702 0.001982427206907345 0.0033189070037144205 0.0046553868005214955 0.0059918665973285705 0.007328346394137925 0.008664826190945 0.010001305987752075 0.01133778578455915 0.012674265581366225 0.0140107453781733 0.015347225174980375 0.016037757562329887 0.016037757562329887 0.016037757562329887 0.016037757562329887 0.016037757562329887
0.0 0.0 0.0 0.0 0.0 0.0 0.0 0.0 0.0 0.0 0.0 0.0 0.0 0.0 0.0 0.0 0.0 0.0 0.0 0.0 0.0 0.0 0.0 0.0 0.0 0.0 0.0 0.0 0.0 0.0 0.0 0.0 0.0 0.0 0.0 0.0 0.0 0.0 0.0 0.0 0.0 0.0007220904633727983 0.0022161119590468786 0.0037101334547209592 0.0052041549503950395 0.00669817644606912 0.008192197941745747 0.009686219437419829 0.011180240933093909 0.012674262428767989 0.01416828392444207 0.015662305420116148 0.01715632691579023 0.01792825794880998 0.01792825794880998 0.01792825794880998 0.01792825794880998 0.01792825794880998
0.0 0.0 0.0 0.0 0.0 0.0 0.0 0.0 0.0 0.0 0.0 0.0 0.0 0.0 0.0 0.0 0.0 0.0 0.0 0.0 0.0 0.0 0.0 0.0 0.0 0.0 0.0 0.0 0.0 0.0 0.0 0.0 0.0 0.0 0.0 0.0 0.0 0.0 0.0 0.0 0.0 0.0007982335166453266 0.0024497967111864125 0.004101359905727498 0.005752923100268584 0.00740448629480967 0.009056049489353572 0.010707612683894658 0.012359175878435744 0.01401073907297683 0.015662302267517917 0.017313865462059003 0.018965428656600086 0.019818758335290076 0.019818758335290076 0.019818758335290076 0.019818758335290076 0.019818758335290076
0.0 0.0 0.0 0.0 0.0 0.0 0.0 0.0 0.0 0.0 0.0 0.0 0.0 0.0 0.0 0.0 0.0 0.0 0.0 0.0 0.0 0.0 0.0 0.0 0.0 0.0 0.0 0.0 0.0 0.0 0.0 0.0 0.0 0.0 0.0 0.0 0.0 0.0 0.0 0.0 0.0 0.0008743765699178547 0.002683481463325946 0.004492586356734037 0.006301691250142128 0.008110796143550219 0.009919901036961396 0.011729005930369487 0.013538110823777578 0.01534721571718567 0.01715632061059376 0.01896542550400185 0.02077453039740994 0.02170925872177017 0.02170925872177017 0.02170925872177017 0.02170925872177017 0.02170925872177017
0.0 0.0 0.0 0.0 0.0 0.0001146713750952316 0.0003519290422584039 0.0005891867094219808 0.0008264443765851531 0.0010637020437483254 0.0013009597109114978 0.00153821737807467 0.0017754750452378424 0.0020127327124010146 0.002249990379564187 0.0024872480467273595 0.0027245057138905317 0.0028520892526149063 0.0028624286686816398 0.002872768084748373 0.002883107500815124 0.002893446916881857 0.0029037863329485904 0.0029141257490153238 0.0029244651650820568 0.00293480458114879 0.002945143997215523 0.0029554834132822566 0.0029658228293489896 0.0029711649988783395 0.0029711649988783395 0.0029711649988783395 0.0029711649988783395 0.0029711649988783395 0.0029711649988783395 0.0029711649988783395 0.0029711649988783395 0.0029711649988783395 0.0029711649988783395 0.0029711649988783395 0.0029711649988783395 0.0037284100330157513 0.005295167130470536 0.006861924227925321 0.008428681325380105 0.009995438422834891 0.011562195520292348 0.013128952617747132 0.014695709715201918 0.016262466812656702 0.017829223910111488 0.019395981007566274 0.020962738105021056 0.021772250169091876 0.021772250169091876 0.021772250169091876 0.021772250169091876 0.021772250169091876
0.0 0.0 0.0 0.0 0.0 0.00035191922027992734 0.001080048042003372 0.0018081768637280581 0.002536305685451503 0.0032644345071749475 0.003992563328898392 0.0047206921506218365 0.005448820972345281 0.006176949794068726 0.00690507861579217 0.007633207437515614 0.00836133625923906 0.008752882095600998 0.008784613111622501 0.008816344127644003 0.00884807514366556 0.008879806159687064 0.008911537175708566 0.00894326819173007 0.008974999207751574 0.009006730223773076 0.00903846123979458 0.009070192255816081 0.009101923271837585 0.009118318053306027 0.009118318053306027 0.009118318053306027 0.009118318053306027 0.009118318053306027 0.009118318053306027 0.009118318053306027 0.009118318053306027 0.009118318053306027 0.009118318053306027 0.009118318053306027 0.009118318053306027 0.009551833201687288 0.010448785845760027 0.011345738489832767 0.012242691133905508 0.013139643777978249 0.01403659642205252 0.014933549066125259 0.015830501710198 0.01672745435427074 0.01762440699834348 0.01852135964241622 0.01941831228648896 0.01988174978261178 0.01988174978261178 0.01988174978261178 0.01988174978261178 0.01988174978261178
0.0 0.0 0.0 0.0 0.0 0.0005891670654646229 0.001808167041748339 0.003027167018034134 0.00424616699431785 0.005465166970601567 0.006684166946885283 0.007903166923169 0.009122166899452715 0.010341166875736432 0.011560166852020147 0.012779166828303865 0.01399816680458758 0.014653674938587082 0.014706797554563356 0.014759920170539629 0.014813042786515993 0.014866165402492266 0.01491928801846854 0.014972410634444813 0.015025533250421087 0.01507865586639736 0.015131778482373633 0.015184901098349907 0.01523802371432618 0.015265471107733714 0.015265471107733714 0.015265471107733714 0.015265471107733714 0.015265471107733714 0.015265471107733714 0.015265471107733714 0.015265471107733714 0.015265471107733714 0.015265471107733714 0.015265471107733714 0.015265471107733714 0.015375256370358822 0.01560240456104952 0.015829552751740215 0.01605670094243091 0.016283849133121607 0.01651099732381269 0.016738145514503387 0.016965293705194083 0.01719244189588478 0.017419590086575475 0.01764673827726617 0.017873886467956866 0.017991249396131687 0.017991249396131687 0.017991249396131687 0.017991249396131687 0.017991249396131687
0.0 0.0 0.0 0.0 0.0 0.0008264149106493186 0.002536286041493307 0.004246157172340212 0.0059560283031842 0.007665899434028189 0.009375770564872177 0.011085641695716165 0.012795512826560154 0.014505383957404142 0.016215255088248132 0.01792512621909212 0.01963499734993611 0.020554467781573174 0.020628981997504216 0.020703496213435257 0.02077801042936643 0.020852524645297472 0.020927038861228518 0.02100155307715956 0.021076067293090604 0.021150581509021646 0.021225095724952688 0.021299609940883733 0.021374124156814774 0.0214126241621614 0.0214126241621614 0.0214126241621614 0.0214126241621614 0.0214126241621614 0.0214126241621614 0.0214126241621614 0.0214126241621614 0.0214126241621614 0.0214126241621614 0.0214126241621614 0.0214126241621614 0.02119867953903036 0.02075602327633901 0.02031336701364766 0.019870710750956314 0.019428054488264963 0.01898539822557286 0.018542741962881512 0.018100085700190165 0.017657429437498817 0.01721477317480747 0.01677211691211612 0.01632946064942477 0.016100749009651593 0.016100749009651593 0.016100749009651593 0.016100749009651593 0.016100749009651593
0.0 0.0 0.0 0.0 0.0 0.001063662755834014 0.0032644050412382743 0.005465147326646287 0.007665889612050547 0.009866631897454807 0.012067374182859067 0.014268116468263328 0.016468858753667586 0.018669601039071847 0.02087034332447611 0.023071085609880367 0.025271827895284628 0.026455260624559256 0.02655116644044507 0.026647072256330884 0.02674297807221686 0.026838883888102676 0.02693478970398849 0.027030695519874304 0.027126601335760114 0.02722250715164593 0.027318412967531742 0.027414318783417557 0.02751022459930337 0.027559777216589088 0.027559777216589088 0.027559777216589088 0.027559777216589088 0.027559777216589088 0.027559777216589088 0.027559777216589088 0.027559777216589088 0.027559777216589088 0.027559777216589088 0.027559777216589088 0.027559777216589088 0.027022102707701893 0.025909641991628502 0.024797181275555108 0.023684720559481714 0.022572259843408323 0.02145979912733303 0.02034733841125964 0.019234877695186246 0.018122416979112856 0.017009956263039458 0.015897495546966067 0.014785034830892675 0.014210248623171499 0.014210248623171499 0.014210248623171499 0.014210248623171499 0.014210248623171499
0.0 0.0 0.0 0.0 0.0 0.0013009106010187098 0.003992524040983242 0.0066841374809523645 0.009375750920916897 0.01206736436088143 0.014758977800845962 0.017450591240810494 0.020142204680775027 0.02283381812073956 0.025525431560704092 0.028217045000668625 0.030908658440633157 0.032356053467545345 0.03247335088338593 0.03259064829922651 0.0327079457150673 0.03282524313090788 0.032942540546748465 0.033059837962589045 0.033177135378429624 0.03329443279427021 0.03341173021011079 0.03352902762595138 0.03364632504179196 0.03370693027101677 0.03370693027101677 0.03370693027101677 0.03370693027101677 0.03370693027101677 0.03370693027101677 0.03370693027101677 0.03370693027101677 0.03370693027101677 0.03370693027101677 0.03370693027101677 0.03370693027101677 0.032845525876373426 0.031063260706917985 0.02928099553746255 0.027498730368007113 0.025716465198551676 0.0239342000290932 0.022151934859637762 0.020369669690182328 0.018587404520726887 0.016805139351271453 0.015022874181816016 0.013240609012360578 0.012319748236691404 0.012319748236691404 0.012319748236691404 0.012319748236691404 0.012319748236691404
0.0 0.0 0.0 0.0 0.0 0.0015381584462034054 0.00472064304072821 0.00790312763525844 0.011085612229783244 0.01426809682430805 0.017450581418832854 0.020633066013357657 0.02381555060788246 0.026998035202407265 0.03018051979693207 0.033363004391456876 0.03654548898598168 0.03825684631053143 0.038395535326326787 0.038534224342122135 0.038672913357917726 0.03881160237371308 0.03895029138950844 0.039088980405303786 0.03922766942109914 0.0393663584368945 0.039505047452689845 0.0396437364684852 0.039782425484280556 0.039854083325444455 0.039854083325444455 0.039854083325444455 0.039854083325444455 0.039854083325444455 0.039854083325444455 0.039854083325444455 0.039854083325444455 0.039854083325444455 0.039854083325444455 0.039854083325444455 0.039854083325444455 0.03866894904504496 0.03621687942220748 0.033764809799369994 0.031312740176532516 0.028860670553695032 0.02640860093085337 0.02395653130801589 0.02150446168517841 0.019052392062340925 0.016600322439503445 0.014148252816665964 0.011696183193828483 0.01042924785021131 0.01042924785021131 0.01042924785021131 0.01042924785021131 0.01042924785021131
0.0 0.0 0.0 0.0 0.0 0.0017754062913883034 0.005448762040473798 0.009122117789565558 0.012795473538651052 0.016468829287736547 0.020142185036822042 0.023815540785907537 0.027488896534993035 0.03116225228407853 0.034835608033164024 0.038508963782249515 0.042182319531335014 0.044157639153522554 0.04431771976927269 0.04447780038502284 0.044637881000773254 0.04479796161652339 0.04495804223227353 0.045118122848023676 0.045278203463773814 0.04543828407952396 0.0455983646952741 0.045758445311024236 0.04591852592677438 0.04600123637987738 0.04600123637987738 0.04600123637987738 0.04600123637987738 0.04600123637987738 0.04600123637987738 0.04600123637987738 0.04600123637987738 0.04600123637987738 0.04600123637987738 0.04600123637987738 0.04600123637987738 0.04449237221372146 0.04137049813750136 0.03824862406128127 0.03512674998506117 0.032004875908841074 0.028883001832615652 0.025761127756395556 0.02263925368017546 0.019517379603955363 0.016395505527735266 0.013273631451515167 0.01015175737529507 0.008538747463729604 0.008538747463729604 0.008538747463729604 0.008538747463729604 0.008538747463729604
0.0 0.0 0.0 0.0 0.0 0.002012654136572999 0.006176881040218766 0.010341107943871634 0.014505334847517402 0.018669561751163168 0.022833788654808933 0.026998015558454703 0.03116224246210047 0.03532646936574624 0.039490696269392 0.04365492317303777 0.04781915007668354 0.05005843199650864 0.05023990421221355 0.05042137642791846 0.05060284864362368 0.050784320859328595 0.0509657930750335 0.05114726529073842 0.05132873750644333 0.05151020972214824 0.05169168193785315 0.05187315415355806 0.052054626369262974 0.05214838943430507 0.05214838943430507 0.05214838943430507 0.05214838943430507 0.05214838943430507 0.05214838943430507 0.05214838943430507 0.05214838943430507 0.05214838943430507 0.05214838943430507 0.05214838943430507 0.05214838943430507 0.050315795382392996 0.04652411685279085 0.04273243832318871 0.03894075979358657 0.03514908126398443 0.03135740273437582 0.02756572420477368 0.023774045675171537 0.019982367145569398 0.016190688615967258 0.012399010086365111 0.008607331556762972 0.006648247077249509 0.006648247077249509 0.006648247077249509 0.006648247077249509 0.006648247077249509
0.0 0.0 0.0 0.0 0.0 0.0022499019817576946 0.006905000039963733 0.01156009809817771 0.016215196156383747 0.020870294214589788 0.025525392272795825 0.030180490331001866 0.0348355883892079 0.03949068644741394 0.044145784505619984 0.04880088256382602 0.05345598062203206 0.05595922483949473 0.05616208865515441 0.05636495247081409 0.05656781628647412 0.0567706801021338 0.05697354391779348 0.057176407733453165 0.05737927154911285 0.057582135364772524 0.05778499918043221 0.05798786299609189 0.05819072681175157 0.058295542488732754 0.058295542488732754 0.058295542488732754 0.058295542488732754 0.058295542488732754 0.058295542488732754 0.058295542488732754 0.058295542488732754 0.058295542488732754 0.058295542488732754 0.058295542488732754 0.058295542488732754 0.05613921855106453 0.05167773556808034 0.04721625258509616 0.04275476960211197 0.038293286619127787 0.03383180363613599 0.02937032065315181 0.02490883767016762 0.020447354687183436 0.015985871704199253 0.011524388721215063 0.0070629057382308805 0.004757746690769416 0.004757746690769416 0.004757746690769416 0.004757746690769416 0.004757746690769416
0.0 0.0 0.0 0.0 0.0 0.0024871498269423906 0.007633119039708702 0.012779088252483788 0.0179250574652501 0.023071026678016412 0.028216995890782724 0.03336296510354903 0.038508934316315344 0.043654903529081655 0.04880087274184797 0.05394684195461428 0.05909281116738059 0.06186001768248082 0.06208427309809527 0.06230852851370972 0.06253278392932456 0.06275703934493901 0.06298129476055346 0.06320555017616791 0.06342980559178236 0.06365406100739682 0.06387831642301127 0.06410257183862572 0.06432682725424016 0.06444269554316044 0.06444269554316044 0.06444269554316044 0.06444269554316044 0.06444269554316044 0.06444269554316044 0.06444269554316044 0.06444269554316044 0.06444269554316044 0.06444269554316044 0.06444269554316044 0.06444269554316044 0.06196264171973606 0.056831354283369835 0.0517000668470036 0.046568779410637376 0.04143749197427114 0.03630620453789617 0.031174917101529934 0.0260436296651637 0.020912342228797474 0.01578105479243124 0.010649767356065008 0.005518479919698782 0.002867246304289321 0.002867246304289321 0.002867246304289321 0.002867246304289321 0.002867246304289321
0.0 0.0 0.0 0.0 0.0 0.0027243976721270866 0.008361238039453671 0.013998078406789868 0.019634918774116453 0.025271759141443036 0.03090859950876962 0.0365454398760962 0.04218228024342279 0.047819120610749374 0.05345596097807596 0.05909280134540254 0.06472964171272913 0.06776081052546691 0.06800645754103614 0.06825210455660535 0.068497751572175 0.06874339858774421 0.06898904560331344 0.06923469261888265 0.06948033963445188 0.0697259866500211 0.06997163366559032 0.07021728068115954 0.07046292769672877 0.07058984859758813 0.07058984859758813 0.07058984859758813 0.07058984859758813 0.07058984859758813 0.07058984859758813 0.07058984859758813 0.07058984859758813 0.07058984859758813 0.07058984859758813 0.07058984859758813 0.07058984859758813 0.0677860648884076 0.06198497299865933 0.05618388110891105 0.05038278921916278 0.0445816973294145 0.038780605439656335 0.032979513549908065 0.02717842166015979 0.021377329770411513 0.015576237880663243 0.009775145990914967 0.003974054101166691 0.000976745917809227 0.000976745917809227 0.000976745917809227 0.000976745917809227 0.000976745917809227
0.0 0.0 0.0 0.0 0.0 0.002846974142330641 0.008737427997290381 0.014627881852260166 0.020518335707219906 0.026408789562179645 0.032299243417139384 0.03818969727209913 0.04408015112705887 0.04997060498201861 0.055861058836978346 0.061751512691938085 0.06764196654689783 0.07080951411867574 0.07106621331814329 0.07132291251761083 0.07157961171707881 0.07183631091654637 0.0720930101160139 0.07234970931548144 0.072606408514949 0.07286310771441654 0.07311980691388409 0.07337650611335163 0.07363320531281917 0.0737658366560936 0.0737658366560936 0.0737658366560936 0.0737658366560936 0.0737658366560936 0.0737658366560936 0.0737658366560936 0.0737658366560936 0.0737658366560936 0.0737658366560936 0.0737658366560936 0.0737658366560936 0.07079479466617085 0.0646476416117436 0.05850048855731635 0.052353335502889106 0.046206182448461856 0.04005902939402413 0.03391187633959688 0.02776472328516963 0.02161757023074238 0.015470417176315136 0.009323264121887886 0.0031761110674606435 0.0 0.0 0.0 0.0 0.0
0.0 0.0 0.0 0.0 0.0 0.002846974142330641 0.008737427997290381 0.014627881852260166 0.020518335707219906 0.026408789562179645 0.032299243417139384 0.03818969727209913 0.04408015112705887 0.04997060498201861 0.055861058836978346 0.061751512691938085 0.06764196654689783 0.07080951411867574 0.07106621331814329 0.07132291251761083 0.07157961171707881 0.07183631091654637 0.0720930101160139 0.07234970931548144 0.072606408514949 0.07286310771441654 0.07311980691388409 0.07337650611335163 0.07363320531281917 0.0737658366560936 0.0737658366560936 0.0737658366560936 0.0737658366560936 0.0737658366560936 0.0737658366560936 0.0737658366560936 0.0737658366560936 0.0737658366560936 0.0737658366560936 0.0737658366560936 0.0737658366560936 0.07079479466617085 0.0646476416117436 0.05850048855731635 0.052353335502889106 0.046206182448461856 0.04005902939402413 0.03391187633959688 0.02776472328516963 0.02161757023074238 0.015470417176315136 0.009323264121887886 0.0031761110674606435 0.0 0.0 0.0 0.0 0.0
0.0 0.0 0.0 0.0 0.0 0.002846974142330641 0.008737427997290381 0.014627881852260166 0.020518335707219906 0.026408789562179645 0.032299243417139384 0.03818969727209913 0.04408015112705887 0.04997060498201861 0.055861058836978346 0.061751512691938085 0.06764196654689783 0.07080951411867574 0.07106621331814329 0.07132291251761083 0.07157961171707881 0.07183631091654637 0.0720930101160139 0.07234970931548144 0.072606408514949 0.07286310771441654 0.07311980691388409 0.07337650611335163 0.07363320531281917 0.0737658366560936 0.0737658366560936 0.0737658366560936 0.0737658366560936 0.0737658366560936 0.0737658366560936 0.0737658366560936 0.0737658366560936 0.0737658366560936 0.0737658366560936 0.0737658366560936 0.0737658366560936 0.07079479466617085 0.0646476416117436 0.05850048855731635 0.052353335502889106 0.046206182448461856 0.04005902939402413 0.03391187633959688 0.02776472328516963 0.02161757023074238 0.015470417176315136 0.009323264121887886 0.0031761110674606435 0.0 0.0 0.0 0.0 0.0
0.0 0.0 0.0 0.0 0.0 0.002846974142330641 0.008737427997290381 0.014627881852260166 0.020518335707219906 0.026408789562179645 0.032299243417139384 0.03818969727209913 0.04408015112705887 0.04997060498201861 0.055861058836978346 0.061751512691938085 0.06764196654689783 0.07080951411867574 0.07106621331814329 0.07132291251761083 0.07157961171707881 0.07183631091654637 0.0720930101160139 0.07234970931548144 0.072606408514949 0.07286310771441654 0.07311980691388409 0.07337650611335163 0.07363320531281917 0.0737658366560936 0.0737658366560936 0.0737658366560936 0.0737658366560936 0.0737658366560936 0.0737658366560936 0.0737658366560936 0.0737658366560936 0.0737658366560936 0.0737658366560936 0.0737658366560936 0.0737658366560936 0.07079479466617085 0.0646476416117436 0.05850048855731635 0.052353335502889106 0.046206182448461856 0.04005902939402413 0.03391187633959688 0.02776472328516963 0.02161757023074238 0.015470417176315136 0.009323264121887886 0.0031761110674606435 0.0 0.0 0.0 0.0 0.0
0.0 0.0 0.0 0.0 0.0 0.002846974142330641 0.008737427997290381 0.014627881852260166 0.020518335707219906 0.026408789562179645 0.032299243417139384 0.03818969727209913 0.04408015112705887 0.04997060498201861 0.055861058836978346 0.061751512691938085 0.06764196654689783 0.07080951411867574 0.07106621331814329 0.07132291251761083 0.07157961171707881 0.07183631091654637 0.0720930101160139 0.07234970931548144 0.072606408514949 0.07286310771441654 0.07311980691388409 0.07337650611335163 0.07363320531281917 0.0737658366560936 0.0737658366560936 0.0737658366560936 0.0737658366560936 0.0737658366560936 0.0737658366560936 0.0737658366560936 0.0737658366560936 0.0737658366560936 0.0737658366560936 0.0737658366560936 0.0737658366560936 0.07079479466617085 0.0646476416117436 0.05850048855731635 0.052353335502889106 0.046206182448461856 0.04005902939402413 0.03391187633959688 0.02776472328516963 0.02161757023074238 0.015470417176315136 0.009323264121887886 0.0031761110674606435 0.0 0.0 0.0 0.0 0.0
0.0 0.0 0.0 0.0 0.0 0.002846974142330641 0.008737427997290381 0.014627881852260166 0.020518335707219906 0.026408789562179645 0.032299243417139384 0.03818969727209913 0.04408015112705887 0.04997060498201861 0.055861058836978346 0.061751512691938085 0.06764196654689783 0.07080951411867574 0.07106621331814329 0.07132291251761083 0.07157961171707881 0.07183631091654637 0.0720930101160139 0.07234970931548144 0.072606408514949 0.07286310771441654 0.07311980691388409 0.07337650611335163 0.07363320531281917 0.0737658366560936 0.0737658366560936 0.0737658366560936 0.0737658366560936 0.0737658366560936 0.0737658366560936 0.0737658366560936 0.0737658366560936 0.0737658366560936 0.0737658366560936 0.0737658366560936 0.0737658366560936 0.07079479466617085 0.0646476416117436 0.05850048855731635 0.052353335502889106 0.046206182448461856 0.04005902939402413 0.03391187633959688 0.02776472328516963 0.02161757023074238 0.015470417176315136 0.009323264121887886 0.0031761110674606435 0.0 0.0 0.0 0.0 0.0
0.0 0.0 0.0 0.0 0.0 0.002846974142330641 0.008737427997290381 0.014627881852260166 0.020518335707219906 0.026408789562179645 0.032299243417139384 0.03818969727209913 0.04408015112705887 0.04997060498201861 0.055861058836978346 0.061751512691938085 0.06764196654689783 0.07080951411867574 0.07106621331814329 0.07132291251761083 0.07157961171707881 0.07183631091654637 0.0720930101160139 0.07234970931548144 0.072606408514949 0.07286310771441654 0.07311980691388409 0.07337650611335163 0.07363320531281917 0.0737658366560936 0.0737658366560936 0.0737658366560936 0.0737658366560936 0.0737658366560936 0.0737658366560936 0.0737658366560936 0.0737658366560936 0.0737658366560936 0.0737658366560936 0.0737658366560936 0.0737658366560936 0.07079479466617085 0.0646476416117436 0.05850048855731635 0.052353335502889106 0.046206182448461856 0.04005902939402413 0.03391187633959688 0.02776472328516963 0.02161757023074238 0.015470417176315136 0.009323264121887886 0.0031761110674606435 0.0 0.0 0.0 0.0 0.0
