Figures/CREST_Example_wjb_NSE/Rolling_result/20100722/raw_forecast/ens_0/wjb.rain.20100729.asc
ncols            288
nrows            254
xllcorner        113.274861
yllcorner        31.4918055
cellsize         0.008333333333
NODATA_value     -9999
[rows 140 to 159 of 254, columns 45 to 89 of 288]
11.213385340174833 11.231677923628647 11.24997050708246 11.268263090536276 11.28655567399009 11.304848257443904 11.323140840897718 11.341433424351562 11.359726007805378 11.378018591259192 11.396311174713006 11.41460375816682 11.37251179172873 11.265867376554718 11.159222961380708 11.052578546206696 10.945934131032686 10.839289715858675 10.732645300684664 10.626000885510653 10.51935647033646 10.412712055162448 10.306067639988438 10.199423224814426 10.092778809640416 9.986134394466404 9.879489979292394 9.772845564118382 9.66620114894437 9.55955673377036 9.452912318596349 9.346267903422337 9.239623488248327 9.132979073074134 9.026334657900122 8.919690242726112 8.8130458275521 8.706401412378089 8.599756997204079 8.493112582030069 8.386468166856057 8.279823751682045 8.18444604082158 8.101112691597018 8.017779342372458
11.241900138059968 11.26263716680574 11.283374195551513 11.304111224297287 11.32484825304306 11.345585281788832 11.366322310534605 11.387059339280412 11.407796368026187 11.42853339677196 11.449270425517732 11.470007454263504 11.428534056751149 11.3205563073962 11.212578558041253 11.104600808686305 10.996623059331357 10.88864530997641 10.780667560621461 10.672689811266514 10.564712061911381 10.456734312556433 10.348756563201485 10.240778813846537 10.13280106449159 10.024823315136642 9.916845565781694 9.808867816426746 9.700890067071798 9.59291231771685 9.484934568361902 9.376956819006955 9.268979069652007 9.161001320296874 9.053023570941926 8.945045821586978 8.83706807223203 8.729090322877083 8.621112573522135 8.513134824167187 8.405157074812239 8.297179325457291 8.201112707487578 8.117779358263016 8.034446009038456
11.270414935945102 11.293596409982833 11.316777884020564 11.339959358058296 11.363140832096027 11.38632230613376 11.409503780171491 11.432685254209261 11.455866728246994 11.479048202284725 11.502229676322457 11.525411150360188 11.484556321773566 11.375245238237682 11.265934154701796 11.156623071165912 11.047311987630026 10.938000904094142 10.828689820558257 10.719378737022373 10.610067653486302 10.500756569950417 10.391445486414533 10.282134402878647 10.172823319342763 10.063512235806877 9.954201152270993 9.844890068735108 9.735578985199224 9.62626790166334 9.516956818127454 9.40764573459157 9.298334651055685 9.189023567519614 9.07971248398373 8.970401400447845 8.861090316911959 8.751779233376075 8.642468149840191 8.533157066304305 8.423845982768421 8.314534899232536 8.217779374153576 8.134446024929014 8.051112675704454
11.298929733830235 11.324555653159926 11.350181572489616 11.375807491819307 11.401433411148997 11.427059330478688 11.452685249808377 11.478311169138111 11.503937088467802 11.529563007797492 11.555188927127183 11.580814846456873 11.540578586795984 11.429934169079162 11.31928975136234 11.208645333645519 11.098000915928697 10.987356498211877 10.876712080495055 10.766067662778234 10.655423245061224 10.544778827344402 10.43413440962758 10.323489991910758 10.212845574193937 10.102201156477115 9.991556738760293 9.880912321043471 9.770267903326651 9.65962348560983 9.548979067893008 9.438334650176186 9.327690232459364 9.217045814742354 9.106401397025532 8.99575697930871 8.885112561591889 8.774468143875069 8.663823726158245 8.553179308441425 8.442534890724604 8.331890473007782 8.234446040819574 8.151112691595012 8.067779342370452
11.327444531715393 11.355514896337045 11.383585260958695 11.411655625580346 11.439725990201998 11.46779635482365 11.4958667194453 11.523937084066999 11.55200744868865 11.580077813310302 11.608148177931952 11.636218542553603 11.59660085181845 11.48462309992069 11.37264534802293 11.26066759612517 11.14868984422741 11.036712092329651 10.924734340431892 10.812756588534132 10.700778836636182 10.588801084738423 10.476823332840663 10.364845580942903 10.252867829045144 10.140890077147384 10.028912325249625 9.916934573351865 9.804956821454105 9.692979069556346 9.581001317658586 9.469023565760828 9.357045813863067 9.245068061965117 9.133090310067358 9.021112558169598 8.909134806271839 8.797157054374079 8.685179302476321 8.57320155057856 8.461223798680802 8.349246046783042 8.251112707485586 8.167779358261024 8.084446009036464
11.355959329600527 11.386474139514137 11.416988949427747 11.447503759341357 11.478018569254967 11.508533379168577 11.539048189082187 11.569562998995849 11.60007780890946 11.63059261882307 11.66110742873668 11.69162223865029 11.652623116840868 11.53931203076217 11.426000944683475 11.312689858604779 11.199378772526082 11.086067686447386 10.972756600368688 10.859445514289993 10.746134428211104 10.632823342132408 10.51951225605371 10.406201169975015 10.292890083896317 10.179578997817622 10.066267911738926 9.952956825660229 9.839645739581533 9.726334653502835 9.61302356742414 9.499712481345444 9.386401395266748 9.273090309187857 9.159779223109162 9.046468137030466 8.933157050951769 8.819845964873073 8.706534878794375 8.59322379271568 8.479912706636984 8.366601620558287 8.267779374151583 8.184446024927022 8.101112675702462
11.38447412748566 11.417433382691229 11.450392637896798 11.483351893102366 11.516311148307935 11.549270403513503 11.582229658719072 11.615188913924698 11.648148169130266 11.681107424335835 11.714066679541403 11.747025934746972 11.708645381863285 11.594000961603651 11.479356541344018 11.364712121084384 11.250067700824752 11.135423280565119 11.020778860305485 10.906134440045852 10.791490019786023 10.676845599526391 10.562201179266758 10.447556759007124 10.33291233874749 10.218267918487857 10.103623498228226 9.988979077968592 9.874334657708959 9.759690237449325 9.645045817189693 9.53040139693006 9.415756976670426 9.301112556410597 9.186468136150964 9.07182371589133 8.957179295631699 8.842534875372065 8.727890455112432 8.613246034852798 8.498601614593166 8.383957194333533 8.284446040817581 8.20111269159302 8.11777934236846
11.412988925370795 11.448392625868323 11.48379632636585 11.519200026863377 11.554603727360906 11.590007427858433 11.62541112835596 11.660814828853548 11.696218529351075 11.731622229848602 11.76702593034613 11.802429630843658 11.764667646885703 11.648689892445132 11.532712138004563 11.416734383563993 11.300756629123423 11.184778874682854 11.068801120242282 10.952823365801713 10.836845611360946 10.720867856920375 10.604890102479805 10.488912348039236 10.372934593598666 10.256956839158095 10.140979084717525 10.025001330276956 9.909023575836386 9.793045821395815 9.677068066955245 9.561090312514676 9.445112558074106 9.329134803633337 9.213157049192768 9.097179294752198 8.981201540311627 8.865223785871057 8.749246031430488 8.633268276989918 8.517290522549349 8.401312768108777 8.301112707483579 8.217779358259017 8.134446009034457
11.441503723255929 11.479351869045415 11.5172000148349 11.555048160624388 11.592896306413873 11.63074445220336 11.668592597992845 11.706440743782396 11.744288889571882 11.78213703536137 11.819985181150855 11.85783332694034 11.82068991190812 11.703378823286613 11.586067734665106 11.4687566460436 11.351445557422092 11.234134468800587 11.11682338017908 10.999512291557572 10.882201202935866 10.764890114314358 10.647579025692853 10.530267937071345 10.412956848449838 10.295645759828332 10.178334671206825 10.061023582585317 9.943712493963812 9.826401405342304 9.709090316720797 9.591779228099291 9.474468139477784 9.357157050856078 9.23984596223457 9.122534873613064 9.005223784991557 8.887912696370051 8.770601607748544 8.653290519127037 8.535979430505531 8.418668341884024 8.317779374149577 8.234446024925015 8.151112675700455
11.470018521141062 11.510311112222508 11.550603703303953 11.590896294385399 11.631188885466843 11.671481476548287 11.711774067629733 11.752066658711247 11.79235924979269 11.832651840874137 11.872944431955581 11.913237023037027 11.876712176930539 11.758067754128096 11.639423331325652 11.520778908523207 11.402134485720763 11.28349006291832 11.164845640115876 11.046201217313433 10.927556794510787 10.808912371708344 10.6902679489059 10.571623526103457 10.452979103301013 10.33433468049857 10.215690257696126 10.097045834893681 9.978401412091237 9.859756989288794 9.74111256648635 9.622468143683907 9.503823720881464 9.385179298078818 9.266534875276374 9.14789045247393 9.029246029671487 8.910601606869044 8.7919571840666 8.673312761264157 8.554668338461713 8.43602391565927 8.334446040815575 8.251112691591013 8.167779342366453
11.49853331902622 11.541270355399627 11.584007391773032 11.626744428146438 11.669481464519844 11.712218500893249 11.754955537266655 11.797692573640134 11.84042961001354 11.883166646386945 11.925903682760351 11.968640719133756 11.932734441953002 11.81275668496962 11.69277892798624 11.572801171002858 11.452823414019477 11.332845657036096 11.212867900052714 11.092890143069333 10.972912386085746 10.852934629102364 10.732956872118983 10.612979115135602 10.49300135815222 10.373023601168839 10.253045844185456 10.133068087202075 10.013090330218693 9.893112573235312 9.77313481625193 9.65315705926855 9.533179302285166 9.41320154530158 9.2932237883182 9.173246031334818 9.053268274351437 8.933290517368055 8.813312760384674 8.693335003401291 8.57335724641791 8.453379489434528 8.351112707481587 8.267779358257025 8.184446009032465
11.527048116911356 11.572229598576719 11.617411080242084 11.662592561907449 11.707774043572813 11.752955525238178 11.798137006903541 11.843318488568984 11.88849997023435 11.933681451899712 11.978862933565077 12.024044415230442 11.98875670697542 11.867445615811103 11.746134524646784 11.624823433482467 11.503512342318148 11.38220125115383 11.260890159989511 11.139579068825192 11.018267977660667 10.89695688649635 10.77564579533203 10.654334704167713 10.533023613003394 10.411712521839075 10.290401430674757 10.169090339510438 10.04777924834612 9.926468157181802 9.805157066017482 9.683845974853165 9.562534883688848 9.441223792524323 9.319912701360003 9.198601610195684 9.077290519031367 8.955979427867048 8.83466833670273 8.713357245538411 8.592046154374092 8.470735063209775 8.367779374147585 8.284446024923023 8.201112675698463
11.55556291479649 11.603188841753811 11.650814768711134 11.698440695668458 11.746066622625781 11.793692549583104 11.841318476540428 11.888944403497833 11.936570330455156 11.98419625741248 12.031822184369801 12.079448111327125 12.044778971997838 11.922134546652583 11.799490121307327 11.676845695962072 11.554201270616817 11.431556845271562 11.308912419926306 11.186267994581051 11.063623569235588 10.940979143890333 10.818334718545078 10.695690293199823 10.573045867854567 10.450401442509312 10.327757017164057 10.205112591818802 10.082468166473546 9.959823741128291 9.837179315783036 9.71453489043778 9.591890465092526 9.46924603974706 9.346601614401806 9.22395718905655 9.101312763711295 8.97866833836604 8.856023913020785 8.73337948767553 8.610735062330274 8.488090636985019 8.384446040813582 8.30111269158902 8.21777934236446
11.584077712681623 11.634148084930905 11.684218457180187 11.734288829429468 11.78435920167875 11.834429573928032 11.884499946177314 11.934570318426683 11.984640690675965 12.034711062925247 12.084781435174529 12.13485180742381 12.100801237020256 11.976823477494065 11.852845717967874 11.72886795844168 11.60489019891549 11.480912439389297 11.356934679863105 11.232956920336912 11.10897916081051 10.985001401284318 10.861023641758125 10.737045882231934 10.61306812270574 10.48909036317955 10.365112603653357 10.241134844127165 10.117157084600972 9.993179325074781 9.86920156554859 9.745223806022397 9.621246046496205 9.4972682869698 9.37329052744361 9.249312767917417 9.125335008391225 9.001357248865034 8.877379489338841 8.75340172981265 8.629423970286457 8.505446210760265 8.40111270747958 8.317779358255018 8.234446009030458
11.612592510566756 11.665107328107997 11.717622145649237 11.770136963190478 11.82265178073172 11.87516659827296 11.9276814158142 11.980196233355532 12.032711050896772 12.085225868438012 12.137740685979253 12.190255503520493 12.156823502042673 12.031512408335544 11.906201314628417 11.780890220921288 11.655579127214159 11.53026803350703 11.4049569397999 11.279645846092773 11.154334752385429 11.029023658678302 10.903712564971173 10.778401471264043 10.653090377556914 10.527779283849785 10.402468190142656 10.277157096435527 10.1518460027284 10.02653490902127 9.901223815314141 9.775912721607012 9.650601627899883 9.525290534192541 9.399979440485412 9.274668346778284 9.149357253071155 9.024046159364026 8.898735065656897 8.773423971949768 8.648112878242639 8.52280178453551 8.417779374145578 8.334446024921016 8.251112675696456
11.641107308451891 11.69606657128509 11.75102583411829 11.805985096951488 11.860944359784689 11.915903622617888 11.970862885451087 12.025822148284382 12.08078141111758 12.13574067395078 12.19069993678398 12.24565919961718 12.212845767065092 12.086201339177027 11.959556911288962 11.832912483400895 11.70626805551283 11.579623627624764 11.4529791997367 11.326334771848632 11.199690343960352 11.073045916072285 10.94640148818422 10.819757060296155 10.693112632408088 10.566468204520023 10.439823776631957 10.31317934874389 10.186534920855825 10.05989049296776 9.933246065079695 9.80660163719163 9.679957209303563 9.553312781415281 9.426668353527216 9.30002392563915 9.173379497751085 9.046735069863018 8.920090641974953 8.793446214086888 8.666801786198821 8.540157358310756 8.434446040811576 8.351112691587014 8.267779342362454
11.669622106337023 11.727025814462182 11.78442952258734 11.8418332307125 11.899236938837657 11.956640646962816 12.014044355087973 12.07144806321323 12.128851771338388 12.186255479463547 12.243659187588705 12.301062895713862 12.268868032087509 12.140890270018508 12.012912507949505 11.884934745880502 11.7569569838115 11.628979221742497 11.501001459673494 11.373023697604491 11.245045935535272 11.117068173466269 10.989090411397267 10.861112649328264 10.733134887259261 10.60515712519026 10.477179363121257 10.349201601052254 10.221223838983253 10.09324607691425 9.965268314845247 9.837290552776244 9.70931279070724 9.581335028638021 9.453357266569018 9.325379504500017 9.197401742431014 9.06942398036201 8.94144621829301 8.813468456224006 8.685490694155003 8.557512932086002 8.451112707477574 8.367779358253012 8.284446009028452
11.698136904222183 11.757985057639301 11.81783321105642 11.87768136447354 11.93752951789066 11.997377671307778 12.057225824724897 12.117073978142118 12.176922131559238 12.236770284976357 12.296618438393477 12.356466591810594 12.324890297109976 12.195579200860035 12.066268104610094 11.936957008360155 11.807645912110214 11.678334815860273 11.549023719610332 11.419712623360393 11.290401527110232 11.161090430860291 11.03177933461035 10.90246823836041 10.77315714211047 10.64384604586053 10.514534949610589 10.385223853360648 10.255912757110707 10.126601660860768 9.997290564610827 9.867979468360886 9.738668372110947 9.609357275860784 9.480046179610845 9.350735083360904 9.221423987110963 9.092112890861024 8.962801794611083 8.833490698361143 8.704179602111202 8.57486850586126 8.467779374143586 8.384446024919024 8.301112675694464
11.726651702107317 11.788944300816393 11.851236899525471 11.91352949823455 11.975822096943627 12.038114695652705 12.100407294361784 12.162699893070966 12.224992491780045 12.287285090489123 12.3495776891982 12.411870287907279 12.380912562132393 12.250268131701516 12.119623701270639 11.98897927083976 11.858334840408883 11.727690409978006 11.59704597954713 11.466401549116252 11.335757118685152 11.205112688254275 11.074468257823398 10.94382382739252 10.813179396961642 10.682534966530765 10.551890536099888 10.421246105669011 10.290601675238134 10.159957244807256 10.029312814376379 9.898668383945502 9.768023953514625 9.637379523083524 9.506735092652647 9.37609066222177 9.245446231790893 9.114801801360016 8.98415737092914 8.85351294049826 8.722868510067384 8.592224079636507 8.484446040809583 8.401112691585022 8.317779342360462
11.75516649999245 11.819903543993487 11.884640587994523 11.94937763199556 12.014114675996597 12.078851719997633 12.14358876399867 12.208325807999817 12.273062852000853 12.33779989600189 12.402536940002927 12.467273984003963 12.436934827154811 12.304957062542996 12.172979297931183 12.041001533319369 11.909023768707556 11.777046004095741 11.645068239483926 11.513090474872113 11.381112710260073 11.24913494564826 11.117157181036445 10.98517941642463 10.853201651812817 10.721223887201003 10.589246122589188 10.457268357977375 10.32529059336556 10.193312828753747 10.061335064141932 9.929357299530118 9.797379534918305 9.665401770306264 9.533424005694451 9.401446241082636 9.269468476470824 9.137490711859009 9.005512947247194 8.873535182635381 8.741557418023566 8.609579653411753 8.501112707475581 8.41777935825102 8.33444600902646
