Figures/CREST_Example_wjb_NSE/Rolling_result/20100722/raw_forecast/ens_0/wjb.rain.20090802.asc
ncols            288
nrows            254
xllcorner        113.274861
yllcorner        31.4918055
cellsize         0.008333333333
NODATA_value     -9999
[rows 75 to 99 of 254, columns 57 to 113 of 288]
0.28090016479125146 0.28090016479125146 0.28090016479125146 0.28090016479125146 0.28090016479125146 0.28090016479125146 0.2735935267960947 0.25847592762108695 0.2433583284460534 0.2282407292710456 0.21312313009603784 0.19800553092103002 0.18288793174602225 0.16777033257101448 0.15265273339600668 0.1375351342209989 0.1224175350459911 0.10729993587098333 0.09548189043855858 0.08719114254856897 0.07890039465857937 0.07060964676857562 0.062318898878586014 0.0540281509885964 0.04573740309860679 0.03744665520861719 0.029155907318627577 0.020865159428637967 0.012574411538648356 0.004283663648658759 0.0 0.0 0.0 0.0 0.0 0.0 0.0 0.0 0.0 0.0 0.0 0.0 0.0 0.0 0.0 0.0 0.0 0.0 0.0 0.0 0.0 0.0 0.0 0.0 0.0 0.0 0.0
0.2736109615972636 0.2736109615972636 0.2736109615972636 0.2736109615972636 0.2736109615972636 0.2736109615972636 0.266569433660041 0.2520003531875839 0.23743127271510198 0.22286219224264486 0.20829311177018778 0.1937240312977307 0.1791549508252736 0.1645858703528165 0.15001678988035938 0.1354477094079023 0.12087862893544521 0.10630954846298812 0.09480338642324815 0.08657155343018241 0.07833972043711668 0.0701078874440369 0.06187605445097118 0.05364422145790544 0.04541238846483971 0.03718055547177398 0.02894872247870825 0.020716889485642515 0.01248505649257678 0.004253223499511044 0.0 0.0 0.0 0.0 0.0 0.0 0.0 0.0 0.0 0.0 0.0 0.0 0.0 0.0 0.0 0.0 0.0 0.0 0.0 0.0 0.0 0.0 0.0 0.0 0.0 0.0 0.0
0.26632175840327577 0.26632175840327577 0.26632175840327577 0.26632175840327577 0.26632175840327577 0.26632175840327577 0.25954534052398726 0.24552477875408085 0.23150421698415055 0.21748365521424415 0.20346309344433777 0.18944253167443137 0.17542196990452497 0.16140140813461856 0.14738084636471216 0.13336028459480576 0.11933972282489935 0.10531916105499295 0.09412488240793772 0.08595196431179586 0.077779046215654 0.0696061281194982 0.06143321002335635 0.053260291927214494 0.045087373831072634 0.036914455734930775 0.028741537638788922 0.020568619542647062 0.012395701446505203 0.004222783350363343 0.0 0.0 0.0 0.0 0.0 0.0 0.0 0.0 0.0 0.0 0.0 0.0 0.0 0.0 0.0 0.0 0.0 0.0 0.0 0.0 0.0 0.0 0.0 0.0 0.0 0.0 0.0
0.259032555209288 0.259032555209288 0.259032555209288 0.259032555209288 0.259032555209288 0.259032555209288 0.2525212473879336 0.23904920432057786 0.22557716125319915 0.21210511818584346 0.19863307511848774 0.18516103205113202 0.1716889889837763 0.15821694591642058 0.14474490284906488 0.13127285978170913 0.11780081671435344 0.10432877364699772 0.09344637839262727 0.08533237519340929 0.0772183719941913 0.06910436879495949 0.06099036559574151 0.05287636239652353 0.04476235919730555 0.03664835599808757 0.02853435279886958 0.02042034959965161 0.012306346400433626 0.0041923432012156425 0.0 0.0 0.0 0.0 0.0 0.0 0.0 0.0 0.0 0.0 0.0 0.0 0.0 0.0 0.0 0.0 0.0 0.0 0.0 0.0 0.0 0.0 0.0 0.0 0.0 0.0 0.0
0.2517433520152939 0.2517433520152939 0.2517433520152939 0.2517433520152939 0.2517433520152939 0.2517433520152939 0.24549715425187385 0.23257362988706928 0.2196501055222427 0.20672658115743814 0.1938030567926336 0.18087953242782903 0.16795600806302446 0.15503248369821993 0.14210895933341536 0.1291854349686108 0.11626191060380625 0.10333838623900168 0.09276787437731626 0.08471278607502221 0.07665769777272816 0.06860260947042035 0.060547521168126305 0.052492432865832245 0.04443734456353819 0.03638225626124414 0.028327167958950086 0.020272079656656034 0.012216991354361967 0.004161903052067914 0.0 0.0 0.0 0.0 0.0 0.0 0.0 0.0 0.0 0.0 0.0 0.0 0.0 0.0 0.0 0.0 0.0 0.0 0.0 0.0 0.0 0.0 0.0 0.0 0.0 0.0 0.0
0.24445414882130606 0.24445414882130606 0.24445414882130606 0.24445414882130606 0.24445414882130606 0.24445414882130606 0.23847306111582012 0.22609805545356626 0.21372304979129128 0.20134804412903742 0.18897303846678354 0.17659803280452968 0.16422302714227582 0.15184802148002197 0.1394730158177681 0.12709801015551422 0.11472300449326037 0.10234799883100651 0.09208937036200583 0.08409319695663565 0.07609702355126546 0.06810085014588166 0.060104676740511474 0.0521085033351413 0.04411232992977111 0.036116156524400936 0.02811998311903076 0.02012380971366058 0.01212763630829039 0.004131462902920213 0.0 0.0 0.0 0.0 0.0 0.0 0.0 0.0 0.0 0.0 0.0 0.0 0.0 0.0 0.0 0.0 0.0 0.0 0.0 0.0 0.0 0.0 0.0 0.0 0.0 0.0 0.0
0.23716494562731824 0.23716494562731824 0.23716494562731824 0.23716494562731824 0.23716494562731824 0.23716494562731824 0.23144896797976638 0.2196224810200632 0.20779599406033988 0.1959695071006367 0.18414302014093353 0.17231653318123036 0.16049004622152718 0.14866355926182398 0.1368370723021208 0.12501058534241763 0.11318409838271445 0.10135761142301128 0.09141086634669539 0.08347360783824909 0.07553634932980278 0.06759909082134294 0.05966183231289664 0.051724573804450336 0.043787315296004034 0.035850056787557726 0.027912798279111417 0.019975539770665116 0.012038281262218814 0.0041010227537725125 0.0 0.0 0.0 0.0 0.0 0.0 0.0 0.0 0.0 0.0 0.0 0.0 0.0 0.0 0.0 0.0 0.0 0.0 0.0 0.0 0.0 0.0 0.0 0.0 0.0 0.0 0.0
0.2298757424333304 0.2298757424333304 0.2298757424333304 0.2298757424333304 0.2298757424333304 0.2298757424333304 0.22442487484371265 0.21314690658656016 0.20186893832938846 0.19059097007223597 0.17931300181508347 0.16803503355793098 0.1567570653007785 0.14547909704362602 0.13420112878647353 0.12292316052932103 0.11164519227216856 0.10036722401501608 0.09073236233138496 0.08285401871986253 0.0749756751083401 0.06709733149680425 0.059218987885281814 0.05134064427375938 0.043462300662236955 0.03558395705071453 0.027705613439192103 0.019827269827669664 0.011948926216147238 0.004070582604624812 0.0 0.0 0.0 0.0 0.0 0.0 0.0 0.0 0.0 0.0 0.0 0.0 0.0 0.0 0.0 0.0 0.0 0.0 0.0 0.0 0.0 0.0 0.0 0.0 0.0 0.0 0.0
0.22258653923934255 0.22258653923934255 0.22258653923934255 0.22258653923934255 0.22258653923934255 0.22258653923934255 0.21740078170765892 0.2066713321530571 0.19594188259843703 0.18521243304383522 0.17448298348923344 0.16375353393463163 0.15302408438002985 0.14229463482542803 0.13156518527082625 0.12083573571622445 0.11010628616162266 0.09937683660702086 0.09005385831607451 0.08223442960147596 0.07441500088687741 0.06659557217226553 0.05877614345766698 0.05095671474306842 0.04313728602846987 0.03531785731387132 0.02749842859927276 0.01967899988467421 0.011859571170075661 0.004040142455477111 0.0 0.0 0.0 0.0 0.0 0.0 0.0 0.0 0.0 0.0 0.0 0.0 0.0 0.0 0.0 0.0 0.0 0.0 0.0 0.0 0.0 0.0 0.0 0.0 0.0 0.0 0.0
0.21529733604535473 0.21529733604535473 0.21529733604535473 0.21529733604535473 0.21529733604535473 0.21529733604535473 0.2103766885716052 0.20019575771955408 0.19001482686748564 0.17983389601543454 0.1696529651633834 0.1594720343113323 0.1492911034592812 0.13911017260723008 0.12892924175517897 0.11874831090312787 0.10856738005107676 0.09838644919902566 0.08937535430076408 0.0816148404830894 0.07385432666541472 0.06609381284772681 0.05833329903005214 0.050572785212377465 0.04281227139470278 0.03505175757702811 0.027291243759353434 0.01953072994167876 0.011770216124004085 0.004009702306329396 0.0 0.0 0.0 0.0 0.0 0.0 0.0 0.0 0.0 0.0 0.0 0.0 0.0 0.0 0.0 0.0 0.0 0.0 0.0 0.0 0.0 0.0 0.0 0.0 0.0 0.0 0.0
0.215339617589 0.215339617589 0.215339617589 0.215339617589 0.215339617589 0.215339617589 0.21054372838414226 0.20062092521052874 0.1906981220368983 0.1807753188632848 0.17085251568967127 0.16092971251605775 0.15100690934244423 0.14108410616883071 0.1311613029952172 0.12123849982160369 0.11131569664799017 0.10139289347437665 0.09273852363652903 0.08544013770955032 0.07814175178257161 0.07084336585558046 0.06354497992860175 0.05624659400162304 0.04894820807464433 0.041649822147665626 0.03435143622068691 0.027053050293708206 0.0197546643667295 0.012456278439750793 0.008685348373594776 0.008685348373594776 0.008685348373594776 0.008685348373594776 0.008685348373594776 0.008685348373594776 0.008685348373594776 0.008685348373594776 0.008685348373594776 0.008685348373594776 0.008685348373594776 0.008685348373594776 0.008335531495147892 0.007611752464044102 0.006887973432940312 0.006164194401836522 0.005440415370732733 0.0047166363396277085 0.003992857308523919 0.0032690782774201285 0.002545299246316339 0.0018215202152125484 0.0010977411841087588 0.0003739621530049683 0.0 0.0 0.0
0.22321879407620898 0.22321879407620898 0.22321879407620898 0.22321879407620898 0.22321879407620898 0.22321879407620898 0.21839763592676173 0.20842255073560023 0.19844746554442172 0.1884723803532602 0.1784972951620987 0.1685222099709372 0.15854712477977567 0.1485720395886142 0.13859695439745268 0.12862186920629118 0.11864678401512967 0.10867169882396815 0.10042198696212519 0.09401673819410779 0.08761148942609039 0.08120624065806206 0.07480099189004466 0.06839574312202726 0.06199049435400985 0.05558524558599244 0.04917999681797504 0.04277474804995764 0.036369499281940235 0.029964250513922833 0.02665478655816783 0.02665478655816783 0.02665478655816783 0.02665478655816783 0.02665478655816783 0.02665478655816783 0.02665478655816783 0.02665478655816783 0.02665478655816783 0.02665478655816783 0.02665478655816783 0.02665478655816783 0.025581220613732723 0.0233599884006414 0.021138756187550078 0.018917523974458755 0.016696291761367433 0.014475059548272324 0.012253827335181001 0.01003259512208968 0.007811362908998358 0.005590130695907036 0.003368898482815713 0.0011476662697243907 0.0 0.0 0.0
0.23109797056341796 0.23109797056341796 0.23109797056341796 0.23109797056341796 0.23109797056341796 0.23109797056341796 0.2262515434693812 0.21622417626067172 0.20619680905194512 0.19616944184323562 0.18614207463452614 0.17611470742581664 0.16608734021710714 0.15605997300839763 0.14603260579968816 0.13600523859097868 0.12597787138226918 0.11595050417355968 0.10810545028772137 0.10259333867866527 0.09708122706960917 0.09156911546054368 0.08605700385148758 0.08054489224243148 0.07503278063337539 0.06952066902431929 0.06400855741526319 0.058496445806207095 0.052984334197151 0.0474722225880949 0.044624224742740914 0.044624224742740914 0.044624224742740914 0.044624224742740914 0.044624224742740914 0.044624224742740914 0.044624224742740914 0.044624224742740914 0.044624224742740914 0.044624224742740914 0.044624224742740914 0.044624224742740914 0.04282690973231758 0.03910822433723872 0.03538953894215986 0.031670853547081004 0.027952168152002153 0.024233482756916953 0.0205147973618381 0.01679611196675924 0.013077426571680387 0.009358741176601529 0.005640055781522671 0.001921370386443813 0.0 0.0 0.0
0.23897714705062695 0.23897714705062695 0.23897714705062695 0.23897714705062695 0.23897714705062695 0.23897714705062695 0.2341054510120007 0.22402580178574322 0.21394615255946853 0.20386650333321105 0.19378685410695357 0.18370720488069608 0.1736275556544386 0.16354790642818112 0.15346825720192364 0.14338860797566616 0.13330895874940868 0.12322930952315118 0.11578891361331753 0.11116993916322274 0.10655096471312794 0.10193199026302528 0.09731301581293049 0.09269404136283571 0.08807506691274092 0.08345609246264613 0.07883711801255133 0.07421814356245655 0.06959916911236176 0.06498019466226698 0.062593662927314 0.062593662927314 0.062593662927314 0.062593662927314 0.062593662927314 0.062593662927314 0.062593662927314 0.062593662927314 0.062593662927314 0.062593662927314 0.062593662927314 0.062593662927314 0.06007259885090244 0.05485646027383605 0.04964032169676966 0.04442418311970327 0.03920804454263688 0.03399190596556159 0.028775767388495195 0.023559628811428805 0.018343490234362415 0.013127351657296026 0.007911213080229636 0.002695074503163246 0.0 0.0 0.0
0.24685632353783596 0.24685632353783596 0.24685632353783596 0.24685632353783596 0.24685632353783596 0.24685632353783596 0.2419593585546202 0.23182742731081474 0.221695496066992 0.2115635648231865 0.20143163357938104 0.19129970233557556 0.18116777109177007 0.1710358398479646 0.16090390860415915 0.15077197736035367 0.14064004611654818 0.13050811487274272 0.1234723769389137 0.11974653964778022 0.11602070235664674 0.1122948650655069 0.10856902777437341 0.10484319048323992 0.10111735319210644 0.09739151590097296 0.09366567860983947 0.08993984131870598 0.08621400402757251 0.08248816673643902 0.08056310111188705 0.08056310111188705 0.08056310111188705 0.08056310111188705 0.08056310111188705 0.08056310111188705 0.08056310111188705 0.08056310111188705 0.08056310111188705 0.08056310111188705 0.08056310111188705 0.08056310111188705 0.07731828796948727 0.07060469621043335 0.06389110445137941 0.057177512692325495 0.050463920933271574 0.0437503291742062 0.03703673741515228 0.03032314565609836 0.02360955389704443 0.01689596213799051 0.010182370378936587 0.0034687786198826648 0.0 0.0 0.0
0.25473550002504497 0.25473550002504497 0.25473550002504497 0.25473550002504497 0.25473550002504497 0.25473550002504497 0.24981326609723972 0.23962905283588626 0.22944483957451542 0.21926062631316195 0.2090764130518085 0.19889219979045503 0.18870798652910156 0.1785237732677481 0.16833956000639463 0.15815534674504117 0.1479711334836877 0.13778692022233424 0.13115584026450988 0.1283231401323377 0.12549044000016552 0.1226577398679885 0.11982503973581633 0.11699233960364415 0.11415963947147198 0.1113269393392998 0.10849423920712761 0.10566153907495544 0.10282883894278326 0.09999613881061109 0.09853253929646014 0.09853253929646014 0.09853253929646014 0.09853253929646014 0.09853253929646014 0.09853253929646014 0.09853253929646014 0.09853253929646014 0.09853253929646014 0.09853253929646014 0.09853253929646014 0.09853253929646014 0.09456397708807213 0.08635293214703066 0.0781418872059892 0.06993084226494775 0.06171979732390629 0.053508752382850834 0.04529770744180937 0.03708666250076792 0.028875617559726466 0.020664572618684998 0.012453527677643544 0.004242482736602091 0.0 0.0 0.0
0.26261467651225395 0.26261467651225395 0.26261467651225395 0.26261467651225395 0.26261467651225395 0.26261467651225395 0.2576671736398592 0.24743067836095772 0.23719418308203882 0.22695768780313738 0.21672119252423594 0.20648469724533447 0.196248201966433 0.18601170668753159 0.17577521140863012 0.16553871612972865 0.1553022208508272 0.14506572557192576 0.13883930359010602 0.13689974061689517 0.1349601776436843 0.1330206146704701 0.13108105169725925 0.12914148872404838 0.1272019257508375 0.12526236277762665 0.12332279980441577 0.12138323683120489 0.11944367385799402 0.11750411088478316 0.11650197748103322 0.11650197748103322 0.11650197748103322 0.11650197748103322 0.11650197748103322 0.11650197748103322 0.11650197748103322 0.11650197748103322 0.11650197748103322 0.11650197748103322 0.11650197748103322 0.11650197748103322 0.11180966620665697 0.10210116808362799 0.092392669960599 0.08268417183757 0.072975673714541 0.06326717559149547 0.05355867746846647 0.04385017934543749 0.03414168122240849 0.024433183099379502 0.014724684976350502 0.0050161868533215165 0.0 0.0 0.0
0.27049385299946965 0.27049385299946965 0.27049385299946965 0.27049385299946965 0.27049385299946965 0.27049385299946965 0.26552108118248535 0.2552323038860359 0.24494352658956886 0.23465474929311936 0.22436597199666988 0.2140771947002204 0.2037884174037709 0.19349964010732143 0.18321086281087196 0.17292208551442245 0.16263330821797298 0.1523445309215235 0.14652276691570876 0.14547634110145996 0.14442991528721116 0.14338348947296056 0.14233706365871177 0.14129063784446297 0.14024421203021414 0.13919778621596535 0.13815136040171655 0.13710493458746775 0.13605850877321893 0.13501208295897013 0.1344714156656216 0.1344714156656216 0.1344714156656216 0.1344714156656216 0.1344714156656216 0.1344714156656216 0.1344714156656216 0.1344714156656216 0.1344714156656216 0.1344714156656216 0.1344714156656216 0.1344714156656216 0.1290553553252565 0.1178494040202387 0.10664345271522091 0.0954375014102031 0.08423155010518531 0.07302559880014839 0.061819647495130595 0.0506136961901128 0.03940774488509499 0.028201793580077197 0.01699584227505939 0.005789890970041595 0.0 0.0 0.0
0.27837302948667864 0.27837302948667864 0.27837302948667864 0.27837302948667864 0.27837302948667864 0.27837302948667864 0.27337498872510485 0.26303392941110737 0.2526928700970923 0.24235181078309478 0.23201075146909733 0.22166969215509985 0.21132863284110237 0.2009875735271049 0.1906465142131074 0.18030545489910996 0.1699643955851125 0.15962333627111502 0.15420623024130492 0.15405294158601743 0.15389965293072994 0.15374636427544217 0.15359307562015467 0.15343978696486718 0.1532864983095797 0.1531332096542922 0.1529799209990047 0.15282663234371718 0.1526733436884297 0.1525200550331422 0.15244085385019468 0.15244085385019468 0.15244085385019468 0.15244085385019468 0.15244085385019468 0.15244085385019468 0.15244085385019468 0.15244085385019468 0.15244085385019468 0.15244085385019468 0.15244085385019468 0.15244085385019468 0.14630104444384137 0.13359763995683605 0.12089423546983069 0.10819083098282536 0.09548742649582002 0.08278402200879302 0.0700806175217877 0.057377213034782354 0.04467380854777703 0.03197040406077169 0.019266999573766347 0.0065635950867610204 0.0 0.0 0.0
0.2862522059738876 0.2862522059738876 0.2862522059738876 0.2862522059738876 0.2862522059738876 0.2862522059738876 0.28122889626772435 0.2708355549361789 0.26044221360461567 0.2500488722730702 0.23965553094152475 0.2292621896099793 0.21886884827843384 0.20847550694688838 0.19808216561534292 0.18768882428379746 0.177295482952252 0.16690214162070652 0.16188969356690108 0.1626295420705749 0.1633693905742487 0.1641092390779238 0.1648490875815976 0.1655889360852714 0.1663287845889452 0.16706863309261902 0.16780848159629283 0.16854833009996664 0.16928817860364045 0.17002802710731427 0.17041029203476776 0.17041029203476776 0.17041029203476776 0.17041029203476776 0.17041029203476776 0.17041029203476776 0.17041029203476776 0.17041029203476776 0.17041029203476776 0.17041029203476776 0.17041029203476776 0.17041029203476776 0.16354673356242622 0.14934587589343334 0.13514501822444047 0.12094416055544761 0.10674330288645474 0.09254244521743765 0.0783415875484448 0.06414072987945192 0.04993987221045905 0.03573901454146619 0.02153815687247332 0.007337299203480446 0.0 0.0 0.0
0.2941313824610966 0.2941313824610966 0.2941313824610966 0.2941313824610966 0.2941313824610966 0.2941313824610966 0.2890828038103438 0.27863718046125036 0.2681915571121391 0.25774593376304566 0.2473003104139522 0.23685468706485874 0.2264090637157653 0.21596344036667187 0.2055178170175784 0.19507219366848494 0.1846265703193915 0.17418094697029807 0.16957315689249727 0.1712061425551324 0.1728391282177675 0.1744721138804054 0.17610509954304052 0.17773808520567563 0.17937107086831075 0.18100405653094587 0.18263704219358098 0.1842700278562161 0.18590301351885122 0.18753599918148633 0.18837973021934085 0.18837973021934085 0.18837973021934085 0.18837973021934085 0.18837973021934085 0.18837973021934085 0.18837973021934085 0.18837973021934085 0.18837973021934085 0.18837973021934085 0.18837973021934085 0.18837973021934085 0.1807924226810111 0.16509411183003067 0.14939580097905025 0.13369749012806986 0.11799917927708946 0.10230086842608228 0.08660255757510188 0.07090424672412149 0.05520593587314107 0.03950762502216068 0.023809314171180262 0.008111003320199872 0.0 0.0 0.0
0.3020105589483056 0.3020105589483056 0.3020105589483056 0.3020105589483056 0.3020105589483056 0.3020105589483056 0.2969367113529633 0.2864388059863219 0.27594090061966253 0.26544299525302106 0.25494508988637965 0.24444718451973818 0.23394927915309677 0.22345137378645533 0.21295346841981388 0.20245556305317244 0.191957657686531 0.1814597523198896 0.17725662021809344 0.17978274303968986 0.18230886586128628 0.184834988682887 0.18736111150448342 0.18988723432607985 0.19241335714767627 0.1949394799692727 0.1974656027908691 0.19999172561246553 0.20251784843406195 0.20504397125565837 0.2063491684039139 0.2063491684039139 0.2063491684039139 0.2063491684039139 0.2063491684039139 0.2063491684039139 0.2063491684039139 0.2063491684039139 0.2063491684039139 0.2063491684039139 0.2063491684039139 0.2063491684039139 0.1980381117995959 0.18084234776662797 0.16364658373366003 0.1464508197006921 0.12925505566772416 0.1120592916347269 0.09486352760175897 0.07766776356879104 0.06047199953582311 0.04327623550285517 0.026080471469887234 0.008884707436919298 0.0 0.0 0.0
0.3060814142227173 0.3060814142227173 0.3060814142227173 0.3060814142227173 0.3060814142227173 0.3060814142227173 0.300994511174622 0.29046959378112247 0.279944676387605 0.2694197589941055 0.25889484160060594 0.24836992420710644 0.23784500681360693 0.2273200894201074 0.21679517202660786 0.20627025463310833 0.1957453372396088 0.18522041984610926 0.18122635833165504 0.1842139293921928 0.1872015004527306 0.19018907151327347 0.19317664257381123 0.196164213634349 0.19915178469488679 0.20213935575542455 0.20512692681596234 0.2081144978765001 0.21110206893703787 0.21408963999757566 0.21563325822353363 0.21563325822353363 0.21563325822353363 0.21563325822353363 0.21563325822353363 0.21563325822353363 0.21563325822353363 0.21563325822353363 0.21563325822353363 0.21563325822353363 0.21563325822353363 0.21563325822353363 0.20694826943132624 0.18897883124675444 0.17100939306218266 0.15303995487761085 0.13507051669303904 0.11710107850843661 0.09913164032386482 0.08116220213929301 0.06319276395472123 0.045223325770149425 0.02725388758557762 0.00928444940100584 0.0 0.0 0.0
0.3060814142227173 0.3060814142227173 0.3060814142227173 0.3060814142227173 0.3060814142227173 0.3060814142227173 0.300994511174622 0.29046959378112247 0.279944676387605 0.2694197589941055 0.25889484160060594 0.24836992420710644 0.23784500681360693 0.2273200894201074 0.21679517202660786 0.20627025463310833 0.1957453372396088 0.18522041984610926 0.18122635833165504 0.1842139293921928 0.1872015004527306 0.19018907151327347 0.19317664257381123 0.196164213634349 0.19915178469488679 0.20213935575542455 0.20512692681596234 0.2081144978765001 0.21110206893703787 0.21408963999757566 0.21563325822353363 0.21563325822353363 0.21563325822353363 0.21563325822353363 0.21563325822353363 0.21563325822353363 0.21563325822353363 0.21563325822353363 0.21563325822353363 0.21563325822353363 0.21563325822353363 0.21563325822353363 0.20694826943132624 0.18897883124675444 0.17100939306218266 0.15303995487761085 0.13507051669303904 0.11710107850843661 0.09913164032386482 0.08116220213929301 0.06319276395472123 0.045223325770149425 0.02725388758557762 0.00928444940100584 0.0 0.0 0.0
0.3060814142227173 0.3060814142227173 0.3060814142227173 0.3060814142227173 0.3060814142227173 0.3060814142227173 0.300994511174622 0.29046959378112247 0.279944676387605 0.2694197589941055 0.25889484160060594 0.24836992420710644 0.23784500681360693 0.2273200894201074 0.21679517202660786 0.20627025463310833 0.1957453372396088 0.18522041984610926 0.18122635833165504 0.1842139293921928 0.1872015004527306 0.19018907151327347 0.19317664257381123 0.196164213634349 0.19915178469488679 0.20213935575542455 0.20512692681596234 0.2081144978765001 0.21110206893703787 0.21408963999757566 0.21563325822353363 0.21563325822353363 0.21563325822353363 0.21563325822353363 0.21563325822353363 0.21563325822353363 0.21563325822353363 0.21563325822353363 0.21563325822353363 0.21563325822353363 0.21563325822353363 0.21563325822353363 0.20694826943132624 0.18897883124675444 0.17100939306218266 0.15303995487761085 0.13507051669303904 0.11710107850843661 0.09913164032386482 0.08116220213929301 0.06319276395472123 0.045223325770149425 0.02725388758557762 0.00928444940100584 0.0 0.0 0.0
