Figures/CREST_Example_wjb_NSE/Rolling_result/20100722/raw_forecast/ens_0/wjb.rain.20100726.asc
ncols            288
nrows            254
xllcorner        113.274861
yllcorner        31.4918055
cellsize         0.008333333333
NODATA_value     -9999
[rows 220 to 239 of 254, columns 132 to 175 of 288]
10.83406385607505 10.536011055666538 10.237958255258025 9.939905454849514 9.641852654441003 9.34379985403249 9.045747053623979 8.747694253215467 8.449641452806954 8.151588652398441 7.853535851989931 7.55548305158091 7.257430251172398 6.959377450763887 6.661324650355375 6.508264818251777 6.510205748847452 6.512146679443126 6.514087610038801 6.516028540634475 6.51796947123015 6.5199104018258245 6.521851332421499 6.523792263017173 6.525733193612851 6.527674124208525 6.5296150548042 6.531555985399875 6.533496915995549 6.535437846591224 6.537378777186898 6.539319707782573 6.5412606383782474 6.543201568973922 6.545142499569596 6.54708343016527 6.549024360760945 6.550965291356623 6.5529062219522975 6.554847152547972 6.556788083143647 6.558729013739321 6.560669944334996 6.56261087493067
10.671011117771297 10.371124982863996 10.071238847956698 9.771352713049398 9.471466578142097 9.171580443234799 8.871694308327498 8.571808173420198 8.271922038512898 7.972035903605597 7.672149768698297 7.372263633790486 7.072377498883187 6.772491363975886 6.472605229068586 6.319505717516615 6.323324426483315 6.327143135450013 6.330961844416713 6.334780553383411 6.33859926235011 6.342417971316809 6.346236680283508 6.350055389250207 6.353874098216912 6.357692807183612 6.36151151615031 6.365330225117009 6.369148934083708 6.372967643050407 6.376786352017106 6.380605060983805 6.384423769950503 6.388242478917203 6.392061187883901 6.395879896850601 6.399698605817299 6.403517314784005 6.4073360237507035 6.411154732717402 6.4149734416841016 6.4187921506508 6.4226108596175 6.426429568584198
10.507958379467546 10.206238910061458 9.90451944065537 9.602799971249281 9.301080501843192 8.999361032437104 8.697641563031016 8.395922093624929 8.094202624218841 7.792483154812753 7.490763685406664 7.189044216000061 6.887324746593974 6.585605277187884 6.283885807781797 6.130746616781454 6.136443104119177 6.142139591456901 6.147836078794624 6.153532566132347 6.15922905347007 6.164925540807793 6.170622028145517 6.17631851548324 6.1820150028209735 6.187711490158697 6.1934079774964195 6.199104464834143 6.204800952171866 6.21049743950959 6.216193926847313 6.221890414185037 6.22758690152276 6.2332833888604835 6.238979876198206 6.2446763635359295 6.250372850873653 6.256069338211386 6.2617658255491095 6.267462312886833 6.273158800224556 6.27885528756228 6.284551774900002 6.290248262237726
10.277656545502492 9.979135839083323 9.680615132664153 9.382094426244983 9.083573719825814 8.785053013406644 8.486532306987474 8.188011600568306 7.8894908941491355 7.590970187729965 7.292449481310796 6.993928774891117 6.695408068471947 6.396887362052778 6.098366655633608 5.94741140004722 5.954206949169119 5.961002498291018 5.967798047412916 5.974593596534815 5.981389145656714 5.988184694778613 5.994980243900511 6.00177579302241 6.00857134214432 6.015366891266219 6.022162440388118 6.028957989510016 6.035753538631915 6.042549087753814 6.049344636875713 6.056140185997611 6.06293573511951 6.069731284241408 6.076526833363308 6.083322382485206 6.090117931607105 6.096913480729015 6.103709029850913 6.1105045789728125 6.117300128094711 6.1240956772166095 6.130891226338508 6.137686775460407
9.97546899834165 9.685526070526087 9.395583142710525 9.105640214894962 8.8156972870794 8.525754359263837 8.235811431448274 7.945868503632712 7.655925575817149 7.365982648001587 7.076039720186024 6.7860967923699675 6.496153864554405 6.206210936738842 5.91626800892328 5.769873605501156 5.776935821565206 5.783998037629256 5.791060253693305 5.798122469757356 5.805184685821406 5.812246901885455 5.819309117949505 5.8263713340135554 5.833433550077617 5.840495766141667 5.847557982205717 5.8546201982697665 5.861682414333816 5.868744630397867 5.875806846461916 5.882869062525966 5.889931278590016 5.896993494654065 5.904055710718116 5.911117926782166 5.918180142846215 5.925242358910277 5.932304574974327 5.939366791038377 5.946429007102427 5.953491223166477 5.960553439230527 5.967615655294576
9.67328145118081 9.391916301968854 9.110551152756898 8.829186003544944 8.547820854332986 8.266455705121032 7.985090555909076 7.70372540669712 7.422360257485165 7.140995108273209 6.8596299590612535 6.578264809848818 6.296899660636862 6.015534511424907 5.734169362212951 5.592335810955091 5.599664693961292 5.6069935769674935 5.614322459973694 5.621651342979895 5.628980225986096 5.636309108992298 5.6436379919984985 5.650966875004699 5.6582957580109134 5.665624641017114 5.672953524023315 5.680282407029517 5.687611290035718 5.6949401730419185 5.702269056048119 5.709597939054321 5.716926822060522 5.724255705066723 5.731584588072924 5.738913471079125 5.746242354085326 5.753571237091539 5.760900120097741 5.768229003103942 5.775557886110143 5.782886769116344 5.790215652122545 5.797544535128746
9.37109390401984 9.098306533411495 8.82551916280315 8.552731792194805 8.27994442158646 8.007157050978115 7.73436968036977 7.461582309761425 7.18879493915308 6.916007568544736 6.643220197936391 6.370432827327581 6.097645456719236 5.824858086110892 5.552070715502547 5.414798016408951 5.422393566357304 5.429989116305656 5.437584666254009 5.445180216202361 5.452775766150713 5.4603713160990655 5.467966866047417 5.47556241599577 5.483157965944136 5.490753515892488 5.49834906584084 5.5059446157891925 5.5135401657375445 5.521135715685897 5.528731265634249 5.536326815582601 5.543922365530954 5.551517915479306 5.559113465427659 5.566709015376011 5.574304565324363 5.581900115272728 5.589495665221081 5.597091215169433 5.604686765117786 5.612282315066138 5.61987786501449 5.627473414962843
9.068906356858998 8.80469676485426 8.540487172849522 8.276277580844784 8.012067988840046 7.7478583968353085 7.483648804830571 7.219439212825833 6.955229620821095 6.691020028816357 6.4268104368116195 6.162600844806431 5.8983912528016935 5.634181660796956 5.369972068792218 5.237260221862886 5.2451224387533895 5.2529846556438935 5.260846872534397 5.2687090894249 5.276571306315404 5.284433523205907 5.292295740096411 5.300157956986914 5.3080201738774315 5.315882390767935 5.323744607658438 5.331606824548942 5.339469041439445 5.347331258329949 5.355193475220452 5.363055692110955 5.370917909001459 5.3787801258919625 5.386642342782467 5.39450455967297 5.402366776563474 5.41022899345399 5.418091210344494 5.425953427234997 5.4338156441255006 5.441677861016005 5.449540077906508 5.457402294797012
8.766718809698157 8.511086996297026 8.255455182895895 7.999823369494765 7.744191556093634 7.488559742692503 7.232927929291372 6.977296115890241 6.721664302489111 6.46603248908798 6.2104006756868495 5.954768862285283 5.699137048884151 5.443505235483021 5.18787342208189 5.059722427316822 5.067851311149476 5.075980194982131 5.084109078814786 5.092237962647441 5.100366846480095 5.10849573031275 5.116624614145405 5.124753497978059 5.132882381810727 5.141011265643383 5.149140149476037 5.157269033308692 5.165397917141346 5.173526800974002 5.181655684806656 5.189784568639311 5.1979134524719655 5.20604233630462 5.214171220137275 5.222300103969929 5.2304289878025845 5.238557871635253 5.246686755467907 5.2548156393005625 5.262944523133217 5.271073406965872 5.279202290798526 5.287331174631181
8.464531262537317 8.217477227739792 7.970423192942269 7.723369158144745 7.476315123347221 7.2292610885496975 6.982207053752174 6.73515301895465 6.488098984157126 6.241044949359603 5.993990914562079 5.746936879764133 5.49988284496661 5.2528288101690865 5.005774775371562 4.882184632770757 4.890580183545564 4.898975734320369 4.907371285095175 4.915766835869981 4.924162386644787 4.932557937419593 4.940953488194398 4.9493490389692045 4.957744589744024 4.966140140518831 4.974535691293636 4.982931242068442 4.991326792843248 4.999722343618054 5.00811789439286 5.016513445167666 5.0249089959424715 5.033304546717278 5.041700097492083 5.050095648266889 5.058491199041695 5.066886749816515 5.075282300591321 5.083677851366127 5.092073402140933 5.1004689529157385 5.108864503690545 5.11726005446535
8.162343715376347 7.923867459182433 7.68539120298852 7.446914946794607 7.208438690600694 6.9699624344067805 6.731486178212868 6.493009922018954 6.254533665825042 6.016057409631129 5.7775811534372155 5.539104897242896 5.3006286410489825 5.06215238485507 4.823676128661156 4.704646838224617 4.713309055941574 4.721971273658531 4.730633491375488 4.7392957090924455 4.747957926809403 4.75662014452636 4.765282362243317 4.773944579960274 4.782606797677246 4.791269015394203 4.7999312331111605 4.808593450828118 4.817255668545075 4.825917886262032 4.834580103978989 4.843242321695946 4.851904539412904 4.8605667571298605 4.869228974846818 4.877891192563775 4.886553410280732 4.895215627997704 4.9038778457146615 4.912540063431618 4.921202281148576 4.929864498865533 4.93852671658249 4.947188934299447
7.8601561682155054 7.630257690625199 7.400359213034893 7.170460735444587 6.940562257854281 6.710663780263975 6.480765302673669 6.250866825083363 6.020968347493057 5.791069869902751 5.561171392312445 5.331272914721747 5.101374437131441 4.871475959541135 4.641577481950829 4.527109043678553 4.536037928337661 4.544966812996769 4.553895697655878 4.5628245823149856 4.571753466974094 4.580682351633203 4.589611236292311 4.598540120951419 4.607469005610543 4.616397890269651 4.62532677492876 4.634255659587868 4.643184544246976 4.652113428906085 4.661042313565193 4.669971198224301 4.67890008288341 4.687828967542518 4.6967578522016264 4.705686736860735 4.714615621519843 4.723544506178967 4.732473390838075 4.741402275497183 4.750331160156292 4.7592600448154 4.768188929474508 4.777117814133617
7.557968621054663 7.336647922067964 7.115327223081265 6.894006524094566 6.672685825107867 6.451365126121169 6.2300444271344695 6.00872372814777 5.787403029161071 5.566082330174373 5.344761631187674 5.123440932200597 4.902120233213898 4.6807995342272 4.459478835240501 4.349571249132487 4.358766800733747 4.367962352335006 4.377157903936266 4.386353455537526 4.395549007138785 4.4047445587400444 4.413940110341304 4.423135661942563 4.432331213543839 4.441526765145098 4.450722316746358 4.459917868347618 4.469113419948877 4.4783089715501365 4.4875045231513955 4.496700074752655 4.505895626353915 4.515091177955174 4.524286729556434 4.533482281157694 4.542677832758953 4.551873384360229 4.5610689359614875 4.570264487562747 4.579460039164007 4.588655590765266 4.597851142366526 4.607046693967785
7.255781073893694 7.043038153510605 6.830295233127517 6.617552312744429 6.404809392361341 6.1920664719782526 5.979323551595164 5.766580631212076 5.553837710828987 5.341094790445899 5.1283518700628115 4.91560894967936 4.702866029296271 4.490123108913184 4.2773801885300955 4.172033454586348 4.181495673129758 4.190957891673169 4.20042011021658 4.209882328759991 4.219344547303401 4.228806765846812 4.238268984390223 4.247731202933634 4.257193421477061 4.266655640020471 4.276117858563882 4.285580077107293 4.295042295650704 4.3045045141941145 4.3139667327375255 4.3234289512809365 4.3328911698243475 4.342353388367758 4.351815606911169 4.36127782545458 4.370740043997991 4.380202262541418 4.389664481084828 4.399126699628239 4.40858891817165 4.418051136715061 4.427513355258471 4.436975573801882
6.953593526732852 6.7494283849533705 6.545263243173889 6.341098101394408 6.136932959614927 5.932767817835446 5.7286026760559645 5.524437534276483 5.320272392497002 5.116107250717521 4.91194210893804 4.70777696715821 4.503611825378729 4.299446683599248 4.095281541819767 3.9944956600402826 4.004224545525845 4.013953431011406 4.023682316496968 4.03341120198253 4.0431400874680925 4.052868972953655 4.062597858439217 4.072326743924778 4.082055629410357 4.091784514895919 4.101513400381481 4.111242285867043 4.120971171352605 4.130700056838167 4.140428942323729 4.1501578278092905 4.159886713294853 4.169615598780415 4.179344484265977 4.189073369751539 4.198802255237101 4.2085311407226795 4.218260026208242 4.227988911693804 4.237717797179365 4.247446682664927 4.2571755681504895 4.266904453636052
6.651405979572011 6.455818616396137 6.260231253220262 6.064643890044389 5.869056526868514 5.67346916369264 5.477881800516766 5.282294437340892 5.086707074165017 4.891119710989143 4.695532347813269 4.499944984637061 4.304357621461187 4.108770258285312 3.913182895109438 3.8169578654942176 3.826953417921931 3.8369489703496438 3.846944522777357 3.8569400752050704 3.8669356276327833 3.8769311800604966 3.88692673248821 3.896922284915923 3.906917837343653 3.9169133897713664 3.9269089421990793 3.9369044946267926 3.946900047054506 3.956895599482219 3.966891151909932 3.9768867043376455 3.9868822567653583 3.9968778091930717 4.006873361620785 4.016868914048498 4.026864466476211 4.036860018903941 4.046855571331655 4.056851123759367 4.0668466761870805 4.076842228614794 4.086837781042507 4.0968333334702205
6.349218432411041 6.162208847838777 5.975199263266513 5.78818967869425 5.601180094121986 5.414170509549724 5.2271609249774595 5.040151340405196 4.853141755832933 4.666132171260669 4.479122586688406 4.292113002115824 4.10510341754356 3.918093832971296 3.731084248399033 3.6394200709480775 3.649682290317942 3.6599445096878065 3.670206729057671 3.6804689484275355 3.6907311677974 3.700993387167264 3.7112556065371285 3.721517825906993 3.7317800452768752 3.7420422646467397 3.752304484016604 3.7625667033864683 3.7728289227563327 3.7830911421261972 3.7933533614960617 3.803615580865926 3.8138778002357907 3.824140019605655 -9999.0 -9999.0 -9999.0 -9999.0 -9999.0 3.8857133358248594 3.895975555194724 3.9062377745645884 3.916499993934453 3.9267622133043174
6.0470308852502 5.868599079281543 5.690167273312886 5.511735467344231 5.333303661375574 5.154871855406917 4.976440049438261 4.798008243469604 4.619576437500948 4.441144631532291 4.262712825563635 4.084281019594674 3.9058492136260172 3.727417407657361 3.548985601688705 3.461882276402013 3.4724111627140286 3.4829400490260443 3.49346893533806 3.5039978216500756 3.514526707962091 3.5250555942741064 3.535584480586122 3.5461133668981377 3.5566422532101716 3.5671711395221872 3.577700025834203 3.5882289121462185 3.598757798458234 3.60928668477025 3.6198155710822655 3.630344457394281 3.640873343706297 -9999.0 -9999.0 -9999.0 -9999.0 -9999.0 -9999.0 3.714575547890424 3.7251044342024398 3.7356333205144554 3.746162206826471 3.7566910931384867
5.7448433380893595 5.574989310724311 5.405135283359261 5.235281255994211 5.0654272286291615 4.895573201264112 4.725719173899063 4.555865146534014 4.386011119168964 4.216157091803915 4.046303064438865 3.8764490370735265 3.7065950097084768 3.536740982343427 3.366886954978378 3.2843444818559484 3.295140035110115 3.305935588364282 3.316731141618449 3.3275266948726157 3.3383222481267825 3.3491178013809493 3.359913354635116 3.370708907889283 3.3815044611434684 3.392300014397635 3.4030955676518015 3.4138911209059684 3.424686674160135 3.435482227414302 3.446277780668469 3.4570733339226356 -9999.0 -9999.0 -9999.0 -9999.0 -9999.0 -9999.0 -9999.0 -9999.0 3.5542333132101556 3.5650288664643224 3.575824419718489 -9999.0
5.442655790928388 5.281379542166949 5.120103293405511 4.958827044644072 4.797550795882634 4.636274547121195 4.474998298359756 4.313722049598317 4.152445800836878 3.9911695520754398 3.829893303314001 3.6686170545522874 3.5073408057908484 3.3460645570294094 3.1847883082679713 3.106806687309808 3.117868907506126 3.128931127702444 3.1399933478987623 3.1510555680950803 3.1621177882913982 3.1731800084877166 3.1842422286840346 3.1953044488803526 3.2063666690766897 3.2174288892730076 3.228491109469326 3.239553329665644 3.250615549861962 3.26167777005828 3.2727399902545984 -9999.0 -9999.0 -9999.0 -9999.0 -9999.0 -9999.0 -9999.0 -9999.0 -9999.0 -9999.0 -9999.0 -9999.0 -9999.0
