Figures/CREST_Example_wjb_NSE/Rolling_result/20100722/raw_forecast/ens_0/wjb.rain.20100728.asc
ncols            288
nrows            254
xllcorner        113.274861
yllcorner        31.4918055
cellsize         0.008333333333
NODATA_value     -9999
[rows 100 to 119 of 254, columns 45 to 89 of 288]
2.937056172034496 3.0206691303457065 3.104282088656917 3.1878950469681273 3.2715080052793373 3.3551209635905472 3.4387339219017576 3.52234688021311 3.6059598385243206 3.689572796835531 3.7731857551467414 3.8567987134579518 3.969524547881281 4.113372704921026 4.25722086196077 4.401069019000514 4.544917176040258 4.688765333080002 4.832613490119746 4.97646164715949 5.120309804199479 5.264157961239224 5.408006118278967 5.551854275318712 5.695702432358456 5.8395505893982005 5.983398746437945 6.127246903477689 6.271095060517433 6.414943217557177 6.558791374596922 6.702639531636665 6.84648768867641 6.990335845716399 7.134184002756143 7.278032159795887 7.421880316835631 7.565728473875376 7.7095766309151195 7.853424787954864 7.9972729449946085 8.141121102034353 8.194749538809377 8.151931054877343 8.10911257094531
2.938335803450846 3.0218376506244633 3.1053394977980804 3.1888413449716975 3.2723431921453145 3.3558450393189316 3.4393468864925487 3.5228487336663084 3.6063505808399254 3.6898524280135425 3.7733542751871596 3.8568561223607767 3.970705996662072 4.116998597934137 4.2632911992062015 4.409583800478266 4.555876401750331 4.702169003022396 4.84846160429446 4.994754205566525 5.1410468068388395 5.287339408110904 5.433632009382969 5.579924610655034 5.726217211927098 5.872509813199163 6.018802414471228 6.165095015743293 6.311387617015358 6.457680218287422 6.603972819559488 6.750265420831552 6.896558022103617 7.042850623375931 7.189143224647996 7.33543582592006 7.481728427192126 7.62802102846419 7.774313629736255 7.920606231008319 8.066898832280383 8.21319143355245 8.269264314815867 8.228890275645973 8.18851623647608
2.9396154348671963 3.02300617090322 3.106396906939244 3.1897876429752676 3.273178379011292 3.356569115047316 3.43995985108334 3.5233505871195057 3.60674132315553 3.6901320591915536 3.773522795227578 3.8569135312636016 3.971887445442863 4.1206244909472485 4.269361536451634 4.41809858195602 4.566835627460405 4.71557267296479 4.864309718469176 5.013046763973561 5.1617838094782 5.3105208549825855 5.459257900486971 5.607994945991356 5.756731991495742 5.9054690370001275 6.054206082504512 6.202943128008898 6.351680173513284 6.500417219017669 6.649154264522054 6.79789131002644 6.946628355530825 7.095365401035464 7.244102446539849 7.392839492044235 7.54157653754862 7.690313583053006 7.839050628557391 7.987787674061777 8.136524719566161 8.285261765070548 8.343779090822357 8.305849496414604 8.267919902006849
2.9122535382487955 2.9949424093991874 3.077631280549579 3.160320151699971 3.2430090228503627 3.3256978940007547 3.4083867651511466 3.4910756363016793 3.573764507452071 3.656453378602463 3.739142249752855 3.821831120903247 3.937078761179824 4.087132461594056 4.237186162008288 4.38723986242252 4.5372935628367514 4.687347263250984 4.837400963665216 4.987454664079448 5.137508364493936 5.287562064908167 5.437615765322399 5.5876694657366315 5.737723166150863 5.887776866565095 6.037830566979327 6.187884267393558 6.3379379678077905 6.487991668222023 6.638045368636254 6.788099069050486 6.938152769464718 7.088206469879205 7.238260170293438 7.38831387070767 7.538367571121902 7.688421271536134 7.838474971950365 7.9885286723645965 8.13858237277883 8.28863607319306 8.349456396292966 8.314884221599643 8.28031204690632
2.854275782170675 2.935631320199768 3.016986858228861 3.098342396257954 3.1796979342870477 3.261053472316141 3.342409010345234 3.423764548374466 3.505120086403559 3.5864756244326523 3.6678311624617455 3.7491867004908386 3.863799136378013 4.013963947797383 4.164128759216753 4.314293570636124 4.464458382055494 4.6146231934748645 4.764788004894235 4.914952816313605 5.0651176277332315 5.215282439152602 5.365447250571972 5.515612061991342 5.665776873410712 5.815941684830083 5.966106496249453 6.116271307668823 6.266436119088194 6.416600930507563 6.566765741926934 6.716930553346304 6.8670953647656745 7.017260176185301 7.1674249876046705 7.3175897990240415 7.467754610443412 7.617919421862782 7.768084233282153 7.918249044701523 8.068413856120893 8.218578667540264 8.281550785665175 8.251311943351162 8.221073101037149
2.7962980260925048 2.8763202310002978 2.956342435908091 3.0363646408158846 3.116386845723678 3.1964090506314715 3.276431255539265 3.3564534604471947 3.436475665354988 3.5164978702627816 3.596520075170575 3.6765422800783685 3.7905195115761394 3.940795434000648 4.091071356425156 4.241347278849665 4.391623201274174 4.541899123698682 4.692175046123191 4.8424509685477 4.992726890972465 5.143002813396974 5.293278735821483 5.443554658245992 5.5938305806705 5.744106503095009 5.894382425519517 6.044658347944026 6.194934270368535 6.3452101927930435 6.4954861152175525 6.645762037642061 6.7960379600665695 6.946313882491335 7.096589804915843 7.246865727340351 7.39714164976486 7.547417572189369 7.697693494613878 7.847969417038387 7.998245339462895 8.148521261887403 8.213645175037323 8.187739665102626 8.161834155167929
2.738320270014384 2.8170091418008782 2.8956980135873733 2.974386885373868 3.0530757571603626 3.1317646289468573 3.210453500733352 3.289142372519981 3.3678312443064757 3.4465201160929704 3.525208987879465 3.6038978596659597 3.7172398867743275 3.867626920203975 4.018013953633622 4.168400987063269 4.318788020492916 4.469175053922563 4.61956208735221 4.769949120781858 4.9203361542117605 5.070723187641408 5.221110221071055 5.371497254500703 5.52188428793035 5.672271321359997 5.8226583547896436 5.97304538821929 6.123432421648938 6.273819455078585 6.424206488508233 6.57459352193788 6.724980555367527 6.87536758879743 7.025754622227078 7.176141655656725 7.326528689086372 7.4769157225160185 7.627302755945665 7.777689789375313 7.92807682280496 8.078463856234606 8.145739564409533 8.124167386854147 8.10259520929876
2.680342513936263 2.757698052601459 2.835053591266655 2.9124091299318513 2.989764668597047 3.067120207262243 3.144475745927439 3.221831284592767 3.299186823257963 3.3765423619231587 3.453897900588355 3.531253439253551 3.643960261972516 3.7944584064073013 3.944956550842087 4.095454695276873 4.2459528397116575 4.396450984146443 4.546949128581229 4.697447273016015 4.847945417451056 4.998443561885842 5.1489417063206275 5.299439850755413 5.449937995190199 5.600436139624984 5.7509342840597695 5.901432428494555 6.05193057292934 6.202428717364127 6.352926861798911 6.503425006233697 6.653923150668483 6.804421295103525 6.95491943953831 7.105417583973096 7.2559157284078815 7.406413872842666 7.556912017277452 7.707410161712238 7.857908306147023 8.008406450581809 8.077833953781742 8.060595108605666 8.04335626342959
2.6223647578581426 2.69838696340204 2.774409168945937 2.850431374489834 2.9264535800337317 3.002475785577629 3.0784979911215267 3.1545201966655534 3.230542402209451 3.306564607753348 3.3825868132972454 3.4586090188411425 3.5706806371707045 3.7212898926106286 3.8718991480505522 4.022508403490476 4.1731176589303995 4.323726914370324 4.474336169810248 4.624945425250171 4.775554680690352 4.926163936130276 5.0767731915702 5.227382447010124 5.377991702450047 5.528600957889971 5.679210213329895 5.829819468769819 5.980428724209743 6.131037979649667 6.28164723508959 6.4322564905295145 6.582865745969438 6.733475001409619 6.884084256849542 7.034693512289467 7.18530276772939 7.335912023169314 7.4865212786092385 7.637130534049161 7.787739789489086 7.938349044929009 8.00992834315395 7.997022830357186 7.984117317560422
2.5643870017800223 2.6390758742026206 2.7137647466252193 2.788453619047818 2.863142491470416 2.9378313638930154 3.0125202363156136 3.0872091087383398 3.1618979811609385 3.236586853583537 3.311275726006136 3.385964598428734 3.4974010123688934 3.6481213788139555 3.798841745259018 3.94956211170408 4.1002824781491425 4.251002844594205 4.401723211039267 4.552443577484329 4.703163943929648 4.853884310374711 5.004604676819772 5.155325043264835 5.306045409709897 5.45676577615496 5.607486142600022 5.758206509045084 5.908926875490146 6.059647241935208 6.21036760838027 6.361087974825333 6.511808341270395 6.6625287077157145 6.813249074160776 6.963969440605839 7.114689807050901 7.2654101734959635 7.416130539941026 7.566850906386088 7.71757127283115 7.868291639276213 7.9420227325261585 7.933450552108706 7.9248783716912525
2.506409245701901 2.579764785003201 2.653120324304501 2.726475863605801 2.7998314029071008 2.8731869422084007 2.9465424815097006 3.0198980208111257 3.0932535601124256 3.1666090994137255 3.239964638715026 3.3133201780163257 3.424121387567082 3.5749528650172824 3.7257843424674832 3.8766158199176837 4.0274472973678845 4.178278774818085 4.329110252268285 4.479941729718487 4.630773207168944 4.781604684619145 4.9324361620693455 5.083267639519546 5.234099116969746 5.384930594419947 5.535762071870147 5.6865935493203486 5.837425026770549 5.98825650422075 6.139087981670951 6.289919459121151 6.440750936571352 6.5915824140218096 6.74241389147201 6.89324536892221 7.044076846372411 7.194908323822612 7.345739801272813 7.496571278723013 7.647402756173213 7.798234233623415 7.874117121898367 7.869878273860226 7.865639425822084
2.448431489623731 2.5204536958037314 2.5924759019837316 2.6644981081637313 2.7365203143437316 2.8085425205237318 2.8805647267037315 2.9525869328838548 3.024609139063855 3.096631345243855 3.168653551423855 3.240675757603855 3.350841762765208 3.501784351220547 3.6527269396758864 3.803669528131225 3.9546121165865644 4.105554705041904 4.256497293497242 4.407439881952581 4.558382470408178 4.709325058863517 4.860267647318857 5.011210235774195 5.162152824229534 5.3130954126848735 5.464038001140213 5.614980589595552 5.76592317805089 5.91686576650623 6.067808354961569 6.218750943416908 6.369693531872247 6.520636120327843 6.671578708783183 6.822521297238522 6.97346388569386 7.1244064741492 7.275349062604539 7.426291651059878 7.577234239515217 7.7281768279705565 7.806211511270518 7.806305995611691 7.806400479952864
2.3904537335456104 2.461142606604312 2.5318314796630133 2.6025203527217147 2.673209225780416 2.7438980988391175 2.814586971897819 2.8852758449566407 2.955964718015342 3.0266535910740435 3.097342464132745 3.1680313371914464 3.2775621379633963 3.428615837423874 3.579669536884351 3.730723236344829 3.8817769358053065 4.032830635265784 4.183884334726261 4.334938034186739 4.485991733647474 4.637045433107952 4.788099132568429 4.939152832028906 5.090206531489383 5.241260230949861 5.392313930410339 5.543367629870817 5.694421329331293 5.845475028791771 5.996528728252249 6.147582427712726 6.298636127173204 6.449689826633939 6.600743526094416 6.751797225554894 6.902850925015372 7.053904624475848 7.204958323936326 7.356012023396803 7.5070657228572815 7.658119422317759 7.738305900642727 7.742733717363211 7.747161534083696
2.3324759774674897 2.4018315174048923 2.471187057342295 2.540542597279698 2.6098981372171 2.6792536771545032 2.748609217091906 2.8179647570294266 2.8873202969668297 2.9566758369042323 3.026031376841635 3.0953869167790375 3.204282513161585 3.3554473236272004 3.5066121340928165 3.657776944558432 3.808941755024048 3.9601065654896637 4.11127137595528 4.262436186420896 4.413600996886769 4.564765807352385 4.715930617818001 4.8670954282836165 5.0182602387492325 5.169425049214849 5.320589859680464 5.47175467014608 5.622919480611696 5.774084291077312 5.925249101542928 6.076413912008544 6.22757872247416 6.3787435329400335 6.5299083434056495 6.681073153871265 6.832237964336881 6.983402774802497 7.134567585268113 7.285732395733728 7.436897206199344 7.58806201666496 7.670400290014935 7.67916143911473 7.687922588214526
2.2744982213893694 2.3425204282054732 2.410542635021577 2.478564841837681 2.546587048653785 2.6146092554698894 2.6826314622859933 2.7506536691022134 2.8186758759183173 2.886698082734421 2.9547202895505253 3.0227424963666296 3.1310028883597734 3.2822788098305278 3.4335547313012817 3.584830652772036 3.73610657424279 3.8873824957135446 4.0386584171842985 4.189934338655053 4.341210260126065 4.492486181596819 4.643762103067574 4.795038024538328 4.946313946009083 5.097589867479837 5.2488657889505905 5.4001417104213445 5.5514176318920985 5.702693553362853 5.853969474833607 6.005245396304362 6.156521317775116 6.307797239246128 6.459073160716882 6.6103490821876365 6.7616250036583905 6.912900925129145 7.064176846599899 7.215452768070653 7.366728689541407 7.518004611012161 7.602494679387144 7.61558916086625 7.628683642345357
2.2165204653112482 2.2832093390060537 2.349898212700859 2.4165870863956647 2.48327596009047 2.5499648337852756 2.6166537074800806 2.683342581175 2.750031454869805 2.8167203285646103 2.8834092022594158 2.9500980759542212 3.0577232635579623 3.2091102960338547 3.3604973285097475 3.51188436098564 3.6632713934615326 3.8146584259374254 3.966045458413318 4.117432490889211 4.268819523365361 4.420206555841254 4.571593588317146 4.722980620793039 4.874367653268932 5.0257546857448245 5.177141718220717 5.328528750696609 5.479915783172502 5.631302815648395 5.782689848124288 5.9340768806001805 6.085463913076072 6.236850945552224 6.3882379780281155 6.539625010504009 6.691012042979901 6.842399075455794 6.993786107931687 7.14517314040758 7.2965601728834715 7.447947205359364 7.534589068759352 7.552016882617771 7.569444696476189
2.158542709233128 2.223898249806634 2.2892537903801413 2.3546093309536476 2.4199648715271547 2.485320412100661 2.5506759526741676 2.6160314932477857 2.6813870338212924 2.746742574394799 2.8120981149683058 2.8774536555418124 2.9844436387561504 3.1359417822371816 3.2874399257182123 3.4389380691992435 3.5904362126802747 3.7419343561613054 3.893432499642336 4.044930643123367 4.196428786604657 4.347926930085688 4.4994250735667185 4.650923217047749 4.802421360528781 4.953919504009812 5.105417647490842 5.256915790971874 5.408413934452905 5.5599120779339355 5.711410221414967 5.862908364895997 6.014406508377029 6.165904651858318 6.3174027953393495 6.468900938820379 6.620399082301411 6.771897225782443 6.923395369263473 7.074893512744504 7.226391656225535 7.3778897997065656 7.466683458131561 7.48844460436929 7.510205750607019
2.100564953155007 2.1645871606072147 2.2286093680594226 2.292631575511631 2.3566537829638388 2.4206759904160466 2.484698197868255 2.548720405320572 2.61274261277278 2.676764820224988 2.7407870276771957 2.8048092351294036 2.911164013954339 3.062773268440508 3.2143825229266776 3.365991777412847 3.5176010318990163 3.669210286385186 3.820819540871355 3.9724287953575246 4.124038049843953 4.275647304330122 4.427256558816291 4.5788658133024605 4.73047506778863 4.8820843222748 5.033693576760969 5.185302831247139 5.336912085733307 5.488521340219477 5.640130594705646 5.791739849191815 5.943349103677985 6.094958358164413 6.2465676126505825 6.398176867136752 6.549786121622921 6.70139537610909 6.85300463059526 7.0046138850814295 7.156223139567599 7.307832394053768 7.398777847503769 7.42487232612081 7.450966804737851
2.042587197076837 2.105276071407745 2.167964945738653 2.2306538200695614 2.2933426944004696 2.3560315687313773 2.418720443062286 2.4814093173933007 2.544098191724209 2.606787066055117 2.6694759403860253 2.732164814716933 2.837884389152465 2.9896047546437727 3.1413251201350807 3.2930454856263887 3.4447658511176966 3.596486216609004 3.748206582100312 3.89992694759162 4.051647313083187 4.2033676785744944 4.355088044065802 4.50680840955711 4.658528775048418 4.810249140539726 4.961969506031034 5.113689871522341 5.265410237013649 5.417130602504957 5.568850967996265 5.720571333487573 5.872291698978881 6.024012064470448 6.175732429961755 6.327452795453063 6.47917316094437 6.6308935264356785 6.782613891926986 6.9343342574182945 7.086054622909602 7.23777498840091 7.33087223687592 7.361300047872275 7.391727858868631
1.984609440998716 2.045964982208326 2.1073205234179353 2.1686760646275447 2.230031605837154 2.2913871470467635 2.352742688256373 2.414098229466087 2.4754537706756965 2.536809311885306 2.5981648530949153 2.6595203943045247 2.7646047643506533 2.9164362408470996 3.068267717343546 3.2200991938399923 3.3719306703364382 3.5237621468328846 3.675593623329331 3.827425099825777 3.9792565763224825 4.131088052818928 4.282919529315375 4.434751005811821 4.586582482308267 4.738413958804713 4.89024543530116 5.042076911797606 5.1939083882940515 5.345739864790499 5.497571341286944 5.6494028177833915 5.801234294279837 5.953065770776542 6.104897247272989 6.2567287237694345 6.408560200265882 6.560391676762327 6.7122231532587735 6.86405462975522 7.015886106251666 7.1677175827481125 7.2629666262481285 7.297727769623795 7.332488912999462
