Figures/CREST_Example_wjb_NSE/Rolling_result/20100722/raw_forecast/ens_0/wjb.rain.20100505.asc
ncols            288
nrows            254
xllcorner        113.274861
yllcorner        31.4918055
cellsize         0.008333333333
NODATA_value     -9999
[rows 120 to 143 of 254, columns 208 to 259 of 288]
0.0 0.0 0.0 0.0 0.0 0.0 0.0 0.0 0.0 0.0 0.0 0.0 0.0 0.0 0.0 0.0 0.0 0.0 0.0 0.0 0.0 0.0 0.0 0.0 0.0 0.0 0.0 0.0 0.0 0.0 0.0 0.0 0.0 0.0 0.0 0.0 0.0 0.0 0.0 0.0 0.0 0.0 0.0 0.0 0.0 0.0 0.0 0.0 0.0 0.0 0.0 0.0
0.0 0.0 0.0 0.0 0.0 0.0 0.0 0.0 0.0 0.0 0.0 0.00016222770180478733 0.0004978804882511694 0.000833533274698124 0.0011691860611445061 0.0015048388475908882 0.0018404916340372703 0.0021761444204836523 0.0025117972069300344 0.0028474499933764164 0.0031831027798227985 0.0035187555662691806 0.0038544083527155626 0.0040278334375185715 0.0040278334375185715 0.0040278334375185715 0.0040278334375185715 0.0040278334375185715 0.0040278334375185715 0.0040278334375185715 0.0040278334375185715 0.0040278334375185715 0.0040278334375185715 0.0040278334375185715 0.0040278334375185715 0.0042920195048737645 0.00483862645817286 0.005385233411471956 0.005931840364771053 0.00647844731807108 0.0070250542713701765 0.007571661224669272 0.008118268177968369 0.008664875131267465 0.00921148208456656 0.009758089037865656 0.010304695991164754 0.010728500045451641 0.01102102502075642 0.011313549996061198 0.011606074971365976 0.011898599946670755
0.0 0.0 0.0 0.0 0.0 0.0 0.0 0.0 0.0 0.0 0.0 0.000497866589584449 0.001527963830767497 0.0025580610719523017 0.0035881583131353494 0.0046182555543183975 0.005648352795501446 0.006678450036684494 0.007708547277867542 0.00873864451905059 0.009768741760233637 0.010798839001416686 0.011828936242599734 0.012361166894693701 0.012361166894693701 0.012361166894693701 0.012361166894693701 0.012361166894693701 0.012361166894693701 0.012361166894693701 0.012361166894693701 0.012361166894693701 0.012361166894693701 0.012361166894693701 0.012361166894693701 0.013171937280432939 0.014849439560589983 0.016526941840747024 0.018204444120904068 0.01988194640106397 0.021559448681221016 0.02323695096137806 0.0249144532415351 0.02659195552169214 0.028269457801849186 0.02994696008200623 0.03162446236216328 0.032925090287064626 0.033822830994742994 0.03472057170242136 0.035618312410099724 0.03651605311777809
0.0 0.0 0.0 0.0 0.0 0.0 0.0 0.0 0.0 0.0 0.0 0.0008335054773641105 0.0025580471732838243 0.004282588869206479 0.006007130565126193 0.0077316722610459064 0.00945621395696562 0.011180755652885333 0.012905297348805047 0.01462983904472476 0.016354380740644475 0.01807892243656419 0.019803464132483902 0.02069450035186883 0.02069450035186883 0.02069450035186883 0.02069450035186883 0.02069450035186883 0.02069450035186883 0.02069450035186883 0.02069450035186883 0.02069450035186883 0.02069450035186883 0.02069450035186883 0.02069450035186883 0.022051855055992116 0.024860252663007107 0.027668650270022094 0.030477047877037082 0.03328544548405686 0.03609384309107185 0.03890224069808684 0.041710638305101834 0.044519035912116825 0.04732743351913181 0.05013583112614681 0.05294422873316179 0.05512168052867761 0.05662463696872957 0.05812759340878152 0.05963054984883348 0.061133506288885434
0.0 0.0 0.0 0.0 0.0 0.0 0.0 0.0 0.0 0.0 0.0 0.0011691443651440584 0.0035881305158010305 0.0060071166664621275 0.0084261028171191 0.01084508896777607 0.013264075118433043 0.015683061269090016 0.018102047419746987 0.020521033570403958 0.022940019721060932 0.025359005871717903 0.027777992022374874 0.029027833809051065 0.029027833809051065 0.029027833809051065 0.029027833809051065 0.029027833809051065 0.029027833809051065 0.029027833809051065 0.029027833809051065 0.029027833809051065 0.029027833809051065 0.029027833809051065 0.029027833809051065 0.030931772831558863 0.034871065765432765 0.038810358699306664 0.04274965163318056 0.046688944567061186 0.050628237500935085 0.05456753043480898 0.05850682336868289 0.06244611630255679 0.06638540923643069 0.07032470217030459 0.0742639951041785 0.07731827077030952 0.07942644294273558 0.08153461511516165 0.0836427872875877 0.08575095946001376
0.0 0.0 0.0 0.0 0.0 0.0 0.0 0.0 0.0 0.0 0.0 0.00150478325292372 0.004618213858317358 0.007731644463716305 0.010845075069109943 0.013958505674503581 0.01707193627989722 0.020185366885290854 0.023298797490684493 0.02641222809607813 0.02952565870147177 0.032639089306865404 0.03575251991225904 0.037361167266226195 0.037361167266226195 0.037361167266226195 0.037361167266226195 0.037361167266226195 0.037361167266226195 0.037361167266226195 0.037361167266226195 0.037361167266226195 0.037361167266226195 0.037361167266226195 0.037361167266226195 0.03981169060711804 0.04488187886784988 0.04995206712858173 0.05502225538931358 0.060092443650054075 0.06516263191078592 0.07023282017151777 0.07530300843224962 0.08037319669298146 0.08544338495371331 0.09051357321444517 0.09558376147517701 0.0995148610119225 0.10222824891672215 0.1049416368215218 0.10765502472632146 0.11036841263112111
0.0 0.0 0.0 0.0 0.0 0.0 0.0 0.0 0.0 0.0 0.0 0.0018404221407033816 0.005648297200833686 0.009456172260970482 0.013264047321100786 0.017071922381231088 0.020879797441361394 0.024687672501491696 0.028495547561622002 0.0323034226217523 0.036111297681882606 0.03991917274201291 0.04372704780214322 0.045694500723401324 0.045694500723401324 0.045694500723401324 0.045694500723401324 0.045694500723401324 0.045694500723401324 0.045694500723401324 0.045694500723401324 0.045694500723401324 0.045694500723401324 0.045694500723401324 0.045694500723401324 0.048691608382677214 0.054892691970267006 0.061093775557856805 0.0672948591454466 0.07349594273304697 0.07969702632063677 0.08589810990822655 0.09209919349581636 0.09830027708340615 0.10450136067099594 0.11070244425858573 0.11690352784617553 0.12171145125353548 0.12503005489070873 0.12834865852788196 0.1316672621650552 0.13498586580222846
0.0 0.0 0.0 0.0 0.0 0.0 0.0 0.0 0.0 0.0 0.0 0.002176061028483043 0.006678380543350012 0.01118070005822466 0.01568301957309163 0.020185339087958595 0.024687658602825565 0.029189978117692535 0.0336922976325595 0.038194617147426474 0.04269693666229344 0.04719925617716041 0.05170157569202738 0.05402783418057645 0.05402783418057645 0.05402783418057645 0.05402783418057645 0.05402783418057645 0.05402783418057645 0.05402783418057645 0.05402783418057645 0.05402783418057645 0.05402783418057645 0.05402783418057645 0.05402783418057645 0.05757152615823639 0.06490350507268414 0.07223548398713187 0.07956746290157962 0.08689944181603987 0.0942314207304876 0.10156339964493535 0.10889537855938308 0.11622735747383083 0.12355933638827857 0.1308913153027263 0.13822329421717405 0.14390804149514846 0.1478318608646953 0.15175568023424213 0.15567949960378896 0.1596033189733358
0.0 0.0 0.0 0.0 0.0 0.0 0.0 0.0 0.0 0.0 0.0 0.0025116999162627046 0.007708463885866339 0.012905227855478837 0.018101991825082472 0.023298755794686106 0.02849551976428974 0.03369228373389337 0.038889047703497014 0.04408581167310065 0.04928257564270428 0.054479339612307914 0.05967610358191155 0.06236116763775158 0.06236116763775158 0.06236116763775158 0.06236116763775158 0.06236116763775158 0.06236116763775158 0.06236116763775158 0.06236116763775158 0.06236116763775158 0.06236116763775158 0.06236116763775158 0.06236116763775158 0.06645144393379557 0.07491431817510125 0.08337719241640694 0.09184006665771263 0.10030294089903274 0.10876581514033845 0.11722868938164413 0.1256915636229498 0.13415443786425552 0.1426173121055612 0.15108018634686687 0.15954306058817258 0.16610463173676146 0.17063366683868186 0.1751627019406023 0.17969173704252273 0.18422077214444313
0.0 0.0 0.0 0.0 0.0 0.0 0.0 0.0 0.0 0.0 0.0 0.002847338804042366 0.008738547228382666 0.014629755652733015 0.020520964077073316 0.026412172501413617 0.03230338092575392 0.03819458935009422 0.04408579777443452 0.04997700619877482 0.05586821462311512 0.06175942304745542 0.06765063147179572 0.07069450109492671 0.07069450109492671 0.07069450109492671 0.07069450109492671 0.07069450109492671 0.07069450109492671 0.07069450109492671 0.07069450109492671 0.07069450109492671 0.07069450109492671 0.07069450109492671 0.07069450109492671 0.07533136170935474 0.08492513127751837 0.09451890084568201 0.10411267041384564 0.11370643998202565 0.12330020955018928 0.1328939791183529 0.14248774868651654 0.1520815182546802 0.16167528782284382 0.17126905739100745 0.18086282695917108 0.18830122197837443 0.19343547281266846 0.19856972364696246 0.20370397448125646 0.20883822531555046
0.0 0.0 0.0 0.0 0.0 0.0 0.0 0.0 0.0 0.0 0.0 0.0031829776918220276 0.009768630570898995 0.01635428344998719 0.02293993632906416 0.029525589208141124 0.03611124208721809 0.04269689496629506 0.049282547845372025 0.055868200724448994 0.062453853603525955 0.06903950648260292 0.07562515936167989 0.07902783455210184 0.07902783455210184 0.07902783455210184 0.07902783455210184 0.07902783455210184 0.07902783455210184 0.07902783455210184 0.07902783455210184 0.07902783455210184 0.07902783455210184 0.07902783455210184 0.07902783455210184 0.08421127948491391 0.0949359443799355 0.10566060927495707 0.11638527416997865 0.12710993906501852 0.1378346039600401 0.1485592688550617 0.15928393375008326 0.17000859864510487 0.18073326354012642 0.19145792843514803 0.20218259333016958 0.21049781221998742 0.21623727878665502 0.22197674535332262 0.22771621191999022 0.23345567848665782
0.0 0.0 0.0 0.0 0.0 0.0 0.0 0.0 0.0 0.0 0.0 0.003518616579601976 0.0107987139134162 0.01807881124724284 0.025358908581057063 0.03263900591487129 0.039919103248685514 0.04719920058249974 0.05447929791631396 0.061759395250128184 0.06903949258394242 0.07631958991775664 0.08359968725157085 0.08736116800928408 0.08736116800928408 0.08736116800928408 0.08736116800928408 0.08736116800928408 0.08736116800928408 0.08736116800928408 0.08736116800928408 0.08736116800928408 0.08736116800928408 0.08736116800928408 0.08736116800928408 0.09309119726048067 0.10494675748236115 0.11680231770424165 0.12865787792612216 0.14051343814802286 0.15236899836990336 0.16422455859178386 0.17608011881366437 0.18793567903554484 0.19979123925742534 0.2116467994793058 0.22350235970118632 0.23269440246161935 0.23903908476066105 0.24538376705970275 0.25172844935874444 0.25807313165778617
0.0 0.0 0.0 0.0 0.0 0.0 0.0 0.0 0.0 0.0 0.0 0.0038542554673816373 0.011828797255932527 0.019803339044497017 0.027777880833047906 0.0357524226215988 0.043726964410149685 0.05170150619870058 0.05967604798725147 0.06765058977580236 0.07562513156435324 0.08359967335290414 0.09157421514145503 0.0956945014664592 0.0956945014664592 0.0956945014664592 0.0956945014664592 0.0956945014664592 0.0956945014664592 0.0956945014664592 0.0956945014664592 0.0956945014664592 0.0956945014664592 0.0956945014664592 0.0956945014664592 0.10197111503603984 0.11495757058477828 0.12794402613351671 0.14093048168225517 0.15391693723101574 0.1669033927797542 0.17988984832849264 0.1928763038772311 0.20586275942596952 0.21884921497470794 0.2318356705234464 0.24482212607218484 0.25489099270323234 0.2618408907346476 0.2687907887660629 0.2757406867974782 0.2826905848288935
0.0 0.0 0.0 0.0 0.0 0.0 0.0 0.0 0.0 0.0 0.0 0.0038654389518739665 0.011863119622935485 0.01986080029401064 0.02785848096507216 0.03585616163613368 0.0438538423071952 0.051851522978256716 0.059849203649318235 0.06784688432037975 0.07584456499144127 0.08384224566250278 0.0918399263335643 0.0959721680565979 0.0959721680565979 0.0959721680565979 0.0959721680565979 0.0959721680565979 0.0959721680565979 0.0959721680565979 0.0959721680565979 0.0959721680565979 0.0959721680565979 0.0959721680565979 0.0959721680565979 0.10226699381037696 0.11529113078046091 0.12831526775054486 0.14133940472062878 0.15436354169073496 0.16738767866081888 0.18041181563090286 0.19343595260098678 0.20646008957107076 0.21948422654115468 0.23250836351123866 0.24553250048132258 0.2556305828752526 0.262600646689013 0.26957071050277337 0.27654077431653373 0.28351083813029415
0.0 0.0 0.0 0.0 0.0 0.0 0.0 0.0 0.0 0.0 0.0 0.003529800064094305 0.010833036280419157 0.018136272496756464 0.025439508713081316 0.03274274492940617 0.04004598114573102 0.04734921736205588 0.05465245357838073 0.06195568979470558 0.06925892601103044 0.07656216222735529 0.08386539844368014 0.08763883459942277 0.08763883459942277 0.08763883459942277 0.08763883459942277 0.08763883459942277 0.08763883459942277 0.08763883459942277 0.08763883459942277 0.08763883459942277 0.08763883459942277 0.08763883459942277 0.08763883459942277 0.09338707603481779 0.10528031767804379 0.11717355932126977 0.12906680096449577 0.14096004260774206 0.15285328425096806 0.16474652589419406 0.17663976753742006 0.18853300918064606 0.20042625082387205 0.21231949246709805 0.22421273411032405 0.23343399263363962 0.2397988407150264 0.2461636887964132 0.2525285368778 0.2588933849591868
0.0 0.0 0.0 0.0 0.0 0.0 0.0 0.0 0.0 0.0 0.0 0.003194161176314643 0.00980295293790283 0.01641174469950229 0.023020536461090473 0.02962932822267866 0.03623811998426685 0.04284691174585503 0.04945570350744322 0.05606449526903141 0.0626732870306196 0.06928207879220778 0.07589087055379597 0.07930550114224764 0.07930550114224764 0.07930550114224764 0.07930550114224764 0.07930550114224764 0.07930550114224764 0.07930550114224764 0.07930550114224764 0.07930550114224764 0.07930550114224764 0.07930550114224764 0.07930550114224764 0.08450715825925861 0.09526950457562666 0.10603185089199473 0.11679419720836279 0.1275565435247492 0.13831888984111726 0.1490812361574853 0.15984358247385339 0.1706059287902214 0.18136827510658948 0.19213062142295756 0.20289296773932558 0.21123740239202665 0.21699703474103987 0.22275666709005307 0.22851629943906626 0.23427593178807948
0.0 0.0 0.0 0.0 0.0 0.0 0.0 0.0 0.0 0.0 0.0 0.0028585222885349816 0.008772869595386503 0.014687216902248109 0.02060156420909963 0.02651591151595115 0.03243025882280267 0.03834460612965419 0.04425895343650572 0.050173300743357234 0.05608764805020876 0.062001995357060274 0.06791634266391179 0.07097216768507252 0.07097216768507252 0.07097216768507252 0.07097216768507252 0.07097216768507252 0.07097216768507252 0.07097216768507252 0.07097216768507252 0.07097216768507252 0.07097216768507252 0.07097216768507252 0.07097216768507252 0.07562724048369944 0.08525869147320954 0.09489014246271965 0.10452159345222976 0.11415304444175631 0.1237844954312664 0.13341594642077653 0.14304739741028663 0.15267884839979673 0.16231029938930686 0.17194175037881695 0.18157320136832705 0.18904081215041366 0.19419522876705328 0.1993496453836929 0.20450406200033253 0.20965847861697212
0.0 0.0 0.0 0.0 0.0 0.0 0.0 0.0 0.0 0.0 0.0 0.002522883400755034 0.0077427862528692964 0.012962689104992462 0.018182591957106725 0.023402494809220988 0.02862239766133525 0.03384230051344951 0.03906220336556378 0.04428210621767804 0.049502009069792303 0.05472191192190656 0.05994181477402083 0.06263883422789028 0.06263883422789028 0.06263883422789028 0.06263883422789028 0.06263883422789028 0.06263883422789028 0.06263883422789028 0.06263883422789028 0.06263883422789028 0.06263883422789028 0.06263883422789028 0.06263883422789028 0.06674732270813269 0.07524787837078388 0.08374843403343508 0.09224898969608628 0.10074954535875197 0.10925010102140317 0.11775065668405438 0.12625121234670555 0.13475176800935676 0.14325232367200796 0.15175287933465914 0.16025343499731037 0.16684422190878176 0.17139342279304726 0.17594262367731278 0.1804918245615783 0.1850410254458438
0.0 0.0 0.0 0.0 0.0 0.0 0.0 0.0 0.0 0.0 0.0 0.0021872445129753723 0.006712702910352969 0.011238161307738284 0.015763619705115882 0.020289078102493478 0.024814536499871077 0.029339994897248672 0.03386545329462627 0.038390911692003864 0.04291637008938146 0.04744182848675906 0.05196728688413666 0.05430550077071515 0.05430550077071515 0.05430550077071515 0.05430550077071515 0.05430550077071515 0.05430550077071515 0.05430550077071515 0.05430550077071515 0.05430550077071515 0.05430550077071515 0.05430550077071515 0.05430550077071515 0.057867404932573516 0.06523706526836676 0.07260672560416001 0.07997638593995327 0.08734604627575908 0.09471570661155233 0.10208536694734557 0.10945502728313883 0.11682468761893208 0.12419434795472534 0.1315640082905186 0.13893366862631185 0.14464763166716876 0.1485916168190607 0.15253560197095262 0.15647958712284454 0.16042357227473647
0.0 0.0 0.0 0.0 0.0 0.0 0.0 0.0 0.0 0.0 0.0 0.0018516056251957104 0.005682619567836641 0.009513633510484105 0.013344647453125035 0.017175661395765967 0.0210066753384069 0.024837689281047827 0.02866870322368876 0.03249971716632969 0.03633073110897062 0.040161745051611554 0.043992758994252486 0.04597216731354002 0.04597216731354002 0.04597216731354002 0.04597216731354002 0.04597216731354002 0.04597216731354002 0.04597216731354002 0.04597216731354002 0.04597216731354002 0.04597216731354002 0.04597216731354002 0.04597216731354002 0.048987487157014335 0.05522625216594964 0.061465017174884944 0.06770378218382025 0.07394254719276619 0.0801813122017015 0.0864200772106368 0.0926588422195721 0.0988976072285074 0.10513637223744271 0.11137513724637801 0.11761390225531332 0.1224510414255558 0.12578981084507412 0.12912858026459245 0.13246734968411078 0.1358061191036291
0.0 0.0 0.0 0.0 0.0 0.0 0.0 0.0 0.0 0.0 0.0 0.0015159667374160487 0.004652536225320314 0.0077891057132299275 0.010925675201134192 0.014062244689038458 0.017198814176942724 0.02033538366484699 0.023471953152751253 0.026608522640655517 0.02974509212855978 0.032881661616464046 0.03601823110436831 0.03763883385636489 0.03763883385636489 0.03763883385636489 0.03763883385636489 0.03763883385636489 0.03763883385636489 0.03763883385636489 0.03763883385636489 0.03763883385636489 0.03763883385636489 0.03763883385636489 0.03763883385636489 0.04010756938145516 0.04521543906353252 0.05032330874560988 0.05543117842768723 0.0605390481097733 0.06564691779185067 0.07075478747392802 0.07586265715600538 0.08097052683808273 0.08607839652016008 0.09118626620223744 0.0962941358843148 0.1002544511839428 0.10298800487108756 0.1057215585582323 0.10845511224537704 0.11118866593252179
0.0 0.0 0.0 0.0 0.0 0.0 0.0 0.0 0.0 0.0 0.0 0.0011803278496363872 0.003622452882803986 0.00606457791597575 0.008506702949143349 0.010948827982310949 0.013390953015478548 0.015833078048646147 0.018275203081813747 0.020717328114981344 0.023159453148148944 0.02560157818131654 0.028043703214484142 0.029305500399189763 0.029305500399189763 0.029305500399189763 0.029305500399189763 0.029305500399189763 0.029305500399189763 0.029305500399189763 0.029305500399189763 0.029305500399189763 0.029305500399189763 0.029305500399189763 0.029305500399189763 0.031227651605895985 0.0352046259611154 0.0391816003163348 0.04315857467155422 0.04713554902678041 0.051112523381999814 0.05508949773721923 0.059066472092438635 0.06304344644765805 0.06702042080287746 0.07099739515809686 0.07497436951331628 0.07805786094232982 0.08018619889710098 0.08231453685187212 0.08444287480664328 0.08657121276141444
0.0 0.0 0.0 0.0 0.0 0.0 0.0 0.0 0.0 0.0 0.0 0.0008446889618567257 0.0025923695402876594 0.004340050118721573 0.006087730697152506 0.00783541127558344 0.009583091854014373 0.011330772432445306 0.013078453010876241 0.014826133589307174 0.016573814167738107 0.01832149474616904 0.020069175324599973 0.020972166942014633 0.020972166942014633 0.020972166942014633 0.020972166942014633 0.020972166942014633 0.020972166942014633 0.020972166942014633 0.020972166942014633 0.020972166942014633 0.020972166942014633 0.020972166942014633 0.020972166942014633 0.02234773383033681 0.025193812858698275 0.028039891887059736 0.030885970915421203 0.03373204994378752 0.03657812897214898 0.03942420800051044 0.04227028702887191 0.045116366057233376 0.04796244508559483 0.0508085241139563 0.053654603142317764 0.055861270700716836 0.057384392923114404 0.058907515145511964 0.06043063736790953 0.06195375959030709
0.0 0.0 0.0 0.0 0.0 0.0 0.0 0.0 0.0 0.0 0.0 0.0005090500740770641 0.0015622861977713318 0.0026155223214673956 0.0036687584451616634 0.004721994568855931 0.005775230692550199 0.006828466816244466 0.007881702939938734 0.008934939063633001 0.00998817518732727 0.011041411311021538 0.012094647434715805 0.012638833484839504 0.012638833484839504 0.012638833484839504 0.012638833484839504 0.012638833484839504 0.012638833484839504 0.012638833484839504 0.012638833484839504 0.012638833484839504 0.012638833484839504 0.012638833484839504 0.012638833484839504 0.013467816054777636 0.015182999756281151 0.01689818345778467 0.018613367159288186 0.020328550860794627 0.02204373456229814 0.023758918263801658 0.025474101965305175 0.027189285666808692 0.02890446936831221 0.030619653069815726 0.03233483677131924 0.033664680459103855 0.03458258694912783 0.035500493439151806 0.03641839992917578 0.03733630641919976
