Figures/CREST_Example_wjb_NSE/Rolling_result/20100722/BJP_forecast/ens_4/wjb.rain.20100722.asc
ncols            288
nrows            254
xllcorner        113.274861
yllcorner        31.4918055
cellsize         0.008333333333
NODATA_value     -9999
[rows 100 to 119 of 254, columns 135 to 179 of 288]
96.94055463801537 97.28398453022318 97.627414422431 97.97084431463881 98.31427420684662 98.65770409905443 99.00113399126224 99.34456388347006 99.68799377567845 100.03142366788626 100.37485356009407 100.71828345230189 101.97355641448678 104.20361024336356 106.43366407224033 108.66371790111712 110.8937717299939 113.12382555887068 115.35387938774747 117.58393321662425 119.81398704550102 122.04404087438161 124.27409470325838 126.50414853213516 127.09881333885285 125.94521028682846 124.79160723480405 123.63800418277965 122.48440113075526 121.33079807873085 120.17719502670646 119.02359197468206 117.86998892265765 116.71638587063326 115.56278281860689 114.4091797665825 113.80194400970878 113.77878725182342 113.75563049393804 113.73247373605268 113.70931697816731 113.68616022028195 113.66300346239657 113.6398467045112 113.61668994662584
98.26044858746165 98.38621821569168 98.51198784392172 98.63775747215175 98.76352710038178 98.88929672861181 99.01506635684184 99.14083598507187 99.26660561330212 99.39237524153215 99.51814486976218 99.64391449799221 100.82224381503524 103.12578324716073 105.4293226792862 107.73286211141169 110.03640154353718 112.33994097566267 114.64348040778816 116.94701983991364 119.25055927203913 121.55409870416854 123.85763813629403 126.16117756841952 126.74941685969837 125.50396149869273 124.2585061376871 123.01305077668147 121.76759541567583 120.52214005467019 119.27668469366455 118.03122933265891 116.78577397165327 115.54031861064763 114.29486324963986 113.04940788863422 112.40888413295554 112.41504594874453 112.42120776453353 112.42736958032253 112.43353139611155 112.43969321190055 112.44585502768955 112.45201684347855 112.45817865926756
99.58034253690795 99.4884519011602 99.39656126541244 99.3046706296647 99.21277999391695 99.12088935816921 99.02899872242145 98.9371080866737 98.8452174509258 98.75332681517804 98.6614361794303 98.56954554368255 99.67093121558369 102.04795625095788 104.42498128633207 106.80200632170627 109.17903135708046 111.55605639245465 113.93308142782885 116.31010646320304 118.68713149857723 121.06415653395547 123.44118156932967 125.81820660470386 126.4000203805439 125.06271271055702 123.72540504057015 122.38809737058327 121.0507897005964 119.71348203060951 118.37617436062263 117.03886669063576 115.70155902064887 114.364251350662 113.02694368067284 111.68963601068596 111.0158242562023 111.05130464566565 111.08678503512903 111.1222654245924 111.15774581405577 111.19322620351915 111.22870659298252 111.26418698244589 111.29966737190927
100.90023648635423 100.5906855866287 100.28113468690317 99.97158378717764 99.66203288745211 99.35248198772658 99.04293108800104 98.73338018827552 98.42382928854946 98.11427838882393 97.8047274890984 97.49517658937286 98.51961861613214 100.97012925475504 103.42063989337792 105.87115053200083 108.32166117062373 110.77217180924663 113.22268244786953 115.67319308649243 118.12370372511532 120.5742143637424 123.0247250023653 125.4752356409882 126.05062390138941 124.6214639224213 123.19230394345318 121.76314396448507 120.33398398551694 118.90482400654882 117.4756640275807 116.04650404861259 114.61734406964447 113.18818409067634 111.7590241117058 110.32986413273767 109.62276437944902 109.68756334258677 109.75236230572452 109.81716126886226 109.88196023200001 109.94675919513776 110.01155815827549 110.07635712141324 110.14115608455099
102.22013043580051 101.6929192720972 101.16570810839389 100.63849694469057 100.11128578098727 99.58407461728396 99.05686345358065 98.52965228987733 98.00244112617312 97.47522996246983 96.94801879876651 96.4208076350632 97.36830601668059 99.89230225855219 102.41629850042379 104.9402947422954 107.46429098416701 109.98828722603861 112.51228346791021 115.03627970978182 117.56027595165342 120.08427219352933 122.60826843540094 125.13226467727254 125.70122742223495 124.18021513428559 122.65920284633623 121.13819055838687 119.6171782704375 118.09616598248816 116.5751536945388 115.05414140658944 113.53312911864008 112.01211683069072 110.49110454273877 108.9700922547894 108.22970450269578 108.3238220395079 108.41793957632001 108.51205711313213 108.60617464994424 108.70029218675636 108.79440972356846 108.88852726038058 108.9826447971927
103.5400243852479 102.79515295756663 102.05028152988535 101.30541010220408 100.5605386745228 99.81566724684153 99.07079581916025 98.32592439147898 97.58105296379644 96.83618153611516 96.09131010843389 95.34643868075261 96.21699341722807 98.81447526234844 101.41195710746881 104.00943895258918 106.60692079770955 109.20440264282993 111.8018844879503 114.39936633307067 116.99684817819104 119.59433002331585 122.19181186843622 124.78929371355659 125.35183094308017 123.7389663461495 122.12610174921882 120.51323715228814 118.90037255535746 117.28750795842679 115.67464336149611 114.06177876456543 112.44891416763475 110.83604957070408 109.22318497377064 107.61032037683997 106.83664462594133 106.96008073642784 107.08351684691436 107.20695295740087 107.33038906788738 107.45382517837389 107.5772612888604 107.70069739934691 107.82413350983342
104.85991833469419 103.89738664303513 102.93485495137608 101.97232325971702 101.00979156805796 100.04725987639891 99.08472818473986 98.12219649308079 97.1596648014201 96.19713310976104 95.23460141810199 94.27206972644294 95.06568081777651 97.73664826614558 100.40761571451466 103.07858316288375 105.74955061125283 108.42051805962191 111.09148550799098 113.76245295636006 116.43342040472915 119.10438785310278 121.77535530147186 124.44632274984095 125.0024344639257 123.29771755801379 121.59300065210186 119.88828374618994 118.18356684027803 116.47884993436611 114.77413302845419 113.06941612254228 111.36469921663036 109.65998231071845 107.95526540480361 106.2505484988917 105.44358474918809 105.59633943334897 105.74909411750986 105.90184880167074 106.05460348583162 106.2073581699925 106.36011285415339 106.51286753831425 106.66562222247514
106.17981228414047 104.99962032850362 103.8194283728668 102.63923641722997 101.45904446159312 100.2788525059563 99.09866055031945 97.91846859468262 96.73827663904378 95.55808468340693 94.3778927277701 93.19770077213326 93.91436821832495 96.65882126994275 99.40327432156053 102.14772737317831 104.89218042479611 107.63663347641389 110.38108652803167 113.12553957964946 115.86999263126725 118.61444568288971 121.3588987345075 124.10335178612529 124.65303798477123 122.85646876987806 121.05989955498491 119.26333034009176 117.46676112519859 115.67019191030543 113.87362269541228 112.07705348051911 110.28048426562596 108.4839150507328 106.68734583583657 104.89077662094341 104.05052487243483 104.23259813027009 104.41467138810533 104.59674464594059 104.77881790377585 104.96089116161109 105.14296441944634 105.3250376772816 105.50711093511686
107.49970623358676 106.10185401397214 104.70400179435752 103.30614957474292 101.9082973551283 100.51044513551368 99.11259291589906 97.71474069628445 96.31688847666744 94.91903625705282 93.52118403743822 92.1233318178236 92.76305561887341 95.5809942737399 98.3989329286064 101.2168715834729 104.03481023833938 106.85274889320587 109.67068754807237 112.48862620293886 115.30656485780534 118.12450351267664 120.94244216754313 123.76038082240962 124.30364150561674 122.41521998174234 120.52679845786794 118.63837693399356 116.74995541011916 114.86153388624476 112.97311236237036 111.08469083849596 109.19626931462156 107.30784779074716 105.41942626686955 103.53100474299515 102.65746499568158 102.86885682719121 103.08024865870082 103.29164049021045 103.50303232172007 103.7144241532297 103.92581598473932 104.13720781624895 104.34859964775856
108.56508844572774 107.06122003234164 105.55735161895554 104.05348320556945 102.54961479218335 101.04574637879726 99.54187796541116 98.03800955202507 96.53414113863641 95.03027272525031 93.52640431186421 92.02253589847813 92.55882194827916 95.27607926527519 97.9933365822712 100.71059389926722 103.42785121626324 106.14510853325925 108.86236585025527 111.57962316725128 114.29688048424731 117.01413780124795 119.73139511824397 122.44865243523999 122.94033266757964 121.0528206517527 119.16530863592577 117.27779662009884 115.3902846042719 113.50277258844497 111.61526057261804 109.7277485567911 107.84023654096417 105.95272452513723 104.06521250930709 102.17770049348016 101.2997897673438 101.50116566010583 101.70254155286784 101.90391744562986 102.10529333839187 102.3066692311539 102.50804512391592 102.70942101667794 102.91079690943997
109.35841365629138 107.86786952162362 106.37732538695586 104.8867812522881 103.39623711762034 101.90569298295259 100.41514884828482 98.92460471361706 97.43406057894676 95.943516444279 94.45297230961124 92.96242817494348 93.36695594437897 95.797358443741 98.22776094310304 100.65816344246507 103.0885659418271 105.51896844118912 107.94937094055115 110.37977343991318 112.81017593927521 115.24057843864139 117.67098093800342 120.10138343736544 120.49321543964123 118.70576946612968 116.91832349261811 115.13087751910655 113.34343154559498 111.55598557208342 109.76853959857186 107.9810936250603 106.19364765154873 104.40620167803716 102.61875570452256 100.83130973101099 99.97993849734955 100.12925233741524 100.27856617748093 100.42788001754661 100.57719385761229 100.72650769767797 100.87582153774366 101.02513537780933 101.17444921787502
110.15173886685568 108.67451901090627 107.19729915495685 105.72007929900744 104.24285944305804 102.76563958710862 101.28841973115921 99.81119987520981 98.33398001925787 96.85676016330846 95.37954030735905 93.90232045140964 94.17508994047947 96.31863762220726 98.46218530393506 100.60573298566285 102.74928066739065 104.89282834911845 107.03637603084624 109.17992371257404 111.32347139430183 113.4670190760333 115.61056675776109 117.75411443948889 118.04609821170074 116.35871828050463 114.67133834930853 112.98395841811242 111.29657848691632 109.60919855572021 107.92181862452411 106.234438693328 104.5470587621319 102.85967883093579 101.1722988997368 99.4849189685407 98.6600872273542 98.7573390147235 98.8545908020928 98.9518425894621 99.0490943768314 99.14634616420071 99.24359795157001 99.34084973893931 99.4381015263086
110.9450640774193 109.48116850018823 108.01727292295716 106.55337734572609 105.089481768495 103.62558619126393 102.16169061403286 100.69779503680179 99.23389945956822 97.77000388233715 96.30610830510608 94.84221272787501 94.98322393657928 96.8399168006731 98.6966096647669 100.55330252886071 102.40999539295451 104.26668825704833 106.12338112114213 107.98007398523595 109.83676684932975 111.69345971342673 113.55015257752054 115.40684544161434 115.59898098376235 114.0116670948816 112.42435320600087 110.83703931712013 109.2497254282394 107.66241153935866 106.07509765047793 104.48778376159719 102.90046987271646 101.31315598383571 99.72584209495227 98.13852820607154 97.34023595735995 97.38542569203292 97.43061542670588 97.47580516137886 97.52099489605182 97.56618463072478 97.61137436539775 97.65656410007071 97.70175383474368
111.73838928798293 110.2878179894702 108.83724669095746 107.38667539244473 105.93610409393199 104.48553279541926 103.03496149690652 101.58439019839379 100.13381889987858 98.68324760136584 97.23267630285311 95.78210500434037 95.7913579326791 97.36119597913891 98.93103402559873 100.50087207205856 102.07071011851838 103.6405481649782 105.21038621143802 106.78022425789783 108.35006230435765 109.91990035082014 111.48973839727996 113.05957644373979 113.15186375582394 111.66461590925857 110.1773680626932 108.69012021612784 107.20287236956247 105.71562452299712 104.22837667643175 102.74112882986638 101.25388098330103 99.76663313673566 98.27938529016777 96.7921374436024 96.02038468736573 96.01351236934235 96.00664005131898 95.99976773329561 95.99289541527223 95.98602309724886 95.97915077922549 95.97227846120212 95.96540614317874
112.53171449854658 111.09446747875218 109.65722045895777 108.21997343916337 106.78272641936897 105.34547939957457 103.90823237978017 102.47098535998578 101.03373834018892 99.59649132039452 98.15924430060012 96.72199728080572 96.5994919287789 97.88247515760473 99.16545838643056 100.4484416152564 101.73142484408223 103.01440807290805 104.2973913017339 105.58037453055972 106.86335775938555 108.14634098821358 109.42932421703941 110.71230744586524 110.70474652788553 109.31756472363554 107.93038291938555 106.54320111513556 105.15601931088557 103.76883750663556 102.38165570238557 100.99447389813558 99.60729209388559 98.22011028963558 96.83292848538323 95.44574668113324 94.70053341737149 94.64159904665178 94.58266467593207 94.52373030521235 94.46479593449264 94.40586156377293 94.34692719305322 94.28799282233352 94.22905845161381
113.3250397091102 111.90111696803415 110.47719422695808 109.05327148588202 107.62934874480595 106.20542600372988 104.78150326265383 103.35758052157776 101.93365778049927 100.5097350394232 99.08581229834715 97.66188955727108 97.40762592487872 98.40375433607056 99.3998827472624 100.39601115845424 101.39213956964609 102.38826798083792 103.38439639202977 104.38052480322162 105.37665321441345 106.37278162560699 107.36891003679884 108.36503844799068 108.25762929994713 106.97051353801251 105.68339777607788 104.39628201414327 103.10916625220864 101.82205049027402 100.5349347283394 99.24781896640478 97.96070320447015 96.67358744253553 95.38647168059872 94.09935591866409 93.38068214737726 93.2696857239612 93.15868930054516 93.04769287712911 92.93669645371307 92.82570003029701 92.71470360688097 92.60370718346492 92.49271076004887
114.11836491967382 112.7077664573161 111.29716799495837 109.88656953260065 108.47597107024292 107.0653726078852 105.65477414552747 104.24417568316974 102.83357722080962 101.42297875845189 100.01238029609416 98.60178183373644 98.21575992097851 98.92503351453637 99.63430710809422 100.34358070165209 101.05285429520994 101.7621278887678 102.47140148232565 103.1806750758835 103.88994866944135 104.59922226300041 105.30849585655827 106.01776945011612 105.81051207200872 104.62346235238947 103.43641263277021 102.24936291315096 101.06231319353172 99.87526347391247 98.68821375429322 97.50116403467396 96.31411431505471 95.12706459543546 93.94001487581419 92.75296515619493 92.06083087738301 91.89777240127063 91.73471392515825 91.57165544904586 91.40859697293347 91.24553849682108 91.0824800207087 90.91942154459632 90.75636306848394
114.91169013023746 113.51441594659806 112.11714176295868 110.7198675793193 109.3225933956799 107.92531921204052 106.52804502840112 105.13077084476174 103.73349666111997 102.33622247748058 100.9389482938412 99.5416741102018 99.02389391707833 99.4463126930022 99.86873146892606 100.29115024484993 100.7135690207738 101.13598779669766 101.55840657262154 101.9808253485454 102.40324412446927 102.82566290039385 103.24808167631771 103.67050045224158 103.36339484407033 102.27641116676644 101.18942748946256 100.10244381215868 99.0154601348548 97.92847645755091 96.84149278024704 95.75450910294316 94.66752542563927 93.58054174833539 92.49355807102967 91.40657439372578 90.74097960738877 90.52585907858005 90.31073854977133 90.0956180209626 89.88049749215389 89.66537696334517 89.45025643453644 89.23513590572773 89.020015376919
115.70501534080178 114.32106543588073 112.93711553095969 111.55316562603865 110.16921572111761 108.78526581619657 107.40131591127553 106.01736600635448 104.63341610143108 103.24946619651004 101.865516291589 100.48156638666796 99.83202791317882 99.96759187146846 100.1031558297581 100.23871978804772 100.37428374633735 100.50984770462699 100.64541166291663 100.78097562120625 100.91653957949589 101.05210353778575 101.18766749607539 101.32323145436501 100.91627761612982 99.9293599811414 98.94244234615297 97.95552471116456 96.96860707617613 95.98168944118771 94.99477180619928 94.00785417121087 93.02093653622244 92.03401890123402 91.04710126624391 90.06018363125548 89.42112833739341 89.15394575588832 88.8867631743832 88.61958059287811 88.352398011373 88.0852154298679 87.81803284836279 87.5508502668577 87.28366768535258
116.4983405513654 115.12771492516269 113.75708929896 112.38646367275729 111.01583804655459 109.64521242035188 108.27458679414917 106.90396116794648 105.53333554174144 104.16270991553873 102.79208428933603 101.42145866313332 100.64016190927863 100.48887104993429 100.33758019058993 100.18628933124558 100.03499847190122 99.88370761255686 99.7324167532125 99.58112589386815 99.4298350345238 99.27854417517919 99.12725331583484 98.97596245649048 98.46916038819143 97.58230879551837 96.69545720284532 95.80860561017226 94.92175401749923 94.03490242482617 93.14805083215312 92.26119923948006 91.37434764680701 90.48749605413396 89.6006444614594 88.71379286878634 88.10127706739918 87.78203243319774 87.4627877989963 87.14354316479486 86.82429853059342 86.50505389639198 86.18580926219053 85.86656462798909 85.54731999378765
