Figures/CREST_Example_wjb_NSE/Rolling_result/20100722/BJP_forecast/ens_4/wjb.rain.20100723.asc
ncols            288
nrows            254
xllcorner        113.274861
yllcorner        31.4918055
cellsize         0.008333333333
NODATA_value     -9999
[rows 20 to 39 of 254, columns 44 to 87 of 288]
15.139632119699003 15.139632119699003 15.139632119699003 15.139632119699003 15.139632119699003 15.139632119699003 15.139632119699003 15.139632119699003 15.139632119699003 15.139632119699003 15.139632119699003 15.139632119699003 -9999.0 -9999.0 -9999.0 -9999.0 -9999.0 -9999.0 -9999.0 -9999.0 -9999.0 -9999.0 -9999.0 -9999.0 -9999.0 -9999.0 15.139632119699003 15.139632119699003 15.139632119699003 15.139632119699003 15.139632119699003 15.139632119699003 15.139632119699003 15.139632119699003 15.139632119699003 15.139632119699003 15.139632119699003 15.139632119699003 15.139632119699003 15.139632119699003 15.139632119699003 15.139632119699003 15.139632119699003 9.626792381581213
15.139632119699003 15.139632119699003 15.139632119699003 15.139632119699003 15.139632119699003 15.139632119699003 15.139632119699003 15.139632119699003 15.139632119699003 15.139632119699003 15.139632119699003 15.139632119699003 15.139632119699003 15.139632119699003 -9999.0 -9999.0 -9999.0 -9999.0 -9999.0 -9999.0 -9999.0 -9999.0 -9999.0 -9999.0 -9999.0 -9999.0 15.139632119699003 15.139632119699003 15.139632119699003 15.139632119699003 15.139632119699003 15.139632119699003 15.139632119699003 15.139632119699003 15.139632119699003 15.139632119699003 15.139632119699003 15.139632119699003 15.139632119699003 15.139632119699003 15.139632119699003 15.139632119699003 15.139632119699003 10.259140520896333
15.139632119699003 15.139632119699003 15.139632119699003 15.139632119699003 15.139632119699003 15.139632119699003 15.139632119699003 15.139632119699003 15.139632119699003 15.139632119699003 15.139632119699003 15.139632119699003 15.139632119699003 15.139632119699003 -9999.0 -9999.0 -9999.0 -9999.0 -9999.0 -9999.0 -9999.0 -9999.0 -9999.0 -9999.0 -9999.0 -9999.0 15.139632119699003 15.139632119699003 15.139632119699003 15.139632119699003 15.139632119699003 15.139632119699003 15.139632119699003 15.139632119699003 15.139632119699003 15.139632119699003 15.139632119699003 15.139632119699003 15.139632119699003 15.139632119699003 15.139632119699003 15.139632119699003 15.139632119699003 10.891488660211452
15.139632119699003 15.139632119699003 15.139632119699003 15.139632119699003 15.139632119699003 15.139632119699003 15.139632119699003 15.139632119699003 15.139632119699003 15.139632119699003 15.139632119699003 15.139632119699003 15.139632119699003 15.139632119699003 -9999.0 -9999.0 -9999.0 -9999.0 -9999.0 -9999.0 -9999.0 -9999.0 -9999.0 -9999.0 -9999.0 -9999.0 15.139632119699003 15.139632119699003 15.139632119699003 15.139632119699003 15.139632119699003 15.139632119699003 15.139632119699003 15.139632119699003 15.139632119699003 15.139632119699003 15.139632119699003 15.139632119699003 15.139632119699003 15.139632119699003 15.139632119699003 15.139632119699003 15.139632119699003 11.523836799526572
15.139632119699003 15.139632119699003 15.139632119699003 15.139632119699003 15.139632119699003 15.139632119699003 15.139632119699003 15.139632119699003 15.139632119699003 15.139632119699003 15.139632119699003 15.139632119699003 15.139632119699003 15.139632119699003 15.139632119699003 15.139632119699003 -9999.0 15.139632119699003 15.139632119699003 -9999.0 -9999.0 -9999.0 -9999.0 -9999.0 -9999.0 15.139632119699003 15.139632119699003 15.139632119699003 15.139632119699003 15.139632119699003 15.139632119699003 15.139632119699003 15.139632119699003 15.139632119699003 15.139632119699003 15.139632119699003 15.139632119699003 15.139632119699003 15.139632119699003 15.139632119699003 15.139632119699003 15.139632119699003 15.139632119699003 12.156184938841692
13.498236924790698 13.454379442706117 13.410521960621537 13.366664478536958 13.322806996452377 13.278949514367797 13.235092032283218 13.111447452429022 12.902508661673554 12.693569870918441 12.484631080163329 12.275692289408218 12.066753498653105 11.857814707897992 11.648875917142881 11.439937126387768 11.230998335632655 11.022059544877543 10.81312075412243 10.805557163285181 11.013268213149416 -9999.0 -9999.0 -9999.0 -9999.0 12.05182346247095 12.259534512335184 12.46724556219942 12.674956612063655 12.88266766192789 13.090378711792127 13.177102239168452 13.134487369891527 13.091872500614603 13.049257631337605 13.006642762060679 12.964027892783754 12.92141302350683 12.878798154229905 12.83618328495298 12.793568415676056 12.750953546399131 12.708338677122207 12.608854636560917
13.239255262092565 13.192860321582058 13.14646538107155 13.100070440561044 13.053675500050536 13.007280559540028 12.960885619029522 12.83935257569827 12.637495202144848 12.435637828591771 12.233780455038694 12.031923081485616 11.830065707932539 11.628208334379462 11.426350960826385 11.224493587273308 11.022636213720231 10.820778840167154 10.618921466614076 10.61427324005733 10.820446049457333 -9999.0 -9999.0 -9999.0 -9999.0 11.851310096457702 12.057482905857706 12.263655715257709 12.46982852465771 12.676001334057716 12.882174143457718 12.98746394461143 12.984907529330423 12.982351114049413 12.9797946987684 12.977238283487392 12.974681868206384 12.972125452925374 12.969569037644366 12.967012622363356 12.964456207082348 12.96189979180134 12.95934337652033 12.869459410561404
12.980273599394211 12.931341200457775 12.882408801521338 12.833476402584902 12.784544003648465 12.735611604712028 12.686679205775592 12.567257698967282 12.372481742615914 12.177705786264879 11.982929829913843 11.788153873562807 11.593377917211772 11.398601960860734 11.203826004509699 11.009050048158663 10.814274091807627 10.619498135456592 10.424722179105554 10.422989316829314 10.627623885765084 10.832258454701204 -9999.0 -9999.0 -9999.0 11.650796730444284 11.855431299380054 12.060065868315824 12.264700437251594 12.469335006187364 12.673969575123134 12.79782565005425 12.83532768876919 12.872829727484133 12.910331766199137 12.94783380491408 12.98533584362902 13.022837882343962 13.060339921058905 13.097841959773845 13.135343998488787 13.172846037203728 13.21034807591867 13.130064184562114
12.721291936696078 12.669822079333715 12.618352221971351 12.566882364608988 12.515412507246623 12.46394264988426 12.412472792521896 12.295162822236529 12.107468283087208 11.919773743938208 11.732079204789207 11.544384665640207 11.356690126491205 11.168995587342204 10.981301048193204 10.793606509044203 10.605911969895203 10.418217430746202 10.2305228915972 10.231705393601464 10.434801722073 10.637898050544885 10.840994379016424 11.04409070748796 11.247187035959499 11.450283364431037 11.653379692902575 11.856476021374112 12.05957234984565 12.262668678317189 12.465765006788725 12.608187355497229 12.685747848208086 12.763308340918945 12.840868833629933 12.918429326340792 12.99598981905165 13.073550311762506 13.151110804473364 13.22867129718422 13.30623178989508 13.383792282605937 13.461352775316794 13.390668958562602
12.462310273997945 12.408302958209655 12.354295642421365 12.300288326633073 12.246281010844783 12.192273695056492 12.1382663792682 12.023067945505776 11.842454823558501 11.661841701611536 11.48122857966457 11.300615457717605 11.12000233577064 10.939389213823674 10.758776091876708 10.578162969929743 10.397549847982777 10.216936726035811 10.036323604088846 10.040421470373612 10.241979558380917 10.443537646388567 10.645095734395873 10.846653822403178 11.048211910410485 11.24976999841779 11.451328086425097 11.652886174432401 11.854444262439708 12.056002350447013 12.25756043845432 12.418549060940208 12.536168007646982 12.653786954353755 12.77140590106073 12.889024847767503 13.006643794474277 13.12426274118105 13.241881687887824 13.359500634594598 13.477119581301372 13.594738528008145 13.712357474714919 13.651273732563087
12.203328611299812 12.146783837085595 12.090239062871376 12.033694288657157 11.97714951444294 11.920604740228722 11.864059966014503 11.750973068775021 11.577441364029795 11.403909659284864 11.230377954539934 11.056846249795003 10.883314545050073 10.709782840305142 10.536251135560212 10.36271943081528 10.189187726070351 10.01565602132542 9.84212431658049 9.849137547145759 10.049157394688832 10.249177242232248 10.449197089775321 10.649216937318394 10.849236784861468 11.049256632404543 11.249276479947616 11.44929632749069 11.649316175033764 11.849336022576837 12.04935587011991 12.228910766383189 12.386588167085877 12.544265567788567 12.701942968491526 12.859620369194216 13.017297769896905 13.174975170599595 13.332652571302285 13.490329972004973 13.648007372707664 13.805684773410352 13.963362174113042 13.911878506563575
11.94434694860168 11.885264715961535 11.82618248332139 11.767100250681244 11.708018018041098 11.648935785400955 11.58985355276081 11.478878192044267 11.312427904501089 11.145977616958193 10.979527329415298 10.813077041872402 10.646626754329507 10.480176466786611 10.313726179243716 10.14727589170082 9.980825604157925 9.814375316615031 9.647925029072136 9.657853623917907 9.856335230996748 10.05481683807593 10.25329844515477 10.451780052233612 10.650261659312454 10.848743266391295 11.047224873470137 11.245706480548979 11.44418808762782 11.642669694706662 11.841151301785503 12.039272471826168 12.237008326524773 12.43474418122338 12.632480035922322 12.830215890620927 13.027951745319534 13.225687600018139 13.423423454716744 13.62115930941535 13.818895164113956 14.01663101881256 14.214366873511167 14.17248328056406
11.685365285903545 11.623745594837473 11.5621259037714 11.500506212705329 11.438886521639256 11.377266830573184 11.315647139507112 11.206783315313512 11.04741444497238 10.88804557463152 10.72867670429066 10.5693078339498 10.40993896360894 10.25057009326808 10.09120122292722 9.93183235258636 9.772463482245499 9.61309461190464 9.45372574156378 9.466569700690053 9.663513067304663 9.860456433919609 10.057399800534219 10.254343167148829 10.451286533763438 10.648229900378048 10.845173266992658 11.042116633607268 11.239060000221876 11.436003366836486 11.632946733451096 11.849634177269147 12.087428485963668 12.325222794658192 12.563017103353118 12.80081141204764 13.038605720742162 13.276400029436683 13.514194338131205 13.751988646825726 13.989782955520248 14.22757726421477 14.46537157290929 14.433088054564548
11.426383623205194 11.362226473713193 11.29806932422119 11.233912174729188 11.169755025237187 11.105597875745184 11.041440726253184 10.934688438582526 10.782400985443449 10.630113532304629 10.47782607916581 10.325538626026992 10.173251172888172 10.020963719749354 9.868676266610535 9.716388813471715 9.564101360332897 9.411813907194077 9.259526454055258 9.275285777462038 9.470690903612415 9.666096029763125 9.861501155913501 10.056906282063878 10.252311408214254 10.44771653436463 10.643121660515007 10.838526786665383 11.033931912815758 11.229337038966134 11.42474216511651 11.659995882711966 11.937848645402438 12.21570140809291 12.493554170783856 12.771406933474328 13.0492596961648 13.327112458855272 13.604965221545744 13.882817984236215 14.160670746926687 14.43852350961716 14.716376272307631 14.693692828565258
11.16740196050706 11.100707352589131 11.034012744671202 10.967318136753272 10.900623528835343 10.833928920917415 10.767234312999486 10.662593561851772 10.51738752591474 10.372181489977956 10.226975454041174 10.08176941810439 9.936563382167606 9.791357346230821 9.646151310294037 9.500945274357255 9.35573923842047 9.210533202483687 9.065327166546904 9.084001854234188 9.277868739920331 9.471735625606806 9.665602511292951 9.859469396979094 10.053336282665239 10.247203168351383 10.441070054037528 10.634936939723671 10.828803825409816 11.022670711095959 11.216537596782103 11.470357588154945 11.788268804841334 12.106180021527722 12.424091238214652 12.742002454901039 13.059913671587427 13.377824888273816 13.695736104960204 14.01364732164659 14.33155853833298 14.649469755019368 14.967380971705754 14.954297602565745
10.908420297808927 10.839188231465071 10.769956165121215 10.700724098777359 10.631492032433503 10.562259966089647 10.49302789974579 10.390498685121019 10.252374066386034 10.114249447651286 9.976124828916538 9.83800021018179 9.69987559144704 9.561750972712291 9.423626353977543 9.285501735242795 9.147377116508046 9.009252497773298 8.87112787903855 8.892717931006336 9.085046576228248 9.277375221450487 9.4697038666724 9.662032511894312 9.854361157116223 10.046689802338136 10.239018447560047 10.43134709278196 10.623675738003872 10.816004383225785 11.008333028447696 11.280719293597926 11.63868896428023 11.996658634962534 12.354628305645448 12.712597976327752 13.070567647010055 13.42853731769236 13.786506988374663 14.144476659056966 14.502446329739271 14.860416000421575 15.218385671103878 15.214902376566231
10.649438635110796 10.577669110341011 10.505899585571228 10.434130060801445 10.362360536031662 10.290591011261878 10.218821486492095 10.118403808390266 9.987360606857328 9.856317405324614 9.725274203791901 9.594231002259187 9.463187800726473 9.33214459919376 9.201101397661047 9.070058196128333 8.93901499459562 8.807971793062906 8.676928591530192 8.701434007778483 8.892224412536162 9.083014817294169 9.273805222051848 9.464595626809528 9.655386031567208 9.846176436324889 10.036966841082569 10.227757245840248 10.41854765059793 10.60933805535561 10.800128460113289 11.091080999040905 11.489109123719125 11.887137248397345 12.285165373076243 12.683193497754463 13.081221622432684 13.479249747110904 13.877277871789124 14.275305996467344 14.673334121145563 15.071362245823783 15.469390370502003 15.475507150566719
10.442288649510228 10.369379001185811 10.296469352861394 10.223559704536976 10.150650056212559 10.077740407888141 10.004830759563724 9.908138749812665 9.786022858156294 9.66390696650013 9.541791074843967 9.419675183187804 9.297559291531641 9.175443399875478 9.053327508219315 8.931211616563152 8.809095724906989 8.686979833250826 8.564863941594663 8.592673881819016 8.780757925324771 8.968841968830848 9.156926012336603 9.34501005584236 9.533094099348116 9.721178142853871 9.909262186359628 10.097346229865384 10.285430273371139 10.473514316876896 10.661598360382651 10.954981414877889 11.360931492571021 11.766881570264152 12.172831647957977 12.578781725651108 12.984731803344241 13.390681881037374 13.796631958730504 14.202582036423635 14.608532114116768 15.0144821918099 15.420432269503031 15.432823095228324
10.290543458378464 10.217987349365123 10.14543124035178 10.072875131338439 10.000319022325096 9.927762913311753 9.855206804298412 9.763965868039813 9.65275042913267 9.541534990225715 9.43031955131876 9.319104112411804 9.207888673504849 9.096673234597894 8.98545779569094 8.874242356783984 8.76302691787703 8.651811478970075 8.54059604006312 8.572126491438855 8.7562555262288 8.940384561019062 9.124513595809008 9.308642630598955 9.4927716653889 9.676900700178848 9.861029734968794 10.045158769758741 10.229287804548687 10.413416839338634 10.59754587412858 10.876111336137214 11.255631473726938 11.635151611316662 12.014671748907032 12.394191886496756 12.773712024086478 13.153232161676202 13.532752299265926 13.912272436855648 14.291792574445372 14.671312712035096 15.050832849624818 15.065942405801229
10.138798267246699 10.066595697544432 9.994393127842166 9.9221905581399 9.849987988437633 9.777785418735366 9.705582849033098 9.619792986266964 9.519478000109045 9.419163013951298 9.318848027793551 9.218533041635805 9.118218055478058 9.017903069320312 8.917588083162565 8.817273097004819 8.716958110847072 8.616643124689325 8.516328138531579 8.551579101058696 8.731753127132833 8.911927153207277 9.092101179281412 9.27227520535555 9.452449231429686 9.632623257503823 9.812797283577959 9.992971309652095 10.173145335726232 10.353319361800368 10.533493387874506 10.79724125739654 11.150331454882854 11.50342165236917 11.856511849856085 12.2096020473424 12.562692244828716 12.915782442315031 13.268872639801344 13.62196283728766 13.975053034773975 14.32814323226029 14.681233429746605 14.69906171637413
