Figures/CREST_Example_wjb_NSE/Rolling_result/20100722/BJP_forecast/ens_4/wjb.rain.20100726.asc
ncols            288
nrows            254
xllcorner        113.274861
yllcorner        31.4918055
cellsize         0.008333333333
NODATA_value     -9999
[rows 160 to 179 of 254, columns 135 to 179 of 288]
22.887310420968603 21.78733039747991 20.687350373991215 19.58737035050252 18.487390327013827 17.387410303525133 16.28743028003644 15.187450256547747 14.087470233057177 12.987490209568483 11.88751018607979 10.787530162591096 10.299904825314913 10.466900498388759 10.633896171462604 10.800891844536448 10.967887517610293 11.134883190684139 11.301878863757985 11.468874536831828 11.635870209905674 11.802865882979804 11.96986155605365 12.136857229127495 12.168343673059752 12.054967685692098 11.941591698324444 11.82821571095679 11.714839723589137 11.601463736221483 11.488087748853829 11.374711761486173 11.26133577411852 11.147959786750866 11.034583799383018 10.921207812015364 10.79774986886635 10.663514086902882 10.529278304939416 10.395042522975947 10.26080674101248 10.126570959049014 9.992335177085545 9.858099395122078 9.723863613158612
22.260324927289826 21.218380422357612 20.1764359174254 19.134491412493187 18.092546907560973 17.050602402628762 16.008657897696548 14.966713392764337 13.924768887830346 12.882824382898134 11.840879877965921 10.798935373033709 10.330663126313317 10.475659499456281 10.620655872599244 10.765652245742208 10.91064861888517 11.055644992028135 11.200641365171098 11.345637738314062 11.490634111457025 11.635630484600236 11.7806268577432 11.925623230886163 11.954046085138932 11.857849210694289 11.761652336249645 11.665455461805001 11.569258587360357 11.473061712915714 11.37686483847107 11.280667964026426 11.184471089581782 11.088274215137139 10.992077340692331 10.895880466247688 10.787155530365373 10.665037813383744 10.542920096402113 10.420802379420483 10.298684662438852 10.176566945457223 10.054449228475592 9.932331511493961 9.81021379451233
21.63333943361105 20.649430447235314 19.665521460859583 18.681612474483853 17.697703488108118 16.713794501732387 15.729885515356656 14.745976528980924 13.762067542603514 12.778158556227782 11.79424956985205 10.810340583476318 10.361421427311718 10.4844185005238 10.607415573735883 10.730412646947965 10.853409720160048 10.97640679337213 11.099403866584213 11.222400939796294 11.345398013008378 11.46839508622067 11.591392159432752 11.714389232644836 11.739748497218113 11.660730735696479 11.581712974174845 11.502695212653213 11.42367745113158 11.344659689609946 11.265641928088312 11.186624166566679 11.107606405045045 11.028588643523412 10.949570882001645 10.870553120480011 10.776561191864399 10.666561539864604 10.556561887864811 10.446562235865018 10.336562583865224 10.22656293186543 10.116563279865638 10.006563627865843 9.89656397586605
21.006353939931735 20.080480472112534 19.154607004293332 18.22873353647413 17.30286006865493 16.37698660083573 15.451113133016527 14.525239665197326 13.599366197376543 12.673492729557342 11.74761926173814 10.82174579391894 10.392179728310147 10.493177501591328 10.59417527487251 10.695173048153693 10.796170821434876 10.897168594716058 10.998166367997241 11.099164141278422 11.200161914559605 11.30115968784096 11.402157461122142 11.503155234403325 11.52545090929711 11.4636122606985 11.401773612099893 11.339934963501284 11.278096314902676 11.216257666304067 11.15441901770546 11.092580369106852 11.030741720508242 10.968903071909635 10.90706442331092 10.845225774712311 10.765966853363414 10.668085266345468 10.570203679327522 10.472322092309575 10.374440505291629 10.276558918273683 10.178677331255736 10.08079574423779 9.982914157219843
20.379368446252958 19.51153049699024 18.643692547727518 17.775854598464797 16.908016649202075 16.040178699939354 15.172340750676634 14.304502801413914 13.436664852149713 12.568826902886991 11.700988953624272 10.83315100436155 10.422938029308549 10.50193650265885 10.580934976009152 10.659933449359453 10.738931922709753 10.817930396060055 10.896928869410356 10.975927342760656 11.054925816110957 11.133924289461394 11.212922762811694 11.291921236161995 11.31115332137629 11.266493785700693 11.221834250025095 11.177174714349496 11.132515178673899 11.087855642998301 11.043196107322702 10.998536571647104 10.953877035971507 10.909217500295908 10.864557964620234 10.819898428944636 10.75537251486244 10.66960899282633 10.583845470790221 10.49808194875411 10.412318426718002 10.326554904681892 10.240791382645783 10.155027860609673 10.069264338573564
19.75238295257418 18.942580521867942 18.1327780911617 17.322975660455462 16.51317322974922 15.703370799042982 14.89356836833674 14.083765937630503 13.27396350692288 12.46416107621664 11.654358645510401 10.844556214804161 10.45369633030695 10.510695503726371 10.567694677145791 10.62469385056521 10.68169302398463 10.738692197404049 10.79569137082347 10.85269054424289 10.909689717662308 10.966688891081825 11.023688064501245 11.080687237920666 11.09685573345547 11.069375310702883 11.041894887950296 11.014414465197707 10.98693404244512 10.959453619692532 10.931973196939945 10.904492774187357 10.87701235143477 10.84953192868218 10.822051505929547 10.79457108317696 10.744778176361464 10.671132719307192 10.597487262252919 10.523841805198646 10.450196348144374 10.376550891090101 10.302905434035829 10.229259976981556 10.155614519927283
19.125397458895403 18.373630546745645 17.621863634595886 16.870096722446128 16.118329810296366 15.366562898146608 14.61479598599685 13.863029073847091 13.111262161696049 12.359495249546288 11.60772833739653 10.855961425246772 10.484454631305352 10.519454504793892 10.55445437828243 10.589454251770968 10.624454125259506 10.659453998748045 10.694453872236585 10.729453745725122 10.764453619213661 10.79945349270226 10.834453366190797 10.869453239679336 10.882558145534652 10.872256835705073 10.861955525875496 10.851654216045919 10.841352906216342 10.831051596386764 10.820750286557187 10.81044897672761 10.800147666898033 10.789846357068456 10.77954504723886 10.769243737409282 10.734183837860488 10.672656445788054 10.611129053715617 10.549601661643182 10.488074269570745 10.42654687749831 10.365019485425874 10.303492093353437 10.241964701281002
18.498411965216626 17.804680571623347 17.11094917803007 16.417217784436794 15.723486390843513 15.029754997250235 14.336023603656958 13.64229221006368 12.948560816469218 12.25482942287594 11.561098029282661 10.867366635689383 10.515212932303754 10.528213505861412 10.541214079419069 10.554214652976725 10.567215226534383 10.58021580009204 10.593216373649698 10.606216947207354 10.619217520765012 10.632218094322692 10.645218667880348 10.658219241438006 10.66826055761383 10.675138360707264 10.682016163800697 10.68889396689413 10.695771769987562 10.702649573080995 10.709527376174428 10.716405179267861 10.723282982361296 10.730160785454729 10.737038588548172 10.743916391641605 10.723589499359512 10.674180172268914 10.624770845178315 10.575361518087716 10.525952190997117 10.476542863906518 10.42713353681592 10.37772420972532 10.328314882634722
17.871426471537852 17.235730596501057 16.600034721464258 15.96433884642746 15.328642971390662 14.692947096353866 14.057251221317067 13.421555346280268 12.785859471242388 12.15016359620559 11.514467721168792 10.878771846131993 10.545971233302158 10.536972506928933 10.52797378055571 10.518975054182485 10.50997632780926 10.500977601436038 10.491978875062813 10.482980148689588 10.473981422316365 10.464982695943124 10.455983969569902 10.446985243196677 10.453962969693013 10.478019885709456 10.502076801725899 10.526133717742342 10.550190633758785 10.574247549775228 10.59830446579167 10.622361381808116 10.646418297824559 10.670475213841002 10.694532129857485 10.718589045873928 10.712995160858538 10.675703898749775 10.638412636641014 10.601121374532251 10.56383011242349 10.526538850314727 10.489247588205966 10.451956326097203 10.414665063988442
17.49700801563363 16.902434700036604 16.30786138443958 15.713288068842555 15.118714753245532 14.524141437648508 13.929568122051483 13.334994806454459 12.74042149085642 12.145848175259395 11.55127485966237 10.956701544065346 10.640594561742558 10.622174388291821 10.603754214841082 10.585334041390343 10.566913867939606 10.548493694488867 10.53007352103813 10.51165334758739 10.493233174136652 10.474813000685883 10.456392827235144 10.437972653784406 10.43216190780482 10.43983092502913 10.447499942253438 10.455168959477747 10.462837976702057 10.470506993926366 10.478176011150675 10.485845028374984 10.493514045599293 10.501183062823602 10.508852080047923 10.516521097272232 10.51208039504172 10.49469412875571 10.477307862469699 10.459921596183689 10.442535329897678 10.425149063611666 10.407762797325656 10.390376531039646 10.372990264753636
17.392567802706107 16.821038159350845 16.249508515995583 15.677978872640319 15.106449229285056 14.534919585929796 13.963389942574533 13.391860299219271 12.820330655863033 12.248801012507771 11.677271369152509 11.105741725797246 10.8034855788268 10.789088890161764 10.77469220149673 10.760295512831695 10.745898824166659 10.731502135501625 10.71710544683659 10.702708758171553 10.688312069506518 10.673915380841459 10.659518692176423 10.645122003511387 10.61612749834834 10.57152759713243 10.526927695916521 10.482327794700613 10.437727893484704 10.393127992268795 10.348528091052886 10.303928189836977 10.259328288621068 10.21472838740516 10.170128486189174 10.125528584973265 10.107725089152236 10.118567556913655 10.129410024675074 10.140252492436494 10.151094960197913 10.161937427959334 10.172779895720753 10.183622363482172 10.194464831243591
17.288127589778668 16.73964161866515 16.19115564755163 15.64266967643811 15.09418370532459 14.545697734211071 13.997211763097551 13.448725791984032 12.900239820869576 12.351753849756058 11.803267878642536 11.254781907529019 10.966376595910903 10.956003392031567 10.945630188152231 10.935256984272897 10.92488378039356 10.914510576514225 10.904137372634889 10.893764168755553 10.883390964876218 10.873017760996865 10.862644557117529 10.852271353238192 10.800093088891701 10.70322426923562 10.606355449579537 10.509486629923455 10.412617810267372 10.31574899061129 10.218880170955208 10.122011351299125 10.025142531643043 9.92827371198696 9.831404892330713 9.734536072674631 9.703369783263097 9.742440985071921 9.781512186880747 9.820583388689572 9.859654590498398 9.898725792307223 9.937796994116047 9.976868195924872 10.015939397733698
17.183687376851232 16.658245077979455 16.132802779107678 15.6073604802359 15.081918181364124 14.556475882492347 14.03103358362057 13.505591284748792 12.98014898587612 12.454706687004343 11.929264388132566 11.403822089260789 11.129267612995005 11.122917893901368 11.116568174807732 11.110218455714097 11.103868736620461 11.097519017526825 11.091169298433188 11.084819579339552 11.078469860245916 11.07212014115227 11.065770422058634 11.059420702964998 10.984058679435062 10.834920941338808 10.685783203242552 10.536645465146297 10.38750772705004 10.238369988953785 10.08923225085753 9.940094512761274 9.79095677466502 9.641819036568764 9.492681298472254 9.343543560375998 9.299014477373959 9.366314413230189 9.43361434908642 9.50091428494265 9.568214220798883 9.635514156655113 9.702814092511344 9.770114028367574 9.837413964223806
17.079247163923796 16.57684853729376 16.074449910663727 15.572051284033693 15.069652657403658 14.567254030773624 14.06485540414359 13.562456777513555 13.060058150882664 12.55765952425263 12.055260897622595 11.552862270992563 11.292158630079108 11.289832395771171 11.287506161463234 11.2851799271553 11.282853692847363 11.280527458539426 11.27820122423149 11.275874989923553 11.273548755615616 11.271222521307676 11.26889628699974 11.266570052691804 11.168024269978426 10.966617613441997 10.765210956905568 10.563804300369139 10.36239764383271 10.16099098729628 9.959584330759853 9.758177674223424 9.556771017686994 9.355364361150565 9.153957704613791 8.952551048077364 8.894659171484818 8.990187841388456 9.085716511292093 9.18124518119573 9.276773851099367 9.372302521003004 9.46783119090664 9.563359860810277 9.658888530713915
16.97480695099636 16.495451996608068 16.016097042219776 15.536742087831485 15.057387133443193 14.578032179054901 14.09867722466661 13.619322270278317 13.139967315889209 12.660612361500917 12.181257407112625 11.701902452724333 11.45504964716321 11.456746897640974 11.458444148118737 11.4601413985965 11.461838649074263 11.463535899552026 11.465233150029789 11.466930400507552 11.468627650985315 11.470324901463082 11.472022151940845 11.473719402418608 11.351989860521789 11.098314285545186 10.844638710568583 10.59096313559198 10.33728756061538 10.083611985638777 9.829936410662174 9.576260835685572 9.32258526070897 9.068909685732368 8.815234110755332 8.56155853577873 8.490303865595681 8.614061269546724 8.737818673497767 8.86157607744881 8.98533348139985 9.109090885350893 9.232848289301936 9.356605693252979 9.480363097204021
16.870366738068924 16.414055455922373 15.957744173775826 15.501432891629277 15.045121609482727 14.588810327336178 14.132499045189629 13.676187763043078 13.219876480895753 12.763565198749202 12.307253916602654 11.850942634456104 11.617940664247312 11.623661399510775 11.629382134774238 11.6351028700377 11.640823605301163 11.646544340564626 11.652265075828089 11.657985811091551 11.663706546355014 11.669427281618487 11.67514801688195 11.680868752145413 11.53595545106515 11.230010957648373 10.924066464231599 10.618121970814823 10.312177477398047 10.00623298398127 9.700288490564496 9.39434399714772 9.088399503730944 8.78245501031417 8.476510516896871 8.170566023480095 8.08594855970654 8.23793469770499 8.389920835703437 8.541906973701886 8.693893111700335 8.845879249698783 8.997865387697232 9.14985152569568 9.30183766369413
16.7659265251414 16.332658915236614 15.899391305331825 15.46612369542704 15.032856085522251 14.599588475617464 14.166320865712677 13.73305325580789 13.299785645902364 12.866518035997577 12.43325042609279 11.999982816188004 11.780831681331554 11.79057590138072 11.800320121429886 11.810064341479052 11.819808561528218 11.829552781577384 11.83929700162655 11.849041221675716 11.85878544172488 11.868529661774064 11.87827388182323 11.888018101872396 11.71992104160867 11.361707629751676 11.003494217894682 10.645280806037688 10.287067394180694 9.928853982323702 9.570640570466708 9.212427158609714 8.85421374675272 8.496000334895726 8.137786923038123 7.779573511181129 7.6815932538170575 7.861808125862936 8.042022997908814 8.222237869954693 8.402452742000571 8.58266761404645 8.762882486092327 8.943097358138207 9.123312230184084
16.661486312213963 16.25126237455092 15.841038436887874 15.43081449922483 15.020590561561786 14.610366623898742 14.200142686235697 13.789918748572653 13.379694810908909 12.969470873245864 12.55924693558282 12.149022997919776 11.943722698415657 11.957490403250523 11.971258108085388 11.985025812920254 11.998793517755118 12.012561222589984 12.02632892742485 12.040096632259715 12.05386433709458 12.06763204192947 12.081399746764333 12.095167451599199 11.90388663215203 11.493404301854863 11.082921971557697 10.67243964126053 10.261957310963362 9.851474980666197 9.44099265036903 9.030510320071862 8.620027989774695 8.209545659477527 7.799063329179661 7.388580998882494 7.277237947927918 7.485681554021202 7.694125160114486 7.902568766207771 8.111012372301055 8.31945597839434 8.527899584487622 8.736343190580907 8.944786796674192
16.557046099286527 16.169865833865224 15.782685568443924 15.39550530302262 15.00832503760132 14.621144772180019 14.233964506758717 13.846784241337415 13.459603975915453 13.072423710494151 12.68524344507285 12.298063179651548 12.10661371549976 12.124404905120326 12.14219609474089 12.159987284361454 12.17777847398202 12.195569663602585 12.213360853223149 12.231152042843714 12.24894323246428 12.266734422084875 12.284525611705439 12.302316801326004 12.087852222695393 11.625100973958052 11.162349725220711 10.699598476483372 10.236847227746031 9.774095979008692 9.311344730271351 8.84859348153401 8.38584223279667 7.923090984059329 7.4603397353212 6.99758848658386 6.872882642038778 7.109554982179469 7.346227322320159 7.582899662460849 7.819572002601539 8.056244342742229 8.29291668288292 8.529589023023611 8.7662613631643
16.452605886359088 16.08846929317953 15.724332699999971 15.360196106820412 14.996059513640853 14.631922920461294 14.267786327281735 13.903649734102176 13.539513140921995 13.175376547742436 12.811239954562877 12.44710336138332 12.269504732583862 12.291319406990127 12.313134081396392 12.334948755802655 12.35676343020892 12.378578104615185 12.40039277902145 12.422207453427715 12.444022127833978 12.46583680224028 12.487651476646546 12.509466151052811 12.271817813238755 11.756797646061242 11.241777478883728 10.726757311706214 10.211737144528701 9.696716977351187 9.181696810173673 8.666676642996158 8.151656475818646 7.6366363086411315 7.12161614146274 6.606595974285226 6.46852733614964 6.733428410337735 6.998329484525832 7.263230558713928 7.528131632902024 7.79303270709012 8.057933781278216 8.322834855466311 8.587735929654407
