Figures/CREST_Example_wjb_NSE/Rolling_result/20100722/BJP_forecast/ens_4/wjb.rain.20100212.asc
ncols            288
nrows            254
xllcorner        113.274861
yllcorner        31.4918055
cellsize         0.008333333333
NODATA_value     -9999
[rows 80 to 99 of 254, columns 180 to 224 of 288]
4.27384245490008 4.27384245490008 4.27384245490008 4.342730852295935 4.485262505112112 4.627794157928288 4.770325810744464 4.91285746356064 5.055389116376817 5.197920769192994 5.34045242200917 5.482984074825346 5.625515727641523 5.768047380457699 5.9105790332738755 6.016443859461947 6.083111018319418 6.14977817717689 6.216445336034361 6.283112494891832 6.349779653749304 6.416446812606775 6.483113971464247 6.549781130321718 6.61644828917919 6.683115448036661 -9999.0 -9999.0 -9999.0 -9999.0 -9999.0 -9999.0 -9999.0 -9999.0 -9999.0 -9999.0 -9999.0 -9999.0 -9999.0 -9999.0 -9999.0 -9999.0 -9999.0 -9999.0 -9999.0
4.44145958234788 4.44145958234788 4.44145958234788 4.507330880779614 4.643620087576978 4.779909294374342 4.9161985011717055 5.052487707969069 5.188776914766433 5.325066121563798 5.4613553283611616 5.597644535158525 5.733933741955889 5.870222948753253 6.006512155550617 6.111023046798178 6.181562199670789 6.2521013525434 6.322640505416011 6.393179658288623 6.463718811161233 6.534257964033845 6.604797116906456 6.675336269779066 6.745875422651678 6.816414575524289 -9999.0 -9999.0 -9999.0 -9999.0 -9999.0 -9999.0 -9999.0 -9999.0 -9999.0 -9999.0 -9999.0 -9999.0 -9999.0 -9999.0 -9999.0 -9999.0 -9999.0 -9999.0 -9999.0
4.609076709795681 4.609076709795681 4.609076709795681 4.671930909263294 4.801977670041845 4.932024430820396 5.062071191598948 5.192117952377499 5.3221647131560506 5.452211473934601 5.582258234713152 5.712304995491704 5.842351756270255 5.9723985170488065 6.102445277827358 6.205602234134409 6.280013381022159 6.35442452790991 6.428835674797661 6.503246821685412 6.577657968573162 6.652069115460913 6.726480262348664 6.8008914092364146 6.875302556124166 -9999.0 -9999.0 -9999.0 -9999.0 -9999.0 -9999.0 -9999.0 -9999.0 -9999.0 -9999.0 -9999.0 -9999.0 -9999.0 -9999.0 -9999.0 -9999.0 -9999.0 -9999.0 -9999.0 -9999.0
4.776693837243481 4.776693837243481 4.776693837243481 4.836530937746972 4.960335252506711 5.08413956726645 5.207943882026188 5.331748196785927 5.455552511545666 5.579356826305405 5.703161141065143 5.826965455824882 5.950769770584621 6.074574085344359 6.198378400104098 6.300181421470639 6.37846456237353 6.45674770327642 6.53503084417931 6.613313985082201 6.6915971259850915 6.769880266887982 6.848163407790873 6.926446548693763 7.004729689596653 -9999.0 -9999.0 -9999.0 -9999.0 -9999.0 -9999.0 -9999.0 -9999.0 -9999.0 -9999.0 -9999.0 -9999.0 -9999.0 -9999.0 -9999.0 -9999.0 -9999.0 -9999.0 -9999.0 -9999.0
4.944310964691281 4.944310964691281 4.944310964691281 5.001130966230652 5.118692834971578 5.236254703712505 5.353816572453431 5.471378441194357 5.588940309935283 5.706502178676209 5.824064047417135 5.941625916158062 6.059187784898988 6.176749653639914 6.2943115223808395 6.3947606088068705 6.476915743724901 6.559070878642931 6.641226013560961 6.723381148478991 6.805536283397021 6.887691418315051 6.969846553233081 7.052001688151111 7.134156823069141 -9999.0 -9999.0 -9999.0 -9999.0 -9999.0 -9999.0 -9999.0 -9999.0 -9999.0 -9999.0 -9999.0 -9999.0 -9999.0 -9999.0 -9999.0 -9999.0 -9999.0 -9999.0 -9999.0 -9999.0
5.063888950875755 5.063888950875755 5.063888950875755 5.117219150450489 5.227560539969599 5.3379019294887105 5.448243319007821 5.558584708526932 5.668926098046042 5.7792674875651535 5.889608877084264 5.999950266603375 6.110291656122485 6.220633045641597 6.330974435160707 6.426811941341727 6.507144468052843 6.587476994763959 6.667809521475076 6.748142048186192 6.8284745748973075 6.908807101608424 6.98913962831954 7.069472155030656 7.149804681741773 7.230137208452889 -9999.0 -9999.0 7.351975945730361 7.351975945730361 -9999.0 -9999.0 -9999.0 -9999.0 -9999.0 -9999.0 -9999.0 -9999.0 -9999.0 -9999.0 -9999.0 -9999.0 -9999.0 -9999.0 -9999.0
5.132116123857448 5.132116123857448 5.132116123857448 5.181451231763332 5.283526686230403 5.385602140697475 5.487677595164546 5.589753049631618 5.691828504098689 5.79390395856576 5.895979413032832 5.998054867499903 6.100130321966974 6.202205776434046 6.304281230901117 6.3920249393970945 6.46444768716349 6.536870434929886 6.609293182696282 6.681715930462678 6.754138678229074 6.82656142599547 6.898984173761866 6.971406921528261 7.043829669294657 7.116252417061053 7.1886751648274485 7.226094550743143 7.226094550743143 7.226094550743143 7.226094550743143 -9999.0 -9999.0 -9999.0 -9999.0 -9999.0 -9999.0 -9999.0 -9999.0 -9999.0 -9999.0 -9999.0 -9999.0 -9999.0 -9999.0
5.20034329683914 5.20034329683914 5.20034329683914 5.245683313076175 5.3394928324912065 5.433302351906239 5.527111871321271 5.620921390736303 5.714730910151335 5.808540429566367 5.902349948981398 5.9961594683964305 6.089968987811463 6.183778507226495 6.277588026641526 6.357237937452462 6.421750906274137 6.486263875095813 6.550776843917488 6.615289812739164 6.679802781560839 6.744315750382514 6.80882871920419 6.873341688025865 6.9378546568475405 7.002367625669216 7.0668805944908915 7.100213155755925 7.100213155755925 7.100213155755925 7.100213155755925 -9999.0 -9999.0 -9999.0 -9999.0 -9999.0 -9999.0 -9999.0 -9999.0 -9999.0 -9999.0 -9999.0 -9999.0 -9999.0 -9999.0
5.2685704698208315 5.2685704698208315 5.2685704698208315 5.309915394389018 5.39545897875201 5.481002563115003 5.566546147477995 5.652089731840988 5.737633316203981 5.823176900566973 5.908720484929966 5.994264069292958 6.079807653655951 6.165351238018944 6.2508948223819365 6.322450935507829 6.379054125384784 6.435657315261739 6.492260505138694 6.548863695015649 6.605466884892604 6.662070074769559 6.718673264646514 6.775276454523469 6.831879644400424 6.888482834277379 6.9450860241543335 6.974331760768706 6.974331760768706 6.974331760768706 6.974331760768706 -9999.0 -9999.0 -9999.0 -9999.0 -9999.0 -9999.0 -9999.0 -9999.0 -9999.0 -9999.0 -9999.0 -9999.0 -9999.0 -9999.0
5.336797642802524 5.336797642802524 5.336797642802524 5.374147475701861 5.451425125012814 5.528702774323767 5.605980423634721 5.683258072945674 5.760535722256627 5.83781337156758 5.915091020878534 5.992368670189487 6.06964631950044 6.146923968811393 6.224201618122347 6.287663933563198 6.336357344495432 6.385050755427667 6.433744166359901 6.482437577292135 6.53113098822437 6.579824399156604 6.628517810088839 6.677211221021073 6.725904631953307 6.774598042885542 6.8232914538177765 6.8484503657814875 6.8484503657814875 6.8484503657814875 6.8484503657814875 6.8484503657814875 -9999.0 -9999.0 -9999.0 -9999.0 -9999.0 -9999.0 -9999.0 -9999.0 -9999.0 -9999.0 -9999.0 -9999.0 -9999.0
5.405024815784216 5.405024815784216 5.405024815784216 5.438379557014704 5.507391271273617 5.576402985532531 5.645414699791445 5.714426414050359 5.783438128309273 5.852449842568187 5.921461556827101 5.990473271086015 6.059484985344929 6.128496699603842 6.197508413862756 6.252876931618565 6.293660563606078 6.334444195593592 6.3752278275811065 6.416011459568621 6.456795091556135 6.497578723543649 6.538362355531163 6.579145987518677 6.619929619506191 6.660713251493705 6.701496883481219 6.722568970794269 6.722568970794269 6.722568970794269 6.722568970794269 6.722568970794269 -9999.0 -9999.0 -9999.0 -9999.0 -9999.0 -9999.0 -9999.0 -9999.0 -9999.0 -9999.0 -9999.0 -9999.0 -9999.0
5.473251988765909 5.473251988765909 5.473251988765909 5.502611638327546 5.563357417534421 5.624103196741296 5.68484897594817 5.745594755155045 5.806340534361919 5.867086313568794 5.9278320927756685 5.988577871982542 6.049323651189417 6.110069430396292 6.170815209603166 6.2180899296739325 6.250963782716726 6.28383763575952 6.316711488802313 6.349585341845107 6.3824591948879 6.415333047930694 6.448206900973488 6.481080754016281 6.513954607059075 6.546828460101868 6.5797023131446615 6.59668757580705 6.59668757580705 6.59668757580705 -9999.0 -9999.0 -9999.0 -9999.0 -9999.0 -9999.0 6.59668757580705 -9999.0 6.59668757580705 -9999.0 -9999.0 -9999.0 -9999.0 -9999.0 -9999.0
5.541479161747659 5.541479161747659 5.541479161747659 5.5668437196404446 5.619323563795272 5.6718034079501 5.724283252104929 5.7767630962597565 5.829242940414584 5.881722784569413 5.934202628724241 5.986682472879069 6.039162317033897 6.091642161188725 6.1441220053435535 6.183302927729271 6.208267001827337 6.233231075925404 6.25819515002347 6.283159224121536 6.308123298219603 6.333087372317669 6.358051446415736 6.383015520513802 6.407979594611868 6.432943668709935 6.457907742808001 6.470806180819725 6.470806180819725 6.470806180819725 -9999.0 -9999.0 -9999.0 -9999.0 -9999.0 6.470806180819725 6.470806180819725 6.470806180819725 6.470806180819725 -9999.0 -9999.0 -9999.0 -9999.0 -9999.0 -9999.0
5.609706334729351 5.609706334729351 5.609706334729351 5.631075800953288 5.675289710056076 5.719503619158865 5.763717528261653 5.8079314373644415 5.85214534646723 5.896359255570019 5.9405731646728075 5.984787073775596 6.029000982878385 6.0732148919811735 6.117428801083962 6.148515925784638 6.165570220937983 6.182624516091329 6.1996788112446755 6.216733106398022 6.233787401551368 6.250841696704714 6.26789599185806 6.284950287011406 6.302004582164752 6.319058877318098 6.336113172471444 6.344924785832506 6.344924785832506 6.344924785832506 6.344924785832506 -9999.0 -9999.0 -9999.0 -9999.0 6.344924785832506 6.344924785832506 6.344924785832506 6.344924785832506 -9999.0 -9999.0 -9999.0 -9999.0 -9999.0 -9999.0
5.677933507711043 5.677933507711043 5.677933507711043 5.69530788226613 5.73125585631688 5.767203830367629 5.803151804418379 5.839099778469127 5.875047752519877 5.9109957265706266 5.946943700621375 5.982891674672125 6.018839648722874 6.054787622773623 6.090735596824373 6.113728923840005 6.122873440048631 6.132017956257257 6.141162472465882 6.150306988674508 6.159451504883133 6.1685960210917585 6.177740537300385 6.18688505350901 6.196029569717636 6.205174085926261 6.214318602134886 6.219043390845288 6.219043390845288 6.219043390845288 6.219043390845288 6.219043390845288 -9999.0 -9999.0 -9999.0 6.219043390845288 6.219043390845288 6.219043390845288 6.219043390845288 6.242463759480835 -9999.0 -9999.0 -9999.0 -9999.0 -9999.0
5.746160680692736 5.746160680692736 5.746160680692736 5.759539963578973 5.787222002577684 5.814904041576393 5.842586080575103 5.870268119573813 5.897950158572523 5.9256321975712325 5.953314236569943 5.9809962755686525 6.008678314567362 6.036360353566072 6.064042392564782 6.078941921895373 6.080176659159278 6.081411396423182 6.082646133687088 6.083880870950993 6.085115608214898 6.086350345478803 6.0875850827427085 6.088819820006614 6.090054557270519 6.091289294534424 6.092524031798329 6.093161995858069 6.093161995858069 6.093161995858069 6.093161995858069 6.093161995858069 6.093161995858069 6.093161995858069 6.093161995858069 6.093161995858069 6.093161995858069 6.093161995858069 6.093161995858069 6.123807242628187 6.187212951735161 6.250618660842242 6.314024369949214 -9999.0 -9999.0
5.814387853674427 5.814387853674427 5.814387853674427 5.8237720448918155 5.843188148838486 5.862604252785157 5.882020356731828 5.901436460678498 5.920852564625169 5.940268668571839 5.95968477251851 5.97910087646518 5.998516980411851 6.017933084358521 6.037349188305192 6.04415491995074 6.0374798782699255 6.03080483658911 6.024129794908294 6.017454753227479 6.010779711546664 6.004104669865849 5.997429628185033 5.990754586504218 5.984079544823403 5.977404503142587 5.970729461461772 5.9672806008708505 5.9672806008708505 5.9672806008708505 5.9672806008708505 5.9672806008708505 5.9672806008708505 5.9672806008708505 5.9672806008708505 5.9672806008708505 5.9672806008708505 5.9672806008708505 5.9672806008708505 6.005150725775539 6.083504871250809 6.161859016726213 6.240213162201483 -9999.0 -9999.0
5.849638104438782 5.849638104438782 5.849638104438782 5.8569581916196265 5.872103617614208 5.88724904360879 5.902394469603371 5.917539895597954 5.932685321592535 5.947830747587117 5.962976173581699 5.978121599576281 5.993267025570863 6.0084124515654445 6.023557877560027 6.026181867744438 6.015420159723705 6.004658451702973 5.99389674368224 5.983135035661507 5.972373327640774 5.961611619620042 5.95084991159931 5.9400882035785765 5.929326495557844 5.918564787537111 5.907803079516379 5.902242720127106 5.902242720127106 5.902242720127106 5.902242720127106 5.902242720127106 5.902242720127106 5.902242720127106 5.902242720127106 5.902242720127106 5.902242720127106 5.902242720127106 5.902242720127106 5.943845650523439 6.0299230550389 6.116000459554507 6.202077864069967 -9999.0 -9999.0
5.849638104438782 5.849638104438782 5.849638104438782 5.8569581916196265 5.872103617614208 5.88724904360879 5.902394469603371 5.917539895597954 5.932685321592535 5.947830747587117 5.962976173581699 5.978121599576281 5.993267025570863 6.0084124515654445 6.023557877560027 6.026181867744438 6.015420159723705 6.004658451702973 5.99389674368224 5.983135035661507 5.972373327640774 5.961611619620042 5.95084991159931 5.9400882035785765 5.929326495557844 5.918564787537111 5.907803079516379 5.902242720127106 5.902242720127106 5.902242720127106 5.902242720127106 5.902242720127106 5.902242720127106 5.902242720127106 5.902242720127106 5.902242720127106 5.902242720127106 5.902242720127106 5.902242720127106 5.943845650523439 6.0299230550389 6.116000459554507 6.202077864069967 -9999.0 -9999.0
5.849638104438782 5.849638104438782 5.849638104438782 5.8569581916196265 5.872103617614208 5.88724904360879 5.902394469603371 5.917539895597954 5.932685321592535 5.947830747587117 5.962976173581699 5.978121599576281 5.993267025570863 6.0084124515654445 6.023557877560027 6.026181867744438 6.015420159723705 6.004658451702973 5.99389674368224 5.983135035661507 5.972373327640774 5.961611619620042 5.95084991159931 5.9400882035785765 5.929326495557844 5.918564787537111 5.907803079516379 5.902242720127106 5.902242720127106 5.902242720127106 5.902242720127106 5.902242720127106 5.902242720127106 5.902242720127106 5.902242720127106 5.902242720127106 5.902242720127106 5.902242720127106 5.902242720127106 5.943845650523439 6.0299230550389 6.116000459554507 6.202077864069967 6.288155268585427 -9999.0
