Figures/CREST_Example_wjb_NSE/Rolling_result/20100722/BJP_forecast/ens_4/wjb.rain.20100203.asc
ncols            288
nrows            254
xllcorner        113.274861
yllcorner        31.4918055
cellsize         0.008333333333
NODATA_value     -9999
[rows 81 to 107 of 254, columns 124 to 185 of 288]
0.0 0.0 0.0 0.0 0.0 0.0 0.0 0.0 0.0 0.0 0.0 0.0 0.0 0.0 0.0 0.0 0.0 0.0 0.0 0.0 0.0 0.0 0.0 0.0 0.0 0.0 0.0 0.0 0.0 0.0 0.0 0.0 0.0 0.0 0.0 0.008605358724531316 0.02641004058697976 0.0442147224494282 0.06201940431187664 0.07982408617432508 0.09762876803677353 0.11543344989922197 0.1332381317616704 0.15104281362411887 0.1688474954865673 0.1866521773490461 0.20445685921149456 0.21365618235797385 0.21365618235797385 0.21365618235797385 0.21365618235797385 0.21365618235797385 0.21365618235797385 0.21365618235797385 0.21365618235797385 0.21365618235797385 0.21365618235797385 0.21365618235797385 0.21365618235797385 0.21330558304033667 0.2125801851198146 0.21185478719929254
0.0 0.0 0.0 0.0 0.0 0.0 0.0 0.0 0.0 0.0 0.0 0.0 0.0 0.0 0.0 0.0 0.0 0.0 0.0 0.0 0.0 0.0 0.0 0.0 0.0 0.0 0.0 0.0 0.0 0.0 0.0 0.0 0.0 0.0 0.0 0.009619742059065456 0.02952320598698016 0.04942666991489487 0.06933013384280957 0.08923359777072427 0.10913706169863899 0.1290405256265537 0.1489439895544684 0.16884745348238311 0.1887509174102978 0.20865438133824646 0.22855784526616116 0.23884156714458188 0.23884156714458188 0.23884156714458188 0.23884156714458188 0.23884156714458188 0.23884156714458188 0.23884156714458188 0.23884156714458188 0.23884156714458188 0.23884156714458188 0.23884156714458188 0.23884156714458188 0.2384496398455909 0.23763873339659974 0.2368278269476086
0.0 0.0 0.0 0.0 0.0 0.0 0.0 0.0 0.0 0.0 0.0 0.0 0.0 0.0 0.0 0.0 0.0 0.0 0.0 0.0 0.0 0.0 0.0 0.0 0.0 0.0 0.0 0.0 0.0 0.0 0.0 0.0 0.0 0.0 0.0 0.010634125393599595 0.03263637138698056 0.054638617380361534 0.0766408633737425 0.09864310936712346 0.12064535536050444 0.1426476013538854 0.16464984734726637 0.18665209334064733 0.2086543393340283 0.2306565853274468 0.2526588313208278 0.2640269519311899 0.2640269519311899 0.2640269519311899 0.2640269519311899 0.2640269519311899 0.2640269519311899 0.2640269519311899 0.2640269519311899 0.2640269519311899 0.2640269519311899 0.2640269519311899 0.2640269519311899 0.26359369665084514 0.2626972816733849 0.2618008666959246
0.0 0.0 0.0 0.0 0.0 0.0 0.0 0.0 0.0 0.0 0.0 0.0 0.0 0.0 0.0 0.0 0.0 0.0 0.0 0.0 0.0 0.0 0.0 0.0 0.0 0.0 0.0 0.0 0.0 0.0 0.0 0.0 0.0 0.0 0.0 0.011648508728133732 0.03574953678698096 0.05985056484582819 0.08395159290467541 0.10805262096352264 0.13215364902236987 0.1562546770812171 0.18035570514006433 0.20445673319891156 0.22855776125775878 0.2526587893166471 0.2767598173754943 0.2892123367177979 0.2892123367177979 0.2892123367177979 0.2892123367177979 0.2892123367177979 0.2892123367177979 0.2892123367177979 0.2892123367177979 0.2892123367177979 0.2892123367177979 0.2892123367177979 0.2892123367177979 0.2887377534560993 0.28775582995016996 0.28677390644424067
0.004117746880730716 0.0037262025075430463 0.0033346581343553765 0.002943113761167706 0.002551569387980036 0.002160025014792366 0.0017684806416040284 0.0013769362684163582 0.000985391895228688 0.0005938475220410178 0.00020230314885334808 0.0 0.0 0.0 0.0 0.0 0.0 0.0 0.0 0.0 0.0 0.0 0.0 0.0 0.0 0.0 0.0 0.0 0.0 0.0 0.0 0.0 0.0 0.0 0.0 0.012054694178734674 0.036996129123176194 0.06193756406761772 0.08687899901205924 0.11182043395650076 0.13676186890094227 0.1617033038453838 0.18664473878982532 0.21158617373426683 0.23652760867870837 0.2614690436231924 0.28641047856763396 0.299297219345335 0.299297219345335 0.299297219345335 0.299297219345335 0.299297219345335 0.299297219345335 0.299297219345335 0.299297219345335 0.299297219345335 0.299297219345335 0.299297219345335 0.299297219345335 0.2987604959678055 0.29765000315629825 0.2965395103447909
0.01263710555815174 0.011435480563223714 0.010233855568295687 0.009032230573367661 0.007830605578439634 0.006628980583511607 0.005427355588581531 0.004225730593653505 0.003024105598725478 0.0018224806037974509 0.0006208556088694254 0.0 0.0 0.0 0.0 0.0 0.0 0.0 0.0 0.0 0.0 0.0 0.0 0.0 0.0 0.0 0.0 0.0 0.0 0.0 0.0 0.0 0.0 0.0 0.0 0.011810754437528105 0.03624747253926444 0.06068419064100078 0.08512090874273712 0.10955762684447345 0.1339943449462098 0.15843106304794613 0.18286778114968247 0.2073044992514188 0.23174121735315514 0.25617793545493317 0.2806146535566695 0.29324061723262923 0.29324061723262923 0.29324061723262923 0.29324061723262923 0.29324061723262923 0.29324061723262923 0.29324061723262923 0.29324061723262923 0.29324061723262923 0.29324061723262923 0.29324061723262923 0.29324061723262923 0.2926195068796921 0.29133441550680594 0.2900493241339198
0.021156464235572752 0.01914475861890437 0.017133053002235988 0.015121347385567606 0.013109641768899224 0.011097936152230842 0.00908623053555903 0.007074524918890646 0.005062819302222264 0.0030511136855538856 0.0010394080688855035 0.0 0.0 0.0 0.0 0.0 0.0 0.0 0.0 0.0 0.0 0.0 0.0 0.0 0.0 0.0 0.0 0.0 0.0 0.0 0.0 0.0 0.0 0.0 0.0 0.01156681469632154 0.035498815955352696 0.059430817214383855 0.083362818473415 0.10729481973244617 0.1312268209914773 0.15515882225050848 0.17909082350953964 0.20302282476857078 0.22695482602760195 0.25088682728667394 0.27481882854570505 0.2871840151199235 0.2871840151199235 0.2871840151199235 0.2871840151199235 0.2871840151199235 0.2871840151199235 0.2871840151199235 0.2871840151199235 0.2871840151199235 0.2871840151199235 0.2871840151199235 0.2871840151199235 0.2864785177915787 0.2850188278573137 0.28355913792304865
0.029675822912993775 0.026854036674585035 0.024032250436176298 0.021210464197767558 0.01838867795935882 0.015566891720950084 0.012745105482536531 0.009923319244127794 0.007101533005719057 0.004279746767310317 0.0014579605289015765 0.0 0.0 0.0 0.0 0.0 0.0 0.0 0.0 0.0 0.0 0.0 0.0 0.0 0.0 0.0 0.0 0.0 0.0 0.0 0.0 0.0 0.0 0.0 0.0 0.011322874955114972 0.03475015937144094 0.058177443787766916 0.0816047282040929 0.10503201262041886 0.12845929703674483 0.1518865814530708 0.1753138658693968 0.19874115028572276 0.22216843470204872 0.24559571911841466 0.2690230035347406 0.2811274130072177 0.2811274130072177 0.2811274130072177 0.2811274130072177 0.2811274130072177 0.2811274130072177 0.2811274130072177 0.2811274130072177 0.2811274130072177 0.2811274130072177 0.2811274130072177 0.2811274130072177 0.2803375287034653 0.2787032402078214 0.27706895171217755
0.03819518159041478 0.03456331473026569 0.030931447870116598 0.027299581009967502 0.02366771414981841 0.020035847289669315 0.01640398042951403 0.012772113569364935 0.009140246709215843 0.005508379849066748 0.001876512988917653 0.0 0.0 0.0 0.0 0.0 0.0 0.0 0.0 0.0 0.0 0.0 0.0 0.0 0.0 0.0 0.0 0.0 0.0 0.0 0.0 0.0 0.0 0.0 0.0 0.011078935213908405 0.0340015027875292 0.05692407036114999 0.07984663793477079 0.10276920550839158 0.12569177308201238 0.14861434065563317 0.17153690822925396 0.19445947580287476 0.21738204337649553 0.24030461095015543 0.2632271785237762 0.27507081089451196 0.27507081089451196 0.27507081089451196 0.27507081089451196 0.27507081089451196 0.27507081089451196 0.27507081089451196 0.27507081089451196 0.27507081089451196 0.27507081089451196 0.27507081089451196 0.27507081089451196 0.2741965396153519 0.27238765255832914 0.2705787655013064
0.046714540267835794 0.04227259278594635 0.0378306453040569 0.033388697822167454 0.028946750340278 0.024504802858388554 0.02006285537649153 0.015620907894602083 0.01117896041271263 0.006737012930823183 0.0022950654489337363 0.0 0.0 0.0 0.0 0.0 0.0 0.0 0.0 0.0 0.0 0.0 0.0 0.0 0.0 0.0 0.0 0.0 0.0 0.0 0.0 0.0 0.0 0.0 0.0 0.010834995472701838 0.03325284620361745 0.05567069693453306 0.07808854766544868 0.10050639839636429 0.1229242491272799 0.14534209985819552 0.16775995058911114 0.19017780132002673 0.21259565205094236 0.2350135027818962 0.2574313535128118 0.2690142087818062 0.2690142087818062 0.2690142087818062 0.2690142087818062 0.2690142087818062 0.2690142087818062 0.2690142087818062 0.2690142087818062 0.2690142087818062 0.2690142087818062 0.2690142087818062 0.2690142087818062 0.26805555052723845 0.2660720649088369 0.2640885792904353
0.05523389894525682 0.049981870841627016 0.04472984273799721 0.039477814634367406 0.0342257865307376 0.02897375842710779 0.023721730323469026 0.01846970221983922 0.013217674116209416 0.00796564601257961 0.002713617908949806 0.0 0.0 0.0 0.0 0.0 0.0 0.0 0.0 0.0 0.0 0.0 0.0 0.0 0.0 0.0 0.0 0.0 0.0 0.0 0.0 0.0 0.0 0.0 0.0 0.010591055731495273 0.032504189619705706 0.05441732350791614 0.07633045739612658 0.09824359128433702 0.12015672517254745 0.1420698590607579 0.16398299294896831 0.18589612683717877 0.2078092607253892 0.229722394613637 0.25163552850184745 0.2629576066691005 0.2629576066691005 0.2629576066691005 0.2629576066691005 0.2629576066691005 0.2629576066691005 0.2629576066691005 0.2629576066691005 0.2629576066691005 0.2629576066691005 0.2629576066691005 0.2629576066691005 0.2619145614391251 0.25975647725934464 0.25759839307956417
0.0637532576226851 0.05769114889731425 0.0516290401719434 0.04556693144657255 0.03950482272120169 0.03344271399583084 0.02738060527044965 0.021318496545078794 0.015256387819707944 0.009194279094337093 0.003132170368966236 0.0 0.0 0.0 0.0 0.0 0.0 0.0 0.0 0.0 0.0 0.0 0.0 0.0 0.0 0.0 0.0 0.0 0.0 0.0 0.0 0.0 0.0 0.0 0.0 0.010347115990288498 0.03175553303579332 0.05316395008129814 0.07457236712680297 0.09598078417230779 0.11738920121781261 0.13879761826331743 0.16020603530882227 0.18161445235432708 0.2030228693998319 0.22443128644537325 0.24583970349087805 0.2569010045563896 0.2569010045563896 0.2569010045563896 0.2569010045563896 0.2569010045563896 0.2569010045563896 0.2569010045563896 0.2569010045563896 0.2569010045563896 0.2569010045563896 0.2569010045563896 0.2569010045563896 0.25577357235100645 0.253440889609847 0.2511082068686875
0.07227261630010612 0.0654004269529949 0.0585282376058837 0.05165604825877249 0.044783858911661284 0.037911669564550075 0.031039480217427147 0.02416729087031594 0.017295101523204737 0.010422912176093521 0.0035507228289823195 0.0 0.0 0.0 0.0 0.0 0.0 0.0 0.0 0.0 0.0 0.0 0.0 0.0 0.0 0.0 0.0 0.0 0.0 0.0 0.0 0.0 0.0 0.0 0.0 0.01010317624908193 0.031006876451881573 0.05191057665468122 0.07281427685748086 0.0937179770602805 0.11462167726308015 0.13552537746587978 0.15642907766867942 0.17733277787147908 0.19823647807427872 0.21914017827711402 0.24004387847991365 0.25084440244368383 0.25084440244368383 0.25084440244368383 0.25084440244368383 0.25084440244368383 0.25084440244368383 0.25084440244368383 0.25084440244368383 0.25084440244368383 0.25084440244368383 0.25084440244368383 0.25084440244368383 0.24963258326289306 0.24712530196035473 0.2446180206578164
0.08079197497752713 0.07310970500867556 0.065427435039824 0.05774516507097243 0.05006289510212087 0.042380625133269303 0.03469835516440464 0.027016085195553083 0.01933381522670151 0.011651545257849949 0.003969275288998389 0.0 0.0 0.0 0.0 0.0 0.0 0.0 0.0 0.0 0.0 0.0 0.0 0.0 0.0 0.0 0.0 0.0 0.0 0.0 0.0 0.0 0.0 0.0 0.0 0.009859236507875362 0.03025821986796982 0.05065720322806428 0.07105618658815874 0.0914551699482532 0.11185415330834765 0.13225313666844213 0.15265212002853656 0.17305110338863103 0.1934500867487255 0.21384907010885473 0.2342480534689492 0.24478780033097808 0.24478780033097808 0.24478780033097808 0.24478780033097808 0.24478780033097808 0.24478780033097808 0.24478780033097808 0.24478780033097808 0.24478780033097808 0.24478780033097808 0.24478780033097808 0.24478780033097808 0.24349159417477964 0.24080971431086245 0.23812783444694527
0.08931133365494814 0.08081898306435623 0.07232663247376431 0.06383428188317239 0.055341931292580464 0.046849580701988545 0.038357230111382146 0.029864879520790227 0.021372528930198295 0.012880178339606377 0.0043878277490144585 0.0 0.0 0.0 0.0 0.0 0.0 0.0 0.0 0.0 0.0 0.0 0.0 0.0 0.0 0.0 0.0 0.0 0.0 0.0 0.0 0.0 0.0 0.0 0.0 0.009615296766668797 0.029509563284058075 0.049403829801447356 0.06929809631883663 0.0891923628362259 0.10908662935361518 0.12898089587100448 0.14887516238839374 0.16876942890578303 0.1886636954231723 0.2085579619405955 0.2284522284579848 0.23873119821827232 0.23873119821827232 0.23873119821827232 0.23873119821827232 0.23873119821827232 0.23873119821827232 0.23873119821827232 0.23873119821827232 0.23873119821827232 0.23873119821827232 0.23873119821827232 0.23873119821827232 0.23735060508666622 0.23449412666137018 0.23163764823607413
0.09783069233236917 0.0885282611200369 0.07922582990770463 0.06992339869537234 0.06062096748304007 0.051318536270707794 0.04201610505835966 0.032713673846027386 0.02341124263369511 0.014108811421362832 0.004806380209030556 0.0 0.0 0.0 0.0 0.0 0.0 0.0 0.0 0.0 0.0 0.0 0.0 0.0 0.0 0.0 0.0 0.0 0.0 0.0 0.0 0.0 0.0 0.0 0.0 0.00937135702546223 0.02876090670014633 0.048150456374830425 0.06754000604951453 0.08692955572419862 0.10631910539888272 0.12570865507356682 0.14509820474825091 0.164487754422935 0.18387730409761913 0.20326685377233628 0.22265640344702037 0.23267459610556657 0.23267459610556657 0.23267459610556657 0.23267459610556657 0.23267459610556657 0.23267459610556657 0.23267459610556657 0.23267459610556657 0.23267459610556657 0.23267459610556657 0.23267459610556657 0.23267459610556657 0.2312096159985528 0.2281785390118779 0.22514746202520303
0.1022323041331564 0.09251133667188187 0.08279036921060734 0.07306940174933282 0.06334843428805828 0.053627466826783765 0.043906499365492666 0.034185531904218136 0.024464564442943607 0.014743596981669077 0.0050226295203945615 0.0 0.0 0.0 0.0 0.0 0.0 0.0 0.0 0.0 0.0 0.0 0.0 0.0 0.0 0.0 0.0 0.0 0.0 0.0 0.0 0.0 0.0 0.0 0.0 0.009245323120302028 0.02837410579420295 0.047502888468103875 0.0666316711420048 0.08576045381590572 0.10488923648980664 0.12401801916370755 0.14314680183760847 0.1622755845115094 0.1814043671854103 0.20053314985934387 0.21966193253324479 0.22954539209604263 0.22954539209604263 0.22954539209604263 0.22954539209604263 0.22954539209604263 0.22954539209604263 0.22954539209604263 0.22954539209604263 0.22954539209604263 0.22954539209604263 0.22954539209604263 0.22954539209604263 0.22803681261484457 0.2249155275365439 0.22179424245824322
0.1022323041331564 0.09251133667188187 0.08279036921060734 0.07306940174933282 0.06334843428805828 0.053627466826783765 0.043906499365492666 0.034185531904218136 0.024464564442943607 0.014743596981669077 0.0050226295203945615 0.0 0.0 0.0 0.0 0.0 0.0 0.0 0.0 0.0 0.0 0.0 0.0 0.0 0.0 0.0 0.0 0.0 0.0 0.0 0.0 0.0 0.0 0.0 0.0 0.009245323120302028 0.02837410579420295 0.047502888468103875 0.0666316711420048 0.08576045381590572 0.10488923648980664 0.12401801916370755 0.14314680183760847 0.1622755845115094 0.1814043671854103 0.20053314985934387 0.21966193253324479 0.22954539209604263 0.22954539209604263 0.22954539209604263 0.22954539209604263 0.22954539209604263 0.22954539209604263 0.22954539209604263 0.22954539209604263 0.22954539209604263 0.22954539209604263 0.22954539209604263 0.22954539209604263 0.22803681261484457 0.2249155275365439 0.22179424245824322
0.1022323041331564 0.09251133667188187 0.08279036921060734 0.07306940174933282 0.06334843428805828 0.053627466826783765 0.043906499365492666 0.034185531904218136 0.024464564442943607 0.014743596981669077 0.0050226295203945615 0.0 0.0 0.0 0.0 0.0 0.0 0.0 0.0 0.0 0.0 0.0 0.0 0.0 0.0 0.0 0.0 0.0 0.0 0.0 0.0 0.0 0.0 0.0 0.0 0.009245323120302028 0.02837410579420295 0.047502888468103875 0.0666316711420048 0.08576045381590572 0.10488923648980664 0.12401801916370755 0.14314680183760847 0.1622755845115094 0.1814043671854103 0.20053314985934387 0.21966193253324479 0.22954539209604263 0.22954539209604263 0.22954539209604263 0.22954539209604263 0.22954539209604263 0.22954539209604263 0.22954539209604263 0.22954539209604263 0.22954539209604263 0.22954539209604263 0.22954539209604263 0.22954539209604263 0.22803681261484457 0.2249155275365439 0.22179424245824322
0.1022323041331564 0.09251133667188187 0.08279036921060734 0.07306940174933282 0.06334843428805828 0.053627466826783765 0.043906499365492666 0.034185531904218136 0.024464564442943607 0.014743596981669077 0.0050226295203945615 0.0 0.0 0.0 0.0 0.0 0.0 0.0 0.0 0.0 0.0 0.0 0.0 0.0 0.0 0.0 0.0 0.0 0.0 0.0 0.0 0.0 0.0 0.0 0.0 0.009245323120302028 0.02837410579420295 0.047502888468103875 0.0666316711420048 0.08576045381590572 0.10488923648980664 0.12401801916370755 0.14314680183760847 0.1622755845115094 0.1814043671854103 0.20053314985934387 0.21966193253324479 0.22954539209604263 0.22954539209604263 0.22954539209604263 0.22954539209604263 0.22954539209604263 0.22954539209604263 0.22954539209604263 0.22954539209604263 0.22954539209604263 0.22954539209604263 0.22954539209604263 0.22954539209604263 0.22803681261484457 0.2249155275365439 0.22179424245824322
0.1022323041331564 0.09251133667188187 0.08279036921060734 0.07306940174933282 0.06334843428805828 0.053627466826783765 0.043906499365492666 0.034185531904218136 0.024464564442943607 0.014743596981669077 0.0050226295203945615 0.0 0.0 0.0 0.0 0.0 0.0 0.0 0.0 0.0 0.0 0.0 0.0 0.0 0.0 0.0 0.0 0.0 0.0 0.0 0.0 0.0 0.0 0.0 0.0 0.009245323120302028 0.02837410579420295 0.047502888468103875 0.0666316711420048 0.08576045381590572 0.10488923648980664 0.12401801916370755 0.14314680183760847 0.1622755845115094 0.1814043671854103 0.20053314985934387 0.21966193253324479 0.22954539209604263 0.22954539209604263 0.22954539209604263 0.22954539209604263 0.22954539209604263 0.22954539209604263 0.22954539209604263 0.22954539209604263 0.22954539209604263 0.22954539209604263 0.22954539209604263 0.22954539209604263 0.22803681261484457 0.2249155275365439 0.22179424245824322
0.1022323041331564 0.09251133667188187 0.08279036921060734 0.07306940174933282 0.06334843428805828 0.053627466826783765 0.043906499365492666 0.034185531904218136 0.024464564442943607 0.014743596981669077 0.0050226295203945615 0.0 0.0 0.0 0.0 0.0 0.0 0.0 0.0 0.0 0.0 0.0 0.0 0.0 0.0 0.0 0.0 0.0 0.0 0.0 0.0 0.0 0.0 0.0 0.0 0.009245323120302028 0.02837410579420295 0.047502888468103875 0.0666316711420048 0.08576045381590572 0.10488923648980664 0.12401801916370755 0.14314680183760847 0.1622755845115094 0.1814043671854103 0.20053314985934387 0.21966193253324479 0.22954539209604263 0.22954539209604263 0.22954539209604263 0.22954539209604263 0.22954539209604263 0.22954539209604263 0.22954539209604263 0.22954539209604263 0.22954539209604263 0.22954539209604263 0.22954539209604263 0.22954539209604263 0.22803681261484457 0.2249155275365439 0.22179424245824322
0.1022323041331564 0.09251133667188187 0.08279036921060734 0.07306940174933282 0.06334843428805828 0.053627466826783765 0.043906499365492666 0.034185531904218136 0.024464564442943607 0.014743596981669077 0.0050226295203945615 0.0 0.0 0.0 0.0 0.0 0.0 0.0 0.0 0.0 0.0 0.0 0.0 0.0 0.0 0.0 0.0 0.0 0.0 0.0 0.0 0.0 0.0 0.0 0.0 0.009245323120302028 0.02837410579420295 0.047502888468103875 0.0666316711420048 0.08576045381590572 0.10488923648980664 0.12401801916370755 0.14314680183760847 0.1622755845115094 0.1814043671854103 0.20053314985934387 0.21966193253324479 0.22954539209604263 0.22954539209604263 0.22954539209604263 0.22954539209604263 0.22954539209604263 0.22954539209604263 0.22954539209604263 0.22954539209604263 0.22954539209604263 0.22954539209604263 0.22954539209604263 0.22954539209604263 0.22803681261484457 0.2249155275365439 0.22179424245824322
0.1022323041331564 0.09251133667188187 0.08279036921060734 0.07306940174933282 0.06334843428805828 0.053627466826783765 0.043906499365492666 0.034185531904218136 0.024464564442943607 0.014743596981669077 0.0050226295203945615 0.0 0.0 0.0 0.0 0.0 0.0 0.0 0.0 0.0 0.0 0.0 0.0 0.0 0.0 0.0 0.0 0.0 0.0 0.0 0.0 0.0 0.0 0.0 0.0 0.009245323120302028 0.02837410579420295 0.047502888468103875 0.0666316711420048 0.08576045381590572 0.10488923648980664 0.12401801916370755 0.14314680183760847 0.1622755845115094 0.1814043671854103 0.20053314985934387 0.21966193253324479 0.22954539209604263 0.22954539209604263 0.22954539209604263 0.22954539209604263 0.22954539209604263 0.22954539209604263 0.22954539209604263 0.22954539209604263 0.22954539209604263 0.22954539209604263 0.22954539209604263 0.22954539209604263 0.22803681261484457 0.2249155275365439 0.22179424245824322
0.1022323041331564 0.09251133667188187 0.08279036921060734 0.07306940174933282 0.06334843428805828 0.053627466826783765 0.043906499365492666 0.034185531904218136 0.024464564442943607 0.014743596981669077 0.0050226295203945615 0.0 0.0 0.0 0.0 0.0 0.0 0.0 0.0 0.0 0.0 0.0 0.0 0.0 0.0 0.0 0.0 0.0 0.0 0.0 0.0 0.0 0.0 0.0 0.0 0.009245323120302028 0.02837410579420295 0.047502888468103875 0.0666316711420048 0.08576045381590572 0.10488923648980664 0.12401801916370755 0.14314680183760847 0.1622755845115094 0.1814043671854103 0.20053314985934387 0.21966193253324479 0.22954539209604263 0.22954539209604263 0.22954539209604263 0.22954539209604263 0.22954539209604263 0.22954539209604263 0.22954539209604263 0.22954539209604263 0.22954539209604263 0.22954539209604263 0.22954539209604263 0.22954539209604263 0.22803681261484457 0.2249155275365439 0.22179424245824322
0.1022323041331564 0.09251133667188187 0.08279036921060734 0.07306940174933282 0.06334843428805828 0.053627466826783765 0.043906499365492666 0.034185531904218136 0.024464564442943607 0.014743596981669077 0.0050226295203945615 0.0 0.0 0.0 0.0 0.0 0.0 0.0 0.0 0.0 0.0 0.0 0.0 0.0 0.0 0.0 0.0 0.0 0.0 0.0 0.0 0.0 0.0 0.0 0.0 0.009245323120302028 0.02837410579420295 0.047502888468103875 0.0666316711420048 0.08576045381590572 0.10488923648980664 0.12401801916370755 0.14314680183760847 0.1622755845115094 0.1814043671854103 0.20053314985934387 0.21966193253324479 0.22954539209604263 0.22954539209604263 0.22954539209604263 0.22954539209604263 0.22954539209604263 0.22954539209604263 0.22954539209604263 0.22954539209604263 0.22954539209604263 0.22954539209604263 0.22954539209604263 0.22954539209604263 0.22803681261484457 0.2249155275365439 0.22179424245824322
0.1022323041331564 0.09251133667188187 0.08279036921060734 0.07306940174933282 0.06334843428805828 0.053627466826783765 0.043906499365492666 0.034185531904218136 0.024464564442943607 0.014743596981669077 0.0050226295203945615 0.0 0.0 0.0 0.0 0.0 0.0 0.0 0.0 0.0 0.0 0.0 0.0 0.0 0.0 0.0 0.0 0.0 0.0 0.0 0.0 0.0 0.0 0.0 0.0 0.009245323120302028 0.02837410579420295 0.047502888468103875 0.0666316711420048 0.08576045381590572 0.10488923648980664 0.12401801916370755 0.14314680183760847 0.1622755845115094 0.1814043671854103 0.20053314985934387 0.21966193253324479 0.22954539209604263 0.22954539209604263 0.22954539209604263 0.22954539209604263 0.22954539209604263 0.22954539209604263 0.22954539209604263 0.22954539209604263 0.22954539209604263 0.22954539209604263 0.22954539209604263 0.22954539209604263 0.22803681261484457 0.2249155275365439 0.22179424245824322
