Figures/CREST_Example_wjb_NSE/Rolling_result/20100722/BJP_forecast/ens_4/wjb.rain.20100425.asc
ncols            288
nrows            254
xllcorner        113.274861
yllcorner        31.4918055
cellsize         0.008333333333
NODATA_value     -9999
[rows 140 to 159 of 254, columns 220 to 263 of 288]
1.5336904324142404 1.5375238041435313 1.5413571758728157 1.5451905476021002 1.5490239193313848 1.5528572910606693 1.5566906627899537 1.5605240345192382 1.5643574062485226 1.568190777977807 1.5720241497070915 1.5740047762476037 1.5740047762476037 1.5740047762476037 1.5740047762476037 1.5740047762476037 1.5740047762476037 1.5740047762476037 1.5740047762476037 1.5740047762476037 1.5740047762476037 1.5740047762476037 1.5740047762476037 1.6065769220862673 1.6739694291080263 1.7413619361297852 1.808754443151544 1.876146950173418 1.943539457195177 2.010931964216936 2.078324471238695 2.1457169782604537 2.213109485282213 2.2805019923039715 2.3478944993257307 2.4303109965298155 2.5287884793428477 2.6272659621558794 2.7257434449689115 2.8242209277819432 2.9226984105951432 3.0211758934081754 3.119653376221207 3.2181308590342392
1.5243833599113004 1.5302321013648117 1.536080842818313 1.5419295842718141 1.5477783257253155 1.5536270671788168 1.5594758086323182 1.5653245500858195 1.5711732915393208 1.577022032992822 1.5828707744463233 1.5858927022345688 1.5858927022345688 1.5858927022345688 1.5858927022345688 1.5858927022345688 1.5858927022345688 1.5858927022345688 1.5858927022345688 1.5858927022345688 1.5858927022345688 1.5858927022345688 1.5858927022345688 1.6253239984416714 1.7069082428349251 1.7884924872281789 1.8700767316214324 1.9516609760148251 2.033245220408079 2.1148294648013324 2.196413709194586 2.27799795358784 2.3595821979810934 2.441166442374347 2.5227506867676004 2.6114699417534184 2.7078166845807594 2.804163427408101 2.900510170235442 2.996856913062783 3.0932036558902882 3.1895503987176292 3.2858971415449707 3.3822438843723117
1.5150762874083603 1.5229403985860919 1.53080450976381 1.5386686209415281 1.5465327321192464 1.5543968432969646 1.5622609544746826 1.5701250656524008 1.577989176830119 1.585853288007837 1.5937173991855553 1.5977806282215339 1.5977806282215339 1.5977806282215339 1.5977806282215339 1.5977806282215339 1.5977806282215339 1.5977806282215339 1.5977806282215339 1.5977806282215339 1.5977806282215339 1.5977806282215339 1.5977806282215339 1.6440710747970757 1.739847056561824 1.8356230383265724 1.9313990200913207 2.0271750018562322 2.1229509836209806 2.218726965385729 2.314502947150477 2.4102789289152255 2.506054910679974 2.601830892444722 2.6976068742094705 2.792628886977021 2.886844889818671 2.9810608926603215 3.075276895501972 3.1694928983436226 3.263708901185433 3.357924904027084 3.4521409068687343 3.5463569097103846
1.5057692149054203 1.515648695807372 1.5255281767093072 1.535407657611242 1.5452871385131772 1.5551666194151121 1.5650461003170473 1.5749255812189822 1.5848050621209173 1.5946845430228522 1.6045640239247871 1.609668554208499 1.609668554208499 1.609668554208499 1.609668554208499 1.609668554208499 1.609668554208499 1.609668554208499 1.609668554208499 1.609668554208499 1.609668554208499 1.609668554208499 1.609668554208499 1.66281815115248 1.772785870288723 1.8827535894249658 1.9927213085612088 2.102689027697639 2.2126567468338822 2.322624465970125 2.432592185106368 2.5425599042426112 2.652527623378854 2.7624953425150967 2.87246306165134 2.9737878322006233 3.065873095056583 3.1579583579125425 3.250043620768502 3.3421288836244614 3.434214146480578 3.526299409336538 3.618384672192497 3.7104699350484567
1.4964621424024722 1.5083569930286462 1.5202518436547998 1.5321466942809532 1.5440415449071068 1.5559363955332604 1.567831246159414 1.5797260967855675 1.591620947411721 1.6035157980378747 1.6154106486640283 1.621556480195474 1.621556480195474 1.621556480195474 1.621556480195474 1.621556480195474 1.621556480195474 1.621556480195474 1.621556480195474 1.621556480195474 1.621556480195474 1.621556480195474 1.621556480195474 1.6815652275079 1.8057246840156498 1.9298841405233995 2.054043597031149 2.178203053539111 2.3023625100468603 2.42652196655461 2.55068142306236 2.6748408795701097 2.7990003360778593 2.9231597925856088 3.0473192490933587 3.1549467774243802 3.2449013002946474 3.334855823164914 3.4248103460351813 3.5147648689054485 3.604719391775869 3.6946739146461356 3.7846284375164028 3.8745829603866695
1.5431072449426697 1.551972081708792 1.5608369184748994 1.5697017552410066 1.5785665920071137 1.587431428773221 1.596296265539328 1.6051611023054353 1.6140259390715426 1.6228907758376496 1.631755612603757 1.6363358965459924 1.6363358965459924 1.6363358965459924 1.6363358965459924 1.6363358965459924 1.6363358965459924 1.6363358965459924 1.6363358965459924 1.6363358965459924 1.6363358965459924 1.6363358965459924 1.6363358965459924 1.698719654501409 1.827793061788677 1.9568664690759452 2.0859398763632133 2.2150132836507015 2.34408669093797 2.4731600982252377 2.6022335055125057 2.731306912799774 2.8603803200870423 2.9894537273743103 3.118527134661578 3.2300303103375083 3.3227505106765984 3.415470711015688 3.5081909113547782 3.600911111693868 3.693631312033116 3.786351512372206 3.879071712711296 3.971791913050386
1.649561695463911 1.6500033213717076 1.6504449472795035 1.6508865731872993 1.6513281990950952 1.651769825002891 1.6522114509106869 1.6526530768184826 1.6530947027262786 1.6535363286340743 1.6539779545418702 1.6542061338199914 1.6542061338199914 1.6542061338199914 1.6542061338199914 1.6542061338199914 1.6542061338199914 1.6542061338199914 1.6542061338199914 1.6542061338199914 1.6542061338199914 1.6542061338199914 1.6542061338199914 1.7141716397252464 1.8382416287827754 1.9623116178403044 2.0863816068978336 2.2104515959555737 2.334521585013103 2.458591574070632 2.582661563128161 2.7067315521856896 2.830801541243219 2.954871530300748 3.0789415193582768 3.1917259143235035 3.2924457537275775 3.3931655931316516 3.493885432535725 3.594605271939799 3.695325111344045 3.796044950748119 3.8967647901521927 3.9974846295562667
1.756016145985152 1.7480345610346228 1.7400529760841073 1.7320713911335919 1.7240898061830763 1.716108221232561 1.7081266362820453 1.7001450513315297 1.6921634663810143 1.6841818814304987 1.6762002964799831 1.67207637109399 1.67207637109399 1.67207637109399 1.67207637109399 1.67207637109399 1.67207637109399 1.67207637109399 1.67207637109399 1.67207637109399 1.67207637109399 1.67207637109399 1.67207637109399 1.7296236249490837 1.8486901957768735 1.9677567666046634 2.0868233374324534 2.2058899082604464 2.324956479088236 2.444023049916026 2.563089620743816 2.6821561915716057 2.8012227623993953 2.9202893332271858 3.0393559040549754 3.1534215183094982 3.262140996778556 3.370860475247614 3.479579953716672 3.5882994321857304 3.6970189106549736 3.8057383891240315 3.9144578675930894 4.023177346062147
1.8624705965063932 1.8460658006975383 1.8296610048887114 1.8132562090798845 1.7968514132710578 1.7804466174622309 1.764041821653404 1.747637025844577 1.7312322300357503 1.7148274342269234 1.6984226384180965 1.689946608367989 1.689946608367989 1.689946608367989 1.689946608367989 1.689946608367989 1.689946608367989 1.689946608367989 1.689946608367989 1.689946608367989 1.689946608367989 1.689946608367989 1.689946608367989 1.745075610172921 1.859138762770972 1.9732019153690228 2.0872650679670732 2.2013282205653186 2.3153913731633695 2.4294545257614204 2.5435176783594713 2.6575808309575217 2.7716439835555726 2.8857071361536235 2.999770288751674 3.1151171222954934 3.2318362398295353 3.3485553573635776 3.4652744748976194 3.5819935924316617 3.6987127099659025 3.815431827499945 3.9321509450339867 4.048870062568029
1.9689250470276343 1.9440970403604538 1.9192690336933156 1.8944410270261773 1.869613020359039 1.8447850136919008 1.8199570070247626 1.7951290003576243 1.7703009936904863 1.745472987023348 1.7206449803562098 1.707816845641988 1.707816845641988 1.707816845641988 1.707816845641988 1.707816845641988 1.707816845641988 1.707816845641988 1.707816845641988 1.707816845641988 1.707816845641988 1.707816845641988 1.707816845641988 1.7605275953967585 1.8695873297650702 1.978647064133382 2.0877067985016935 2.1967665328701913 2.305826267238503 2.4148860016068143 2.5239457359751265 2.633005470343438 2.7420652047117495 2.8511249390800613 2.960184673448373 3.0768127262814886 3.2015314828805144 3.3262502394795406 3.4509689960785668 3.5756877526775925 3.7004065092768315 3.825125265875857 3.9498440224748834 4.07456277907391
2.0753794975489663 2.042128280023453 2.008877062497996 1.9756258449725392 1.9423746274470826 1.9091234099216257 1.875872192396169 1.8426209748707123 1.8093697573452554 1.7761185398197987 1.7428673222943418 1.725687082916002 1.725687082916002 1.725687082916002 1.725687082916002 1.725687082916002 1.725687082916002 1.725687082916002 1.725687082916002 1.725687082916002 1.725687082916002 1.725687082916002 1.725687082916002 1.7759795806206091 1.8800358967591773 1.9840922128977456 2.0881485290363138 2.1922048451750595 2.2962611613136277 2.4003174774521963 2.5043737935907644 2.6084301097293325 2.712486425867901 2.816542742006469 2.9205990581450374 3.0385083302674505 3.1712267259314677 3.3039451215954845 3.4366635172595013 3.5693819129235185 3.7021003085877613 3.8348187042517785 3.9675370999157953 4.1002554955798125
2.1818339480702074 2.1401595196863683 2.0984850913026003 2.056810662918832 2.015136234535064 1.9734618061512958 1.9317873777675276 1.8901129493837594 1.8484385209999914 1.8067640926162234 1.7650896642324552 1.743557320190001 1.743557320190001 1.743557320190001 1.743557320190001 1.743557320190001 1.743557320190001 1.743557320190001 1.743557320190001 1.743557320190001 1.743557320190001 1.743557320190001 1.743557320190001 1.7914315658444466 1.8904844637532756 1.9895373616621048 2.088590259570934 2.187643157479932 2.286696055388761 2.3857489532975906 2.4848018512064196 2.5838547491152486 2.682907647024078 2.781960544932907 2.881013442841736 3.0002039342534457 3.140921968982447 3.2816400037114475 3.4223580384404486 3.5630760731694497 3.7037941078986902 3.8445121426276914 3.9852301773566925 4.125948212085693
2.2882883985914484 2.2381907593492834 2.188093120107204 2.1379954808651247 2.087897841623045 2.0378002023809656 1.987702563138886 1.9376049238968065 1.8875072846547272 1.8374096454126476 1.787312006170568 1.7614275574639997 1.7614275574639997 1.7614275574639997 1.7614275574639997 1.7614275574639997 1.7614275574639997 1.7614275574639997 1.7614275574639997 1.7614275574639997 1.7614275574639997 1.7614275574639997 1.7614275574639997 1.806883551068284 1.9009330307473737 1.9949825104264638 2.089031990105554 2.1830814697848044 2.2771309494638943 2.3711804291429845 2.4652299088220744 2.5592793885011647 2.6533288681802545 2.7473783478593443 2.8414278275384346 2.9618995382394404 3.1106172120334254 3.2593348858274105 3.408052559621395 3.55677023341538 3.7054879072096187 3.8542055810036038 4.002923254797588 4.151640928591574
2.39474284911269 2.3362219990121993 2.277701148911808 2.2191802988114175 2.1606594487110264 2.102138598610636 2.0436177485102447 1.985096898409854 1.9265760483094632 1.8680551982090723 1.8095343481086814 1.7792977947379987 1.7792977947379987 1.7792977947379987 1.7792977947379987 1.7792977947379987 1.7792977947379987 1.7792977947379987 1.7792977947379987 1.7792977947379987 1.7792977947379987 1.7792977947379987 1.7792977947379987 1.8223355362921212 1.9113815977414723 2.000427659190823 2.089473720640174 2.178519782089677 2.267565843539028 2.356611904988379 2.4456579664377296 2.5347040278870807 2.623750089336432 2.7127961507857825 2.801842212235133 2.9235951422254356 3.0803124550844045 3.2370297679433735 3.3937470808023424 3.5504643936613114 3.7071817065205477 3.8638990193795166 4.020616332238486 4.1773336450974545
2.501197299633931 2.4342532386751143 2.3673091777164124 2.30036511675771 2.233421055799008 2.1664769948403055 2.0995329338816036 2.032588872922901 1.9656448119641992 1.898700751005497 1.8317566900467948 1.7971680320119976 1.7971680320119976 1.7971680320119976 1.7971680320119976 1.7971680320119976 1.7971680320119976 1.7971680320119976 1.7971680320119976 1.7971680320119976 1.7971680320119976 1.7971680320119976 1.7971680320119976 1.8377875215159587 1.9218301647355704 2.0058728079551824 2.0899154511747944 2.1739580943945493 2.2580007376141613 2.342043380833773 2.426086024053385 2.5101286672729968 2.5941713104926083 2.6782139537122203 2.7622565969318322 2.885290746211431 3.0500076981353836 3.214724650059337 3.37944160198329 3.544158553907243 3.708875505831477 3.87359245775543 4.038309409679383 4.203026361603336
2.607651750155172 2.5322844783380303 2.4569172065210165 2.381549934704003 2.3061826628869895 2.2308153910699757 2.155448119252962 2.0800808474359487 2.0047135756189354 1.9293463038019216 1.8539790319849079 1.8150382692859965 1.8150382692859965 1.8150382692859965 1.8150382692859965 1.8150382692859965 1.8150382692859965 1.8150382692859965 1.8150382692859965 1.8150382692859965 1.8150382692859965 1.8150382692859965 1.8150382692859965 1.8532395067397962 1.9322787317296688 2.0113179567195414 2.090357181709414 2.1693964066994216 2.2484356316892944 2.327474856679167 2.40651408166904 2.4855533066589124 2.564592531648785 2.643631756638658 2.7226709816285304 2.8469863501974255 3.0197029411863627 3.1924195321752995 3.3651361231642367 3.537852714153174 3.7105693051424056 3.8832858961313423 4.0560024871202796 4.228719078109217
2.714106200676413 2.6303157180009453 2.5465252353256203 2.4627347526502956 2.3789442699749705 2.2951537872996455 2.211363304624321 2.1275728219489958 2.0437823392736707 1.959991856598346 1.876201373923021 1.8329085065599953 1.8329085065599953 1.8329085065599953 1.8329085065599953 1.8329085065599953 1.8329085065599953 1.8329085065599953 1.8329085065599953 1.8329085065599953 1.8329085065599953 1.8329085065599953 1.8329085065599953 1.8686914919636335 1.9427272987237671 2.016763105483901 2.0907989122440345 2.1648347190042943 2.238870525764428 2.312906332524561 2.386942139284695 2.4609779460448284 2.535013752804962 2.6090495595650958 2.6830853663252294 2.8086819541834207 2.989398184237342 3.170114414291263 3.350830644345184 3.5315468743991048 3.712263104453334 3.892979334507255 4.073695564561176 4.254411794615097
2.7691069566698525 2.6809645379049902 2.592822119140278 2.504679700375566 2.4165372816108537 2.328394862846142 2.2402524440814298 2.1521100253167176 2.0639676065520054 1.9758251877872934 1.8876827690225813 1.842141343280673 1.842141343280673 1.842141343280673 1.842141343280673 1.842141343280673 1.842141343280673 1.842141343280673 1.842141343280673 1.842141343280673 1.842141343280673 1.842141343280673 1.842141343280673 1.8766749145894535 1.948125655306415 2.0195763960233766 2.0910271367403377 2.1624778774574214 2.2339286181743825 2.305379358891344 2.3768300996083056 2.4482808403252667 2.5197315810422283 2.59118232175919 2.6626330624761514 2.7888916050873815 2.973740928629592 3.158590252171803 3.3434395757140134 3.528288899256224 3.7131382227987495 3.89798754634096 4.08283686988317 4.267686193425381
2.7691069566698525 2.6809645379049902 2.592822119140278 2.504679700375566 2.4165372816108537 2.328394862846142 2.2402524440814298 2.1521100253167176 2.0639676065520054 1.9758251877872934 1.8876827690225813 1.842141343280673 1.842141343280673 1.842141343280673 1.842141343280673 1.842141343280673 1.842141343280673 1.842141343280673 1.842141343280673 1.842141343280673 1.842141343280673 1.842141343280673 1.842141343280673 1.8766749145894535 1.948125655306415 2.0195763960233766 2.0910271367403377 2.1624778774574214 2.2339286181743825 2.305379358891344 2.3768300996083056 2.4482808403252667 2.5197315810422283 2.59118232175919 2.6626330624761514 2.7888916050873815 2.973740928629592 3.158590252171803 3.3434395757140134 3.528288899256224 3.7131382227987495 3.89798754634096 4.08283686988317 4.267686193425381
2.7691069566698525 2.6809645379049902 2.592822119140278 2.504679700375566 2.4165372816108537 2.328394862846142 2.2402524440814298 2.1521100253167176 2.0639676065520054 1.9758251877872934 1.8876827690225813 1.842141343280673 1.842141343280673 1.842141343280673 1.842141343280673 1.842141343280673 1.842141343280673 1.842141343280673 1.842141343280673 1.842141343280673 1.842141343280673 1.842141343280673 1.842141343280673 1.8766749145894535 1.948125655306415 2.0195763960233766 2.0910271367403377 2.1624778774574214 2.2339286181743825 2.305379358891344 2.3768300996083056 2.4482808403252667 2.5197315810422283 2.59118232175919 2.6626330624761514 2.7888916050873815 2.973740928629592 3.158590252171803 3.3434395757140134 3.528288899256224 3.7131382227987495 3.89798754634096 4.08283686988317 4.267686193425381
