Figures/CREST_Example_wjb_NSE/Rolling_result/20100722/BJP_forecast/ens_4/wjb.rain.20100725.asc
ncols            288
nrows            254
xllcorner        113.274861
yllcorner        31.4918055
cellsize         0.008333333333
NODATA_value     -9999
[rows 100 to 119 of 254, columns 88 to 131 of 288]
5.421888318021268 5.478439148369653 5.534989978718039 5.5915408090665215 5.648091639414908 5.704642469763294 5.76119330011168 5.817744130460065 5.874294960808451 5.9308457911568375 5.987396621505224 5.855023686249782 5.520686973869209 5.186350261488635 4.852013549108062 4.517676836727488 4.183340124346344 3.849003411965771 3.5146666995851974 3.180329987204624 2.8459932748240506 2.511656562443477 2.1773198500629034 2.008803592274557 2.017553150099756 2.0263027079249554 2.035052265750155 2.0438018235753543 2.0525513814005536 2.061300939225768 2.070050497050967 2.078800054876167 2.087549612701366 2.0962991705265654 2.105048728351765 2.0645350997254783 1.9713580107059805 1.8781809216864829 1.7850038326669853 1.6918267436474874 1.5986496546279898 1.5054725656084922 1.4122954765888356 1.319118387569338
5.346097784806456 5.392011707987618 5.43792563116878 5.483839554350022 5.529753477531184 5.575667400712346 5.621581323893508 5.667495247074671 5.713409170255834 5.759323093436996 5.805237016618158 5.674966016082804 5.356349348433717 5.037732680784631 4.719116013135545 4.400499345486459 4.081882677836829 3.7632660101877424 3.444649342538656 3.1260326748895695 2.8074160072404832 2.488799339591397 2.1701826719423107 2.011164008649227 2.0227592209605296 2.0343544332718317 2.0459496455831343 2.057544857894437 2.0691400702057394 2.080735282517062 2.092330494828364 2.1039257071396666 2.115520919450969 2.1271161317622718 2.1387113440735743 2.0989766096703284 2.004369001413311 1.9097613931562936 1.815153784899276 1.7205461766422585 1.6259385683852408 1.5313309601282232 1.4367233518710445 1.342115743614027
5.2703072515916425 5.305584267605582 5.340861283619521 5.376138299633521 5.411415315647459 5.446692331661398 5.481969347675338 5.517246363689277 5.552523379703215 5.587800395717155 5.623077411731094 5.494908345915826 5.192011722998227 4.889115100080628 4.586218477163029 4.28332185424543 3.980425231327314 3.6775286084097147 3.3746319854921154 3.0717353625745165 2.768838739656917 2.465942116739318 2.163045493821719 2.0135244250238973 2.027965291821303 2.0424061586187086 2.056847025416114 2.07128789221352 2.0857287590109252 2.1001696258083555 2.114610492605761 2.129051359403167 2.1434922262005722 2.1579330929979776 2.1723739597953835 2.1334181196151785 2.0373799921206412 1.9413418646261038 1.8453037371315664 1.7492656096370292 1.6532274821424917 1.5571893546479543 1.4611512271532532 1.365113099658716
5.19451671837683 5.219156827223546 5.243796936070261 5.268437044917019 5.293077153763734 5.317717262610451 5.342357371457166 5.366997480303882 5.391637589150598 5.416277697997313 5.440917806844029 5.314850675748848 5.027674097562736 4.740497519376624 4.453320941190512 4.1661443630044 3.878967784817798 3.5917912066316857 3.304614628445574 3.017438050259462 2.7302614720733502 2.4430848938872383 2.1559083157011263 2.0158848413985675 2.033171362682076 2.050457883965585 2.0677444052490936 2.0850309265326024 2.1023174478161106 2.119603969099649 2.136890490383158 2.1541770116666665 2.171463532950175 2.1887500542336835 2.2060365755171922 2.1678596295600285 2.070390982827971 1.9729223360959143 1.875453689363857 1.7779850426317998 1.6805163958997427 1.5830477491676853 1.485579102435462 1.388110455703405
5.118726185162018 5.13272938684151 5.146732588521003 5.160735790200518 5.174738991880011 5.188742193559503 5.202745395238995 5.216748596918487 5.2307517985979795 5.244755000277472 5.258758201956963 5.134793005581869 4.863336472127244 4.591879938672619 4.320423405217995 4.04896687176337 3.777510338308282 3.506053804853657 3.2345972713990325 2.963140737944408 2.691684204489783 2.4202276710351582 2.1487711375805336 2.0182452577732377 2.0383774335428493 2.0585096093124613 2.078641785082073 2.098773960851685 2.1189061366212965 2.1390383123909427 2.1591704881605547 2.1793026639301663 2.1994348396997783 2.21956701546939 2.239699191239002 2.202301139504879 2.103401973535302 2.004502807565725 1.905603641596148 1.8067044756265709 1.7078053096569938 1.6089061436874168 1.510006977717671 1.411107811748094
5.04293565194714 5.0463019464593994 5.04966824097166 5.053034535483925 5.056400829996185 5.059767124508444 5.063133419020704 5.066499713532965 5.069866008045224 5.073232302557484 5.076598597069744 4.954735335414737 4.698998846691613 4.443262357968489 4.1875258692453645 3.9317893805222406 3.6760528917986806 3.420316403075556 3.164579914352432 2.908843425629308 2.653106936906184 2.3973704481830596 2.1416339594599356 2.02060567414791 2.0435835044036272 2.0665613346593448 2.089539164915062 2.1125169951707794 2.1354948254264965 2.158472655682253 2.1814504859379706 2.2044283161936877 2.227406146449405 2.2503839767051224 2.27336180696084 2.2367426494497584 2.1364129642426604 2.0360832790355623 1.9357535938284642 1.8354239086213662 1.7350942234142679 1.6347645382071698 1.5344348529999006 1.4341051677928025
4.9671451187323274 4.959874506077364 4.9526038934224 4.945333280767424 4.938062668112461 4.930792055457497 4.923521442802533 4.91625083014757 4.908980217492607 4.9017096048376425 4.894438992182679 4.77467766524776 4.534661221256123 4.294644777264486 4.0546283332728486 3.8146118892812115 3.574595445289165 3.334579001297528 3.094562557305891 2.854546113314254 2.614529669322617 2.37451322533098 2.1344967813393425 2.0229660905225804 2.0487895752644008 2.074613060006221 2.1004365447480415 2.126260029489862 2.1520835142316823 2.1779069989735467 2.203730483715367 2.2295539684571875 2.255377453199008 2.2812009379408282 2.3070244226826486 2.2711841593946085 2.1694239549499907 2.0676637505053725 1.9659035460607548 1.8641433416161366 1.7623831371715188 1.6606229327269006 1.5588627282821093 1.4571025238374913
4.891354585517515 4.873447065695328 4.855539545873141 4.837632026050923 4.819724506228736 4.80181698640655 4.783909466584363 4.7660019467621755 4.748094426939988 4.730186907117801 4.712279387295614 4.594619995080781 4.370323595820631 4.146027196560482 3.9217307973003317 3.6974343980401816 3.4731379987796496 3.2488415995194995 3.0245452002593494 2.8002488009992 2.57595240173905 2.3516560024789004 2.1273596032187503 2.02532650689725 2.053995646125174 2.082664785353097 2.1113339245810208 2.1400030638089445 2.1686722030368677 2.1973413422648402 2.2260104814927635 2.254679620720687 2.283348759948611 2.312017899176534 2.340687038404458 2.3056256693394586 2.2024349456573207 2.099244221975183 1.9960534982930451 1.8928627746109075 1.7896720509287696 1.6864813272466317 1.583290603564318 1.48009987988218
4.815564052302703 4.787019625313292 4.7584751983238815 4.7299307713344225 4.7013863443450115 4.672841917355601 4.644297490366191 4.61575306337678 4.58720863638737 4.55866420939796 4.530119782408549 4.414562324913803 4.205985970385139 3.997409615856477 3.788833261327815 3.580256906799152 3.371680552270134 3.1631041977414713 2.9545278432128086 2.7459514886841463 2.5373751341554835 2.328798779626821 2.1202224250981585 2.027686923271921 2.0592017169859473 2.090716510699974 2.1222313044140004 2.153746098128027 2.185260891842054 2.2167756855561342 2.248290479270161 2.2798052729841873 2.311320066698214 2.3428348604122404 2.374349654126267 2.340067179284309 2.235445936364651 2.1308246934449935 2.026203450525336 1.9215822076056783 1.8169609646860205 1.7123397217663627 1.6077184788465269 1.503097235926869
4.789995756747355 4.757450210048221 4.724904663349087 4.692359116649898 4.659813569950764 4.62726802325163 4.594722476552496 4.562176929853362 4.5296313831542285 4.497085836455095 4.464540289755961 4.347644843137428 4.140577446296539 3.93351004945565 3.7264426526147605 3.519375255773871 3.3123078589326287 3.1052404620917393 2.89817306525085 2.6911056684099606 2.484038271569071 2.276970874728182 2.0699034778872925 1.9792889677141126 2.0131652267073012 2.0470414857004897 2.080917744693678 2.114794003686867 2.1486702626800556 2.1825465216733018 2.2164227806664907 2.250299039659679 2.2841752986528676 2.3180515576460565 2.351927816639245 2.3201557125903545 2.218204023825596 2.1162523350608375 2.0143006462960793 1.912348957531321 1.8103972687665626 1.7084455800018041 1.606493891236872 1.5045422024721138
4.8181118670068575 4.788658439039206 4.759205011071554 4.729751583103853 4.700298155136201 4.670844727168549 4.641391299200897 4.611937871233246 4.582484443265595 4.553031015297943 4.5235775873302915 4.401667089867651 4.180917894597735 3.96016869932782 3.739419504057905 3.51867030878799 3.2979211135176985 3.0771719182477835 2.856422722977868 2.6356735277079535 2.414924332438038 2.194175137168123 1.9734259418982076 1.8766335126040004 1.9123536691396672 1.9480738256753343 1.9837939822110011 2.019514138746668 2.055234295282335 2.090954451818063 2.12667460835373 2.1623947648893966 2.1981149214250637 2.2338350779607308 2.269555234496398 2.242144340533608 2.1472449258925757 2.052345511251543 1.9574460966105107 1.8625466819694785 1.767647267328446 1.6727478526874136 1.5778484380462192 1.482949023405187
4.846227977266382 4.819866668030215 4.793505358794049 4.767144049557838 4.740782740321672 4.714421431085506 4.68806012184934 4.661698812613173 4.635337503377007 4.6089761941408405 4.582614884904674 4.45568933659792 4.221258342898968 3.9868273492000146 3.7523963555010615 3.517965361802109 3.2835343681027567 3.0491033744038036 2.814672380704851 2.5802413870058984 2.3458103933069454 2.111379399607993 1.8769484059090398 1.7739780574938002 1.811542111571947 1.849106165650094 1.886670219728241 1.9242342738063878 1.9617983278845348 1.9993623819627457 2.0369264360408925 2.0744904901190395 2.1120545441971865 2.1496185982753335 2.18718265235348 2.1641329684767956 2.076285827959495 1.9884386874421944 1.900591546924894 1.8127444064075935 1.7248972658902928 1.6370501253729923 1.5492029848555422 1.4613558443382417
4.874344087525884 4.8510748970212 4.827805706516516 4.804536516011792 4.781267325507109 4.757998135002425 4.734728944497741 4.711459753993057 4.688190563488373 4.664921372983689 4.641652182479005 4.509711583328142 4.261598791200163 4.013485999072184 3.765373206944206 3.517260414816228 3.269147622687826 3.021034830559848 2.7729220384318687 2.5248092463038905 2.276696454175912 2.028583662047933 1.780470869919955 1.671322602383688 1.7107305540043132 1.7501385056249386 1.7895464572455637 1.828954408866189 1.8683623604868145 1.907770312107507 1.9471782637281323 1.9865862153487575 2.025994166969383 2.065402118590008 2.1048100702106334 2.0861215964200497 2.005326730026475 1.9245318636329003 1.8437369972393256 1.7629421308457511 1.6821472644521764 1.6013523980586017 1.5205575316648894 1.4397626652713147
4.902460197785385 4.882283126012184 4.862106054238983 4.841928982465746 4.821751910692545 4.801574838919343 4.781397767146142 4.761220695372941 4.741043623599739 4.720866551826538 4.700689480053336 4.563733830058364 4.30193923950136 4.040144648944356 3.7783500583873515 3.5165554678303472 3.254760877272896 2.992966286715892 2.7311716961588877 2.469377105601883 2.2075825150448787 1.9457879244878744 1.6839933339308697 1.5686671472735756 1.6099189964366794 1.6511708455997829 1.6924226947628866 1.7336745439259902 1.774926393089094 1.8161782422522679 1.8574300914153716 1.8986819405784752 1.939933789741579 1.9811856389046825 2.0224374880677862 2.0081102243633033 1.9343676320934546 1.860625039823606 1.7868824475537572 1.7131398552839086 1.6393972630140599 1.5656546707442112 1.4919120784742366 1.4181694862043879
4.930576308044887 4.913491355003168 4.896406401961449 4.8793214489197005 4.862236495877982 4.845151542836263 4.828066589794544 4.810981636752825 4.793896683711106 4.776811730669387 4.759726777627668 4.617756076788587 4.342279687802557 4.066803298816527 3.7913269098304965 3.5158505208444666 3.2403741318579664 2.964897742871936 2.6894213538859058 2.4139449648998754 2.138468575913845 1.8629921869278148 1.5875157979417844 1.4660116921634632 1.5091074388690453 1.5522031855746272 1.5952989322802094 1.6383946789857915 1.6814904256913734 1.724586172397029 1.767681919102611 1.810777665808193 1.8538734125137752 1.8969691592193572 1.9400649059249393 1.9300988523065576 1.8634085341604347 1.7967182160143118 1.730027897868189 1.6633375797220662 1.5966472615759433 1.5299569434298204 1.4632666252835838 1.3965763071374608
4.958692418304388 4.944699583994152 4.930706749683915 4.916713915373655 4.902721081063419 4.888728246753182 4.874735412442946 4.860742578132709 4.846749743822473 4.832756909512236 4.818764075202 4.67177832351881 4.382620136103754 4.093461948688698 3.8043037612736414 3.5151455738585855 3.225987386443036 2.9368291990279802 2.647671011612924 2.358512824197868 2.0693546367828115 1.7801964493677556 1.4910382619526992 1.3633562370533507 1.408295881301411 1.4532355255494716 1.498175169797532 1.5431148140455924 1.5880544582936529 1.6329941025417898 1.6779337467898503 1.7228733910379108 1.7678130352859713 1.8127526795340316 1.857692323782092 1.8520874802498113 1.7924494362274144 1.7328113922050175 1.6731733481826205 1.6135353041602234 1.5538972601378265 1.4942592161154296 1.434621172092931 1.374983128070534
4.98680852856389 4.975907812985136 4.9650070974063825 4.95410638182761 4.943205666248855 4.932304950670101 4.921404235091347 4.910503519512593 4.899602803933839 4.888702088355085 4.877801372776331 4.725800570249032 4.422960584404951 4.120120598560868 3.817280612716787 3.5144406268727044 3.211600641028106 2.9087606551840244 2.605920669339942 2.30308068349586 2.000240697651778 1.697400711807696 1.394560725963614 1.2607007819432383 1.3074843237337772 1.354267865524316 1.401051407314855 1.4478349491053937 1.4946184908959326 1.5414020326865512 1.58818557447709 1.6349691162676288 1.6817526580581676 1.7285361998487065 1.7753197416392452 1.7740761081930656 1.7214903382943945 1.6689045683957233 1.6163187984970522 1.563733028598381 1.5111472586997101 1.458561488801039 1.4059757189022781 1.3533899490036072
5.014924638823391 5.00711604197612 4.999307445128848 4.991498848281563 4.983690251434292 4.97588165458702 4.968073057739749 4.9602644608924775 4.952455864045206 4.944647267197935 4.936838670350663 4.779822816979256 4.4633010327061475 4.14677924843304 3.8302574641599323 3.5137356798868242 3.1972138956131766 2.8806921113400685 2.564170327066961 2.247648542793853 1.9311267585207452 1.6146049742476372 1.2980831899745295 1.1580453268331259 1.2066727661661432 1.2553002054991602 1.3039276448321775 1.3525550841651948 1.4011825234982118 1.4498099628313121 1.4984374021643292 1.5470648414973465 1.5956922808303635 1.6443197201633808 1.692947159496398 1.6960647361363193 1.650531240361374 1.604997744586429 1.5594642488114838 1.5139307530365387 1.4683972572615933 1.4228637614866482 1.3773302657116253 1.3317967699366802
5.043040749082917 5.038324270967131 5.0336077928513445 5.028891314735549 5.024174836619763 5.019458358503977 5.014741880388191 5.0100254022724044 5.005308924156617 5.000592446040831 4.995875967925045 4.833845063709524 4.503641481007379 4.173437898305234 3.843234315603088 3.5130307329009427 3.182827150198234 2.8526235674960887 2.5224199847939435 2.192216402091798 1.8620128193896526 1.531809236687507 1.2016056539853617 1.055389871722926 1.1058612085984232 1.1563325454739204 1.2068038823494176 1.2572752192249146 1.3077465561004118 1.3582178929759952 1.4086892298514924 1.4591605667269893 1.5096319036024866 1.5601032404779838 1.6105745773534808 1.6180533640795067 1.5795721424282936 1.5410909207770802 1.502609699125867 1.4641284774746537 1.4256472558234403 1.3871660341722272 1.3486848125209483 1.310203590869735
5.071156859342418 5.069532499958115 5.0679081405738104 5.066283781189504 5.0646594218052 5.063035062420896 5.061410703036592 5.059786343652288 5.058161984267985 5.05653762488368 5.054913265499376 4.887867310439747 4.5439819293085755 4.200096548177404 3.856211167046233 3.5123257859150616 3.168440404783304 2.824555023652133 2.4806696425209616 2.1367842613897903 1.792898880258619 1.4490134991274477 1.1051281179962764 0.9527344166128137 1.0050496510307891 1.0573648854487647 1.1096801198667403 1.161995354284716 1.2143105887026913 1.2666258231207561 1.3189410575387317 1.3712562919567073 1.4235715263746829 1.4758867607926582 1.5282019952106338 1.5400419920227608 1.5086130444952734 1.477184096967786 1.4457551494402987 1.4143262019128113 1.3828972543853237 1.3514683068578364 1.3200393593302955 1.288610411802808
