Figures/CREST_Example_wjb_NSE/Rolling_result/20100722/BJP_forecast/ens_4/wjb.rain.20100727.asc
ncols            288
nrows            254
xllcorner        113.274861
yllcorner        31.4918055
cellsize         0.008333333333
NODATA_value     -9999
[rows 44 to 65 of 254, columns 147 to 195 of 288]
1.128470422665728 1.128470422665728 1.128470422665728 1.128470422665728 1.128470422665728 1.128470422665728 1.128470422665728 1.128470422665728 1.128470422665728 1.128470422665728 -9999.0 -9999.0 -9999.0 -9999.0 -9999.0 -9999.0 -9999.0 -9999.0 -9999.0 -9999.0 -9999.0 -9999.0 -9999.0 -9999.0 -9999.0 -9999.0 -9999.0 -9999.0 -9999.0 -9999.0 -9999.0 -9999.0 -9999.0 -9999.0 -9999.0 -9999.0 -9999.0 -9999.0 -9999.0 -9999.0 -9999.0 -9999.0 -9999.0 -9999.0 -9999.0 -9999.0 -9999.0 -9999.0 -9999.0
1.128470422665728 1.128470422665728 1.128470422665728 1.128470422665728 1.128470422665728 1.128470422665728 1.128470422665728 1.128470422665728 1.128470422665728 1.128470422665728 -9999.0 1.128470422665728 1.128470422665728 1.128470422665728 -9999.0 -9999.0 -9999.0 -9999.0 -9999.0 -9999.0 -9999.0 -9999.0 -9999.0 -9999.0 -9999.0 -9999.0 -9999.0 -9999.0 -9999.0 -9999.0 -9999.0 -9999.0 -9999.0 -9999.0 -9999.0 -9999.0 -9999.0 -9999.0 -9999.0 -9999.0 -9999.0 -9999.0 -9999.0 -9999.0 -9999.0 -9999.0 -9999.0 -9999.0 -9999.0
1.128470422665728 1.128470422665728 1.128470422665728 1.128470422665728 1.128470422665728 1.128470422665728 1.128470422665728 1.128470422665728 1.128470422665728 1.128470422665728 1.128470422665728 1.128470422665728 1.128470422665728 1.128470422665728 -9999.0 -9999.0 -9999.0 -9999.0 -9999.0 -9999.0 -9999.0 -9999.0 -9999.0 -9999.0 -9999.0 -9999.0 -9999.0 -9999.0 -9999.0 -9999.0 -9999.0 -9999.0 -9999.0 -9999.0 -9999.0 -9999.0 -9999.0 -9999.0 -9999.0 -9999.0 -9999.0 -9999.0 -9999.0 -9999.0 -9999.0 -9999.0 -9999.0 -9999.0 -9999.0
1.128470422665728 1.128470422665728 1.128470422665728 1.128470422665728 1.128470422665728 1.128470422665728 1.128470422665728 1.128470422665728 1.128470422665728 1.128470422665728 1.128470422665728 1.128470422665728 1.128470422665728 -9999.0 -9999.0 -9999.0 -9999.0 -9999.0 -9999.0 -9999.0 -9999.0 -9999.0 -9999.0 -9999.0 -9999.0 -9999.0 -9999.0 -9999.0 -9999.0 -9999.0 -9999.0 -9999.0 -9999.0 -9999.0 -9999.0 -9999.0 -9999.0 -9999.0 -9999.0 -9999.0 -9999.0 -9999.0 -9999.0 -9999.0 -9999.0 -9999.0 -9999.0 -9999.0 -9999.0
1.128470422665728 1.128470422665728 1.128470422665728 1.128470422665728 1.128470422665728 1.128470422665728 1.128470422665728 1.128470422665728 1.128470422665728 1.128470422665728 1.128470422665728 1.128470422665728 1.128470422665728 1.128470422665728 1.128470422665728 1.128470422665728 -9999.0 -9999.0 -9999.0 -9999.0 -9999.0 -9999.0 -9999.0 -9999.0 -9999.0 -9999.0 -9999.0 -9999.0 -9999.0 -9999.0 -9999.0 -9999.0 -9999.0 -9999.0 -9999.0 -9999.0 -9999.0 -9999.0 -9999.0 -9999.0 -9999.0 -9999.0 -9999.0 -9999.0 -9999.0 -9999.0 -9999.0 -9999.0 -9999.0
0.0 0.0 0.0 0.0 0.0 0.0 0.0 0.0 0.0 0.0 0.0 0.0 1.128470422665728 1.128470422665728 1.128470422665728 1.128470422665728 1.128470422665728 1.128470422665728 1.128470422665728 -9999.0 -9999.0 -9999.0 -9999.0 -9999.0 -9999.0 -9999.0 -9999.0 -9999.0 -9999.0 -9999.0 -9999.0 -9999.0 -9999.0 -9999.0 -9999.0 -9999.0 -9999.0 -9999.0 -9999.0 -9999.0 -9999.0 -9999.0 -9999.0 -9999.0 -9999.0 -9999.0 -9999.0 -9999.0 -9999.0
0.0 0.0 0.0 0.0 0.0 0.0 0.0 0.0 0.0 0.0 0.0 0.0 1.128470422665728 1.128470422665728 1.128470422665728 1.128470422665728 1.128470422665728 1.128470422665728 1.128470422665728 1.128470422665728 1.128470422665728 1.128470422665728 -9999.0 -9999.0 -9999.0 -9999.0 -9999.0 -9999.0 -9999.0 -9999.0 -9999.0 -9999.0 -9999.0 -9999.0 -9999.0 -9999.0 -9999.0 -9999.0 -9999.0 -9999.0 -9999.0 -9999.0 -9999.0 -9999.0 -9999.0 -9999.0 -9999.0 -9999.0 -9999.0
0.0 0.0 0.0 0.0 0.0 0.0 0.0 0.0 0.0 0.0 0.0 0.0 1.128470422665728 1.128470422665728 1.128470422665728 1.128470422665728 1.128470422665728 1.128470422665728 1.128470422665728 1.128470422665728 1.128470422665728 1.128470422665728 1.128470422665728 -9999.0 -9999.0 -9999.0 -9999.0 -9999.0 -9999.0 -9999.0 -9999.0 -9999.0 -9999.0 -9999.0 -9999.0 -9999.0 -9999.0 -9999.0 -9999.0 -9999.0 -9999.0 -9999.0 -9999.0 -9999.0 -9999.0 -9999.0 -9999.0 -9999.0 -9999.0
0.0 0.0 0.0 0.0 0.0 0.0 0.0 0.0 0.0 0.0 0.0 0.0 1.128470422665728 1.128470422665728 1.128470422665728 1.128470422665728 1.128470422665728 1.128470422665728 1.128470422665728 1.128470422665728 1.128470422665728 1.128470422665728 1.128470422665728 1.128470422665728 1.128470422665728 1.128470422665728 -9999.0 -9999.0 -9999.0 -9999.0 -9999.0 -9999.0 -9999.0 -9999.0 -9999.0 -9999.0 -9999.0 -9999.0 -9999.0 -9999.0 -9999.0 -9999.0 -9999.0 -9999.0 -9999.0 -9999.0 -9999.0 -9999.0 -9999.0
0.0 0.0 0.0 0.0 0.0 0.0 0.0 0.0 0.0 0.0 0.0 0.0 1.128470422665728 1.128470422665728 1.128470422665728 1.128470422665728 1.128470422665728 1.128470422665728 1.128470422665728 1.128470422665728 1.128470422665728 1.128470422665728 1.128470422665728 1.128470422665728 1.128470422665728 1.128470422665728 -9999.0 -9999.0 -9999.0 -9999.0 -9999.0 -9999.0 -9999.0 -9999.0 -9999.0 -9999.0 -9999.0 -9999.0 -9999.0 -9999.0 -9999.0 -9999.0 -9999.0 -9999.0 -9999.0 -9999.0 -9999.0 -9999.0 -9999.0
0.0 0.0 0.0 0.0 0.0 0.0 0.0 0.0 0.0 0.0 0.0 0.0 1.128470422665728 1.128470422665728 1.128470422665728 1.128470422665728 1.128470422665728 1.128470422665728 1.128470422665728 1.128470422665728 1.128470422665728 1.128470422665728 1.128470422665728 1.128470422665728 1.128470422665728 1.128470422665728 1.128470422665728 -9999.0 -9999.0 -9999.0 -9999.0 -9999.0 -9999.0 -9999.0 -9999.0 -9999.0 -9999.0 -9999.0 -9999.0 -9999.0 -9999.0 -9999.0 -9999.0 -9999.0 -9999.0 -9999.0 -9999.0 -9999.0 -9999.0
0.0 0.0 0.0 0.0 0.0 0.0 0.0 0.0 0.0 0.0 0.0 0.0 1.128470422665728 1.128470422665728 1.128470422665728 1.128470422665728 1.128470422665728 1.128470422665728 1.128470422665728 1.128470422665728 1.128470422665728 1.128470422665728 1.128470422665728 1.128470422665728 1.128470422665728 1.128470422665728 1.128470422665728 1.128470422665728 -9999.0 -9999.0 -9999.0 -9999.0 1.128470422665728 -9999.0 -9999.0 -9999.0 -9999.0 -9999.0 -9999.0 -9999.0 -9999.0 -9999.0 -9999.0 -9999.0 -9999.0 -9999.0 -9999.0 -9999.0 -9999.0
0.0 0.0 0.0 0.0 0.0 0.0 0.0 0.0 0.0 0.0 0.0 0.0 1.128470422665728 1.128470422665728 1.128470422665728 1.128470422665728 1.128470422665728 1.128470422665728 1.128470422665728 1.128470422665728 1.128470422665728 1.128470422665728 1.128470422665728 1.128470422665728 1.128470422665728 1.128470422665728 1.128470422665728 1.128470422665728 1.128470422665728 -9999.0 -9999.0 1.128470422665728 1.128470422665728 1.128470422665728 1.128470422665728 1.128470422665728 -9999.0 -9999.0 -9999.0 -9999.0 -9999.0 -9999.0 -9999.0 -9999.0 -9999.0 -9999.0 -9999.0 -9999.0 -9999.0
0.0 0.0 0.0 0.0 0.0 0.0 0.0 0.0 0.0 0.0 0.0 0.0 1.128470422665728 1.128470422665728 1.128470422665728 1.128470422665728 1.128470422665728 1.128470422665728 1.128470422665728 1.128470422665728 1.128470422665728 1.128470422665728 1.128470422665728 1.128470422665728 1.128470422665728 1.128470422665728 1.128470422665728 1.128470422665728 1.128470422665728 1.128470422665728 1.128470422665728 1.128470422665728 1.128470422665728 1.128470422665728 1.128470422665728 1.128470422665728 1.128470422665728 1.128470422665728 -9999.0 -9999.0 1.128470422665728 -9999.0 -9999.0 -9999.0 -9999.0 -9999.0 -9999.0 1.128470422665728 -9999.0
0.0 0.0 0.0 0.0 0.0 0.0 0.0 0.0 0.0 0.0 0.0 0.0 1.128470422665728 1.128470422665728 1.128470422665728 1.128470422665728 1.128470422665728 1.128470422665728 1.128470422665728 1.128470422665728 1.128470422665728 1.128470422665728 1.128470422665728 1.128470422665728 1.128470422665728 1.128470422665728 1.128470422665728 1.128470422665728 1.128470422665728 1.128470422665728 1.128470422665728 1.128470422665728 1.128470422665728 1.128470422665728 1.128470422665728 1.128470422665728 1.128470422665728 1.128470422665728 1.128470422665728 1.128470422665728 1.128470422665728 1.128470422665728 1.128470422665728 1.128470422665728 1.128470422665728 1.128470422665728 1.128470422665728 1.128470422665728 1.128470422665728
0.0 0.0 0.0 0.0 0.0 0.0 0.0 0.0 0.0 0.0 0.0 0.0 1.128470422665728 1.128470422665728 1.128470422665728 1.128470422665728 1.128470422665728 1.128470422665728 1.128470422665728 1.128470422665728 1.128470422665728 1.128470422665728 1.128470422665728 1.128470422665728 1.128470422665728 1.128470422665728 1.128470422665728 1.128470422665728 1.128470422665728 1.128470422665728 1.128470422665728 1.128470422665728 1.128470422665728 1.128470422665728 1.128470422665728 1.128470422665728 1.128470422665728 1.128470422665728 1.128470422665728 1.128470422665728 1.128470422665728 1.128470422665728 1.128470422665728 1.128470422665728 1.128470422665728 1.128470422665728 1.128470422665728 1.128470422665728 1.128470422665728
0.0 0.0 0.0 0.0 0.0 0.0 0.0 0.0 0.0 0.0 0.0 0.0 1.128470422665728 1.128470422665728 1.128470422665728 1.128470422665728 1.128470422665728 1.128470422665728 1.128470422665728 1.128470422665728 1.128470422665728 1.128470422665728 1.128470422665728 1.128470422665728 1.128470422665728 1.128470422665728 1.128470422665728 1.128470422665728 1.128470422665728 1.128470422665728 1.128470422665728 1.128470422665728 1.128470422665728 1.128470422665728 1.128470422665728 1.128470422665728 1.128470422665728 1.128470422665728 1.128470422665728 1.128470422665728 1.128470422665728 1.128470422665728 1.128470422665728 1.128470422665728 1.128470422665728 1.128470422665728 1.128470422665728 1.128470422665728 1.128470422665728
0.011055191467068844 0.010740897163644585 0.010426602860220326 0.010112308556796068 0.009798014253371809 0.00948371994994755 0.009169425646523292 0.008855131343099032 0.008540837039674773 0.00822654273624998 0.00791224843282572 0.0075979541294014605 0.06477897677473815 0.18342379383701501 0.3020686108992918 0.42071342796156874 0.5393582450238456 0.6580030620861225 0.7766478791483993 0.8952926962106762 1.0139375132729531 1.1325823303352298 1.251227147397709 1.369871964459986 1.459251757455875 1.5173465776618904 1.5754413978679058 1.6335362180739212 1.6916310382799367 1.749725858485952 1.8078206786919675 1.865915498897983 1.9240103191039983 1.9821051393100138 2.040199959516029 2.098294779722144 1.128470422665728 1.128470422665728 1.128470422665728 1.128470422665728 1.128470422665728 1.128470422665728 1.128470422665728 1.128470422665728 1.128470422665728 1.128470422665728 1.128470422665728 -9999.0 -9999.0
0.03392768555095216 0.032963136150899026 0.0319985867508459 0.031034037350792774 0.030069487950739646 0.02910493855068652 0.028140389150633393 0.027175839750580265 0.02621129035052714 0.025246740950472364 0.02428219155041924 0.02331764215036611 0.07541680910210272 0.18424228918559982 0.29306776926909694 0.4018932493525941 0.5107187294360912 0.6195442095195883 0.7283696896030855 0.8371951696865825 0.9460206497700796 1.0548461298535767 1.1636716099372593 1.2724970900207564 1.3545400521517794 1.407951896690461 1.4613637412291425 1.5147755857678238 1.5681874303065053 1.6215992748451868 1.6750111193838682 1.7284229639225497 1.7818348084612312 1.8352466529999127 1.8886584975385943 1.9420703420773666 1.128470422665728 1.128470422665728 1.128470422665728 1.128470422665728 1.128470422665728 1.128470422665728 1.128470422665728 1.128470422665728 1.128470422665728 1.128470422665728 1.128470422665728 -9999.0 -9999.0
0.05680017963483552 0.05518537513815352 0.05357057064147151 0.051955766144789514 0.05034096164810751 0.0487261571514255 0.047111352654743505 0.0454965481580615 0.0438817436613795 0.04226693916469474 0.040652134668012735 0.039037330171330736 0.08605464142946725 0.18506078453418462 0.284066927638902 0.38307307074361935 0.48207921384833674 0.5810853569530541 0.6800915000577715 0.7790976431624889 0.8781037862672062 0.9771099293719236 1.0761160724768097 1.1751222155815273 1.2498283468476843 1.2985572157190317 1.3472860845903794 1.3960149534617268 1.4447438223330742 1.4934726912044218 1.5422015600757693 1.5909304289471167 1.639659297818464 1.6883881666898117 1.7371170355611594 1.7858459044325898 1.128470422665728 1.128470422665728 1.128470422665728 1.128470422665728 1.128470422665728 1.128470422665728 1.128470422665728 1.128470422665728 1.128470422665728 1.128470422665728 1.128470422665728 -9999.0 -9999.0
0.07967267371871886 0.07740761412540799 0.07514255453209712 0.07287749493878624 0.07061243534547537 0.06834737575216449 0.06608231615885363 0.06381725656554274 0.06155219697223187 0.05928713737891714 0.057022077785606265 0.05475701819229539 0.09669247375683182 0.18587927988276948 0.2750660860087071 0.36425289213464473 0.4534396982605824 0.5426265043865199 0.6318133105124577 0.7210001166383952 0.8101869227643328 0.8993737288902706 0.9885605350163602 1.077747341142298 1.145116641543589 1.1891625347476025 1.233208427951616 1.2772543211556295 1.321300214359643 1.3653461075636566 1.4093920007676701 1.4534378939716837 1.4974837871756972 1.5415296803797107 1.5855755735837243 1.6296214667878128 1.128470422665728 1.128470422665728 1.128470422665728 1.128470422665728 1.128470422665728 1.128470422665728 1.128470422665728 1.128470422665728 1.128470422665728 1.128470422665728 1.128470422665728 -9999.0 -9999.0
0.1025451678026022 0.09962985311266245 0.0967145384227227 0.09379922373278296 0.09088390904284321 0.08796859435290347 0.08505327966296372 0.08213796497302397 0.07922265028308423 0.07630733559313951 0.07339202090319977 0.07047670621326002 0.10733030608419639 0.1866977752313543 0.2660652443785122 0.3454327135256701 0.42480018267282804 0.5041676518199859 0.5835351209671439 0.6629025901143017 0.7422700592614597 0.8216375284086176 0.9010049975559109 0.9803724667030688 1.0404049362394936 1.0797678537761732 1.1191307713128527 1.1584936888495323 1.197856606386212 1.2372195239228914 1.276582441459571 1.3159453589962506 1.35530827653293 1.3946711940696097 1.4340341116062891 1.4733970291430358 1.128470422665728 1.128470422665728 1.128470422665728 1.128470422665728 1.128470422665728 1.128470422665728 1.128470422665728 1.128470422665728 1.128470422665728 1.128470422665728 1.128470422665728 1.128470422665728 -9999.0
