Figures/CREST_Example_wjb_NSE/Rolling_result/20100722/BJP_forecast/ens_4/wjb.rain.20091207.asc
ncols            288
nrows            254
xllcorner        113.274861
yllcorner        31.4918055
cellsize         0.008333333333
NODATA_value     -9999
[rows 156 to 181 of 254, columns 0 to 59 of 288]
-9999.0 -9999.0 -9999.0 -9999.0 -9999.0 -9999.0 -9999.0 -9999.0 0.24982191648142196 0.29538225519717737 0.34094259391293275 0.3865029326286881 0.4320632713444435 0.4776236100602766 0.523183948776032 0.549182666437899 0.5542695691729442 0.5593564719079894 0.5644433746430346 0.5695302773780798 0.5746171801131251 0.5797040828481703 0.5847909855832155 0.5898778883182607 0.5949647910533059 0.6000516937883511 0.6051385965234051 0.607766897434041 0.607766897434041 0.607766897434041 0.607766897434041 0.607766897434041 0.607766897434041 0.607766897434041 0.607766897434041 0.607766897434041 0.607766897434041 0.607766897434041 0.607766897434041 0.6027554567898762 0.5923866728365337 0.5820178888831912 0.5716491049298487 0.561280320976506 0.5509115370231635 0.540542753069821 0.5301739691164785 0.5198051851631359 0.5094364012097934 0.4990676172564509 0.4886988333031083 0.48334148998892656 0.48334148998892656 0.48334148998892656 0.48334148998892656 0.48334148998892656 0.48334148998892656 0.48334148998892656 0.48334148998892656 0.48334148998892656
-9999.0 -9999.0 -9999.0 -9999.0 -9999.0 -9999.0 -9999.0 -9999.0 -9999.0 0.30348222397938207 -9999.0 -9999.0 -9999.0 0.490720999165623 0.5375306929621633 0.564302186564367 0.5696523913696857 0.5750025961750044 0.580352800980323 0.5857030057856418 0.5910532105909605 0.5964034153962792 0.6017536202015978 0.6071038250069165 0.6124540298122352 0.6178042346175538 0.6231544394228817 0.6259187832474709 0.6259187832474709 0.6259187832474709 0.6259187832474709 0.6259187832474709 0.6259187832474709 0.6259187832474709 0.6259187832474709 0.6259187832474709 0.6259187832474709 0.6259187832474709 0.6259187832474709 0.6205029434098097 0.6092974483855396 0.5980919533612694 0.5868864583369993 0.575680963312729 0.5644754682884588 0.5532699732641887 0.5420644782399185 0.5308589832156483 0.5196534881913781 0.508447993167108 0.4972424981428378 0.4914528429508209 0.4914528429508209 0.4914528429508209 0.4914528429508209 0.4914528429508209 0.4914528429508209 0.4914528429508209 0.4914528429508209 0.4914528429508209
-9999.0 -9999.0 -9999.0 -9999.0 -9999.0 -9999.0 -9999.0 -9999.0 -9999.0 -9999.0 -9999.0 -9999.0 -9999.0 -9999.0 0.5375306929621633 0.564302186564367 0.5696523913696857 0.5750025961750044 0.580352800980323 0.5857030057856418 0.5910532105909605 0.5964034153962792 0.6017536202015978 0.6071038250069165 0.6124540298122352 0.6178042346175538 0.6231544394228817 0.6259187832474709 0.6259187832474709 0.6259187832474709 0.6259187832474709 0.6259187832474709 0.6259187832474709 0.6259187832474709 0.6259187832474709 0.6259187832474709 0.6259187832474709 0.6259187832474709 0.6259187832474709 0.6205029434098097 0.6092974483855396 0.5980919533612694 0.5868864583369993 0.575680963312729 0.5644754682884588 0.5532699732641887 0.5420644782399185 0.5308589832156483 0.5196534881913781 0.508447993167108 0.4972424981428378 0.4914528429508209 0.4914528429508209 0.4914528429508209 0.4914528429508209 0.4914528429508209 0.4914528429508209 0.4914528429508209 0.4914528429508209 0.4914528429508209
-9999.0 -9999.0 -9999.0 -9999.0 -9999.0 -9999.0 -9999.0 -9999.0 -9999.0 -9999.0 -9999.0 -9999.0 -9999.0 -9999.0 -9999.0 -9999.0 0.5696523913696857 0.5750025961750044 0.580352800980323 0.5857030057856418 0.5910532105909605 0.5964034153962792 0.6017536202015978 0.6071038250069165 0.6124540298122352 0.6178042346175538 0.6231544394228817 0.6259187832474709 0.6259187832474709 0.6259187832474709 0.6259187832474709 0.6259187832474709 0.6259187832474709 0.6259187832474709 0.6259187832474709 0.6259187832474709 0.6259187832474709 0.6259187832474709 0.6259187832474709 0.6205029434098097 0.6092974483855396 0.5980919533612694 0.5868864583369993 0.575680963312729 0.5644754682884588 0.5532699732641887 0.5420644782399185 0.5308589832156483 0.5196534881913781 0.508447993167108 0.4972424981428378 0.4914528429508209 0.4914528429508209 0.4914528429508209 0.4914528429508209 0.4914528429508209 0.4914528429508209 0.4914528429508209 0.4914528429508209 0.4914528429508209
-9999.0 -9999.0 -9999.0 -9999.0 -9999.0 -9999.0 -9999.0 -9999.0 -9999.0 -9999.0 -9999.0 -9999.0 -9999.0 -9999.0 -9999.0 -9999.0 -9999.0 0.5750025961750044 0.580352800980323 0.5857030057856418 0.5910532105909605 0.5964034153962792 0.6017536202015978 0.6071038250069165 0.6124540298122352 0.6178042346175538 0.6231544394228817 0.6259187832474709 0.6259187832474709 0.6259187832474709 0.6259187832474709 0.6259187832474709 0.6259187832474709 0.6259187832474709 0.6259187832474709 0.6259187832474709 0.6259187832474709 0.6259187832474709 0.6259187832474709 0.6205029434098097 0.6092974483855396 0.5980919533612694 0.5868864583369993 0.575680963312729 0.5644754682884588 0.5532699732641887 0.5420644782399185 0.5308589832156483 0.5196534881913781 0.508447993167108 0.4972424981428378 0.4914528429508209 0.4914528429508209 0.4914528429508209 0.4914528429508209 0.4914528429508209 0.4914528429508209 0.4914528429508209 0.4914528429508209 0.4914528429508209
-9999.0 -9999.0 -9999.0 -9999.0 -9999.0 -9999.0 -9999.0 -9999.0 -9999.0 -9999.0 -9999.0 -9999.0 -9999.0 -9999.0 -9999.0 -9999.0 -9999.0 -9999.0 0.580352800980323 0.5857030057856418 0.5910532105909605 0.5964034153962792 0.6017536202015978 0.6071038250069165 0.6124540298122352 0.6178042346175538 0.6231544394228817 0.6259187832474709 0.6259187832474709 0.6259187832474709 0.6259187832474709 0.6259187832474709 0.6259187832474709 0.6259187832474709 0.6259187832474709 0.6259187832474709 0.6259187832474709 0.6259187832474709 0.6259187832474709 0.6205029434098097 0.6092974483855396 0.5980919533612694 0.5868864583369993 0.575680963312729 0.5644754682884588 0.5532699732641887 0.5420644782399185 0.5308589832156483 0.5196534881913781 0.508447993167108 0.4972424981428378 0.4914528429508209 0.4914528429508209 0.4914528429508209 0.4914528429508209 0.4914528429508209 0.4914528429508209 0.4914528429508209 0.4914528429508209 0.4914528429508209
-9999.0 -9999.0 -9999.0 -9999.0 -9999.0 -9999.0 -9999.0 -9999.0 -9999.0 -9999.0 -9999.0 -9999.0 -9999.0 -9999.0 -9999.0 -9999.0 -9999.0 -9999.0 -9999.0 0.5857030057856418 0.5910532105909605 0.5964034153962792 0.6017536202015978 0.6071038250069165 0.6124540298122352 0.6178042346175538 0.6231544394228817 0.6259187832474709 0.6259187832474709 0.6259187832474709 0.6259187832474709 0.6259187832474709 0.6259187832474709 0.6259187832474709 0.6259187832474709 0.6259187832474709 0.6259187832474709 0.6259187832474709 0.6259187832474709 0.6205029434098097 0.6092974483855396 0.5980919533612694 0.5868864583369993 0.575680963312729 0.5644754682884588 0.5532699732641887 0.5420644782399185 0.5308589832156483 0.5196534881913781 0.508447993167108 0.4972424981428378 0.4914528429508209 0.4914528429508209 0.4914528429508209 0.4914528429508209 0.4914528429508209 0.4914528429508209 0.4914528429508209 0.4914528429508209 0.4914528429508209
-9999.0 -9999.0 -9999.0 -9999.0 -9999.0 -9999.0 -9999.0 -9999.0 -9999.0 -9999.0 -9999.0 -9999.0 -9999.0 -9999.0 -9999.0 -9999.0 -9999.0 -9999.0 -9999.0 0.5857030057856418 0.5910532105909605 0.5964034153962792 0.6017536202015978 0.6071038250069165 0.6124540298122352 0.6178042346175538 0.6231544394228817 0.6259187832474709 0.6259187832474709 0.6259187832474709 0.6259187832474709 0.6259187832474709 0.6259187832474709 0.6259187832474709 0.6259187832474709 0.6259187832474709 0.6259187832474709 0.6259187832474709 0.6259187832474709 0.6205029434098097 0.6092974483855396 0.5980919533612694 0.5868864583369993 0.575680963312729 0.5644754682884588 0.5532699732641887 0.5420644782399185 0.5308589832156483 0.5196534881913781 0.508447993167108 0.4972424981428378 0.4914528429508209 0.4914528429508209 0.4914528429508209 0.4914528429508209 0.4914528429508209 0.4914528429508209 0.4914528429508209 0.4914528429508209 0.4914528429508209
-9999.0 -9999.0 -9999.0 -9999.0 -9999.0 -9999.0 -9999.0 -9999.0 -9999.0 -9999.0 -9999.0 -9999.0 -9999.0 -9999.0 -9999.0 -9999.0 -9999.0 -9999.0 -9999.0 -9999.0 0.5910532105909605 0.5964034153962792 0.6017536202015978 0.6071038250069165 0.6124540298122352 0.6178042346175538 -9999.0 -9999.0 0.6259187832474709 0.6259187832474709 0.6259187832474709 0.6259187832474709 0.6259187832474709 0.6259187832474709 0.6259187832474709 0.6259187832474709 0.6259187832474709 0.6259187832474709 0.6259187832474709 0.6205029434098097 0.6092974483855396 0.5980919533612694 0.5868864583369993 0.575680963312729 0.5644754682884588 0.5532699732641887 0.5420644782399185 0.5308589832156483 0.5196534881913781 0.508447993167108 0.4972424981428378 0.4914528429508209 0.4914528429508209 0.4914528429508209 0.4914528429508209 0.4914528429508209 0.4914528429508209 0.4914528429508209 0.4914528429508209 0.4914528429508209
-9999.0 -9999.0 -9999.0 -9999.0 -9999.0 -9999.0 -9999.0 -9999.0 -9999.0 -9999.0 -9999.0 -9999.0 -9999.0 -9999.0 -9999.0 -9999.0 -9999.0 -9999.0 -9999.0 -9999.0 -9999.0 -9999.0 -9999.0 -9999.0 -9999.0 -9999.0 -9999.0 0.6259187832474709 0.6259187832474709 0.6259187832474709 0.6259187832474709 0.6259187832474709 0.6259187832474709 0.6259187832474709 0.6259187832474709 0.6259187832474709 0.6259187832474709 0.6259187832474709 0.6259187832474709 0.6205029434098097 0.6092974483855396 0.5980919533612694 0.5868864583369993 0.575680963312729 0.5644754682884588 0.5532699732641887 0.5420644782399185 0.5308589832156483 0.5196534881913781 0.508447993167108 0.4972424981428378 0.4914528429508209 0.4914528429508209 0.4914528429508209 0.4914528429508209 0.4914528429508209 0.4914528429508209 0.4914528429508209 0.4914528429508209 0.4914528429508209
-9999.0 -9999.0 -9999.0 -9999.0 -9999.0 -9999.0 -9999.0 -9999.0 -9999.0 -9999.0 -9999.0 -9999.0 -9999.0 -9999.0 -9999.0 -9999.0 -9999.0 -9999.0 -9999.0 -9999.0 -9999.0 -9999.0 -9999.0 -9999.0 -9999.0 -9999.0 -9999.0 0.6259187832474709 0.6259187832474709 0.6259187832474709 0.6259187832474709 0.6259187832474709 0.6259187832474709 0.6259187832474709 0.6259187832474709 0.6259187832474709 0.6259187832474709 0.6259187832474709 0.6259187832474709 0.6205029434098097 0.6092974483855396 0.5980919533612694 0.5868864583369993 0.575680963312729 0.5644754682884588 0.5532699732641887 0.5420644782399185 0.5308589832156483 0.5196534881913781 0.508447993167108 0.4972424981428378 0.4914528429508209 0.4914528429508209 0.4914528429508209 0.4914528429508209 0.4914528429508209 0.4914528429508209 0.4914528429508209 0.4914528429508209 0.4914528429508209
-9999.0 -9999.0 -9999.0 -9999.0 -9999.0 -9999.0 -9999.0 -9999.0 -9999.0 -9999.0 -9999.0 -9999.0 -9999.0 -9999.0 -9999.0 -9999.0 -9999.0 -9999.0 -9999.0 -9999.0 -9999.0 -9999.0 -9999.0 -9999.0 -9999.0 -9999.0 -9999.0 0.6259187832474709 0.6259187832474709 0.6259187832474709 0.6259187832474709 0.6259187832474709 0.6259187832474709 0.6259187832474709 0.6259187832474709 0.6259187832474709 0.6259187832474709 0.6259187832474709 0.6259187832474709 0.6205029434098097 0.6092974483855396 0.5980919533612694 0.5868864583369993 0.575680963312729 0.5644754682884588 0.5532699732641887 0.5420644782399185 0.5308589832156483 0.5196534881913781 0.508447993167108 0.4972424981428378 0.4914528429508209 0.4914528429508209 0.4914528429508209 0.4914528429508209 0.4914528429508209 0.4914528429508209 0.4914528429508209 0.4914528429508209 0.4914528429508209
-9999.0 -9999.0 -9999.0 -9999.0 -9999.0 -9999.0 -9999.0 -9999.0 -9999.0 -9999.0 -9999.0 -9999.0 -9999.0 -9999.0 -9999.0 -9999.0 -9999.0 -9999.0 -9999.0 -9999.0 -9999.0 -9999.0 -9999.0 -9999.0 -9999.0 -9999.0 -9999.0 -9999.0 0.6259187832474709 0.6259187832474709 0.6259187832474709 0.6259187832474709 0.6259187832474709 0.6259187832474709 0.6259187832474709 0.6259187832474709 0.6259187832474709 0.6259187832474709 0.6259187832474709 0.6205029434098097 0.6092974483855396 0.5980919533612694 0.5868864583369993 0.575680963312729 0.5644754682884588 0.5532699732641887 0.5420644782399185 0.5308589832156483 0.5196534881913781 0.508447993167108 0.4972424981428378 0.4914528429508209 0.4914528429508209 0.4914528429508209 0.4914528429508209 0.4914528429508209 0.4914528429508209 0.4914528429508209 0.4914528429508209 0.4914528429508209
-9999.0 -9999.0 -9999.0 -9999.0 -9999.0 -9999.0 -9999.0 -9999.0 -9999.0 -9999.0 -9999.0 -9999.0 -9999.0 -9999.0 -9999.0 -9999.0 -9999.0 -9999.0 -9999.0 -9999.0 -9999.0 -9999.0 -9999.0 -9999.0 -9999.0 -9999.0 -9999.0 -9999.0 -9999.0 0.6380315702755102 0.6380315702755102 0.6380315702755102 0.6380315702755102 0.6380315702755102 0.6380315702755102 0.6380315702755102 0.6380315702755102 0.6380315702755102 0.6380315702755102 0.6322858717306206 0.6203978915861555 0.6085099114416906 0.5966219312972256 0.5847339511527607 0.5728459710082958 0.5609579908638308 0.5490700107193659 0.5371820305749009 0.525294050430436 0.5134060702859711 0.5015180901415061 0.4953758085361936 0.4953758085361936 0.4953758085361936 0.4953758085361936 0.4953758085361936 0.4953758085361936 0.4953758085361936 0.4953758085361936 0.4953758085361936
-9999.0 -9999.0 -9999.0 -9999.0 -9999.0 -9999.0 -9999.0 -9999.0 -9999.0 -9999.0 -9999.0 -9999.0 -9999.0 -9999.0 -9999.0 -9999.0 -9999.0 -9999.0 -9999.0 -9999.0 -9999.0 -9999.0 -9999.0 -9999.0 -9999.0 -9999.0 -9999.0 -9999.0 -9999.0 0.6630921631146407 0.6630921631146407 0.6630921631146407 0.6630921631146407 0.6630921631146407 0.6630921631146407 0.6630921631146407 0.6630921631146407 0.6630921631146407 0.6630921631146407 0.6566640076969306 0.6433640088588013 0.630064010020672 0.6167640111825428 0.6034640123444135 0.5901640135062842 0.576864014668155 0.5635640158300256 0.5502640169918963 0.536964018153767 0.5236640193156378 0.5103640204775085 0.5034921770506708 0.5034921770506708 0.5034921770506708 0.5034921770506708 0.5034921770506708 0.5034921770506708 0.5034921770506708 0.5034921770506708 0.5034921770506708
-9999.0 -9999.0 -9999.0 -9999.0 -9999.0 -9999.0 -9999.0 -9999.0 -9999.0 -9999.0 -9999.0 -9999.0 -9999.0 -9999.0 -9999.0 -9999.0 -9999.0 -9999.0 -9999.0 -9999.0 -9999.0 -9999.0 -9999.0 -9999.0 -9999.0 -9999.0 -9999.0 -9999.0 -9999.0 -9999.0 0.6881527559537499 0.6881527559537499 0.6881527559537499 0.6881527559537499 0.6881527559537499 0.6881527559537499 0.6881527559537499 0.6881527559537499 0.6881527559537499 0.6810421436632198 0.6663301261314274 0.651618108599635 0.6369060910678426 0.6221940735360502 0.6074820560042578 0.5927700384724653 0.5780580209406729 0.5633460034088805 0.5486339858770881 0.5339219683452957 0.5192099508135033 0.511608545565141 0.511608545565141 0.511608545565141 0.511608545565141 0.511608545565141 0.511608545565141 0.511608545565141 0.511608545565141 0.511608545565141
-9999.0 -9999.0 -9999.0 -9999.0 -9999.0 -9999.0 -9999.0 -9999.0 -9999.0 -9999.0 -9999.0 -9999.0 -9999.0 -9999.0 -9999.0 -9999.0 -9999.0 -9999.0 -9999.0 -9999.0 -9999.0 -9999.0 -9999.0 -9999.0 -9999.0 -9999.0 -9999.0 -9999.0 -9999.0 -9999.0 0.713213348792859 0.713213348792859 0.713213348792859 0.713213348792859 0.713213348792859 0.713213348792859 0.713213348792859 0.713213348792859 0.713213348792859 0.7054202796295089 0.6892962434040535 0.6731722071785979 0.6570481709531424 0.6409241347276868 0.6248000985022314 0.6086760622767758 0.5925520260513203 0.5764279898258649 0.5603039536004093 0.5441799173749537 0.5280558811494982 0.5197249140796113 0.5197249140796113 0.5197249140796113 0.5197249140796113 0.5197249140796113 0.5197249140796113 0.5197249140796113 0.5197249140796113 0.5197249140796113
-9999.0 -9999.0 -9999.0 -9999.0 -9999.0 -9999.0 -9999.0 -9999.0 -9999.0 -9999.0 -9999.0 -9999.0 -9999.0 -9999.0 -9999.0 -9999.0 -9999.0 -9999.0 -9999.0 -9999.0 -9999.0 -9999.0 -9999.0 -9999.0 -9999.0 -9999.0 -9999.0 -9999.0 -9999.0 -9999.0 -9999.0 -9999.0 0.7382739416319681 0.7382739416319681 0.7382739416319681 0.7382739416319681 0.7382739416319681 0.7382739416319681 0.7382739416319681 0.7297984155957982 0.7122623606766795 0.6947263057575609 0.6771902508384422 0.6596541959193236 0.6421181410002049 0.6245820860810863 0.6070460311619676 0.5895099762428491 0.5719739213237304 0.5544378664046118 0.5369018114854931 0.5278412825940816 0.5278412825940816 0.5278412825940816 0.5278412825940816 0.5278412825940816 0.5278412825940816 0.5278412825940816 0.5278412825940816 0.5278412825940816
-9999.0 -9999.0 -9999.0 -9999.0 -9999.0 -9999.0 -9999.0 -9999.0 -9999.0 -9999.0 -9999.0 -9999.0 -9999.0 -9999.0 -9999.0 -9999.0 -9999.0 -9999.0 -9999.0 -9999.0 -9999.0 -9999.0 -9999.0 -9999.0 -9999.0 -9999.0 -9999.0 -9999.0 -9999.0 -9999.0 -9999.0 -9999.0 -9999.0 0.7633345344710774 0.7633345344710774 0.7633345344710774 0.7633345344710774 0.7633345344710774 0.7633345344710774 0.7541765515620874 0.7352284779493057 0.7162804043365238 0.6973323307237421 0.6783842571109604 0.6594361834981786 0.6404881098853968 0.6215400362726151 0.6025919626598333 0.5836438890470516 0.5646958154342698 0.545747741821488 0.5359576511085519 0.5359576511085519 0.5359576511085519 0.5359576511085519 0.5359576511085519 0.5359576511085519 0.5359576511085519 0.5359576511085519 0.5359576511085519
-9999.0 -9999.0 -9999.0 -9999.0 -9999.0 -9999.0 -9999.0 -9999.0 -9999.0 -9999.0 -9999.0 -9999.0 -9999.0 -9999.0 -9999.0 -9999.0 -9999.0 -9999.0 -9999.0 -9999.0 -9999.0 -9999.0 -9999.0 -9999.0 -9999.0 -9999.0 -9999.0 -9999.0 -9999.0 -9999.0 -9999.0 -9999.0 -9999.0 0.7883951273101865 0.7883951273101865 0.7883951273101865 0.7883951273101865 0.7883951273101865 0.7883951273101865 0.7785546875283765 0.7581945952219317 0.7378345029154868 0.7174744106090419 0.697114318302597 0.6767542259961521 0.6563941336897072 0.6360340413832624 0.6156739490768175 0.5953138567703726 0.5749537644639278 0.5545936721574829 0.544074019623022 0.544074019623022 0.544074019623022 0.544074019623022 0.544074019623022 0.544074019623022 0.544074019623022 0.544074019623022 0.544074019623022
-9999.0 -9999.0 -9999.0 -9999.0 -9999.0 -9999.0 -9999.0 -9999.0 -9999.0 -9999.0 -9999.0 -9999.0 -9999.0 -9999.0 -9999.0 -9999.0 -9999.0 -9999.0 -9999.0 -9999.0 -9999.0 -9999.0 -9999.0 -9999.0 -9999.0 -9999.0 -9999.0 -9999.0 -9999.0 -9999.0 -9999.0 -9999.0 -9999.0 -9999.0 0.813455720149317 0.813455720149317 0.813455720149317 0.813455720149317 0.813455720149317 0.8029328234946865 0.7811607124945774 0.7593886014944682 0.737616490494359 0.7158443794942497 0.6940722684941405 0.6723001574940314 0.6505280464939222 0.6287559354938129 0.6069838244937038 0.5852117134935946 0.5634396024934853 0.5521903881374993 0.5521903881374993 0.5521903881374993 0.5521903881374993 0.5521903881374993 0.5521903881374993 0.5521903881374993 0.5521903881374993 0.5521903881374993
-9999.0 -9999.0 -9999.0 -9999.0 -9999.0 -9999.0 -9999.0 -9999.0 -9999.0 -9999.0 -9999.0 -9999.0 -9999.0 -9999.0 -9999.0 -9999.0 -9999.0 -9999.0 -9999.0 -9999.0 -9999.0 -9999.0 -9999.0 -9999.0 -9999.0 -9999.0 -9999.0 -9999.0 -9999.0 -9999.0 -9999.0 -9999.0 -9999.0 -9999.0 -9999.0 -9999.0 0.8385163129884262 0.8385163129884262 0.8385163129884262 0.8273109594609759 0.8041268297672035 0.7809427000734311 0.7577585703796588 0.7345744406858865 0.7113903109921141 0.6882061812983418 0.6650220516045695 0.6418379219107971 0.6186537922170248 0.5954696625232525 0.5722855328294801 0.5603067566519695 0.5603067566519695 0.5603067566519695 0.5603067566519695 0.5603067566519695 0.5603067566519695 0.5603067566519695 0.5603067566519695 0.5603067566519695
-9999.0 -9999.0 -9999.0 -9999.0 -9999.0 -9999.0 -9999.0 -9999.0 -9999.0 -9999.0 -9999.0 -9999.0 -9999.0 -9999.0 -9999.0 -9999.0 -9999.0 -9999.0 -9999.0 -9999.0 -9999.0 -9999.0 -9999.0 -9999.0 -9999.0 -9999.0 -9999.0 -9999.0 -9999.0 -9999.0 -9999.0 -9999.0 -9999.0 -9999.0 -9999.0 -9999.0 -9999.0 0.8635769058275353 0.8635769058275353 0.851689095427265 0.8270929470398295 0.8024967986523941 0.7779006502649586 0.7533045018775232 0.7287083534900878 0.7041122051026523 0.6795160567152169 0.6549199083277814 0.630323759940346 0.6057276115529104 0.581131463165475 0.5684231251664398 0.5684231251664398 0.5684231251664398 0.5684231251664398 0.5684231251664398 0.5684231251664398 0.5684231251664398 0.5684231251664398 0.5684231251664398
-9999.0 -9999.0 -9999.0 -9999.0 -9999.0 -9999.0 -9999.0 -9999.0 -9999.0 -9999.0 -9999.0 -9999.0 -9999.0 -9999.0 -9999.0 -9999.0 -9999.0 -9999.0 -9999.0 -9999.0 -9999.0 -9999.0 -9999.0 -9999.0 -9999.0 -9999.0 -9999.0 -9999.0 -9999.0 -9999.0 -9999.0 -9999.0 -9999.0 -9999.0 -9999.0 -9999.0 -9999.0 -9999.0 0.8886374986666445 0.8760672313935542 0.8500590643124557 0.8240508972313572 0.7980427301502585 0.77203456306916 0.7460263959880614 0.7200182289069628 0.6940100618258642 0.6680018947447657 0.6419937276636671 0.6159855605825685 0.5899773935014699 0.5765394936809101 0.5765394936809101 0.5765394936809101 0.5765394936809101 0.5765394936809101 0.5765394936809101 0.5765394936809101 0.5765394936809101 0.5765394936809101
-9999.0 -9999.0 -9999.0 -9999.0 -9999.0 -9999.0 -9999.0 -9999.0 -9999.0 -9999.0 -9999.0 -9999.0 -9999.0 -9999.0 -9999.0 -9999.0 -9999.0 -9999.0 -9999.0 -9999.0 -9999.0 -9999.0 -9999.0 -9999.0 -9999.0 -9999.0 -9999.0 -9999.0 -9999.0 -9999.0 -9999.0 -9999.0 -9999.0 -9999.0 -9999.0 -9999.0 -9999.0 -9999.0 -9999.0 -9999.0 -9999.0 -9999.0 0.8181848100355583 0.7907646242607966 0.763344438486035 0.7359242527112733 0.7085040669365116 0.6810838811617499 0.6536636953869882 0.6262435096122265 0.5988233238374647 0.5846558621953803 0.5846558621953803 0.5846558621953803 0.5846558621953803 0.5846558621953803 0.5846558621953803 0.5846558621953803 0.5846558621953803 0.5846558621953803
-9999.0 -9999.0 -9999.0 -9999.0 -9999.0 -9999.0 -9999.0 -9999.0 -9999.0 -9999.0 -9999.0 -9999.0 -9999.0 -9999.0 -9999.0 -9999.0 -9999.0 -9999.0 -9999.0 -9999.0 -9999.0 -9999.0 -9999.0 -9999.0 -9999.0 -9999.0 -9999.0 -9999.0 -9999.0 -9999.0 -9999.0 -9999.0 -9999.0 -9999.0 -9999.0 -9999.0 -9999.0 -9999.0 -9999.0 -9999.0 -9999.0 -9999.0 0.8389667129732958 0.8087888784464967 0.7786110439196977 0.7484332093928986 0.7182553748660995 0.6880775403393004 0.6578997058125012 0.6277218712857021 0.597544036758903 0.5819517531539858 0.5819517531539858 0.5819517531539858 0.5819517531539858 0.5819517531539858 0.5819517531539858 0.5819517531539858 0.5819517531539858 0.5819517531539858
