Figures/CREST_Example_wjb_NSE/Rolling_result/20100722/BJP_forecast/ens_4/wjb.rain.20100724.asc
ncols            288
nrows            254
xllcorner        113.274861
yllcorner        31.4918055
cellsize         0.008333333333
NODATA_value     -9999
[rows 200 to 219 of 254, columns 180 to 224 of 288]
3.1995383375704307 3.1701486318064447 3.140758926042409 3.057906923962297 2.9179025175325624 2.7778981111028274 2.6378937046730924 2.497889298243358 2.357884891813623 2.217880485383888 2.0778760789541533 1.9378716725244183 1.7978672660946833 1.6578628596649485 1.5178584532352135 1.4336108296781074 1.4089684686276993 1.384326107577291 1.359683746526883 1.3350413854764749 1.3103990244260668 1.2857566633756585 1.2611143023252505 1.2364719412748424 1.2118295802244343 1.1871872191740263 1.162544858123618 1.1618946484460577 1.1868925915087716 1.2118905345714426 1.2368884776341136 1.2618864206967846 1.2868843637594556 1.3118823068221266 1.3368802498847976 1.3618781929474686 1.3868761360101396 1.4118740790728106 1.4368720221354816 1.4110521669132434 1.3309069352552048 1.2507617035970295 1.1706164719389909 1.0904712402809524 1.0103260086229138
3.2847429297312782 3.2452153107824335 3.2056876918335218 3.113934183218139 2.966350016935317 2.8187658506524955 2.671181684369674 2.5235975180868526 2.3760133518040307 2.2284291855212093 2.080845019238388 1.9332608529555662 1.7856766866727447 1.638092520389923 1.4905083541071016 1.4017028756059868 1.375733144336404 1.349763413066821 1.3237936817972382 1.2978239505276552 1.2718542192580724 1.2458844879884896 1.2199147567189066 1.1939450254493238 1.1679752941797408 1.142005562910158 1.1160358316405752 1.1161570248498278 1.1441700067431702 1.1721829886364648 1.2001959705297591 1.2282089524230537 1.256221934316348 1.2842349162096427 1.3122478981029373 1.3402608799962317 1.3682738618895263 1.3962868437828209 1.4242998256761152 1.4015161064052846 1.3244295639982249 1.247343021591034 1.1702564791839742 1.0931699367769148 1.016083394369855
3.369947521892126 3.3202819897584224 3.270616457624634 3.16996144247398 3.0147975163380716 2.8596335902021637 2.7044696640662553 2.549305737930347 2.3941418117944386 2.2389778856585307 2.0838139595226224 1.928650033386714 1.773486107250806 1.6183221811148976 1.4631582549789894 1.369794921533866 1.3424978200451085 1.3152007185563508 1.287903617067593 1.2606065155788355 1.2333094140900778 1.2060123126013202 1.1787152111125625 1.1514181096238048 1.1241210081350472 1.0968239066462895 1.069526805157532 1.0704194012535977 1.1014474219775687 1.1324754427014867 1.1635034634254047 1.1945314841493229 1.2255595048732408 1.256587525597159 1.287615546321077 1.3186435670449952 1.3496715877689132 1.3806996084928311 1.4117276292167493 1.3919800458973257 1.3179521927412452 1.2439243395850386 1.1698964864289578 1.0958686332728773 1.0218407801167968
3.4551521140529733 3.395348668734411 3.3355452234157466 3.2259887017298214 3.063245015740826 2.9005013297518314 2.7377576437628366 2.575013957773842 2.4122702717848465 2.2495265857958517 2.086782899806857 1.924039213817862 1.7612955278288671 1.598551841839872 1.4358081558508773 1.3378869674617455 1.3092624957538133 1.2806380240458808 1.2520135523379483 1.2233890806300158 1.1947646089220836 1.166140137214151 1.1375156655062186 1.1088911937982862 1.0802667220903537 1.0516422503824212 1.023017778674489 1.0246817776573678 1.0587248372119673 1.0927678967665089 1.1268109563210504 1.160854015875592 1.1948970754301336 1.2289401349846751 1.262983194539217 1.2970262540937583 1.3310693136483 1.3651123732028416 1.3991554327573832 1.382443985389367 1.3114748214842655 1.240505657579043 1.1695364936739414 1.0985673297688399 1.0275981658637383
3.5403567062138577 3.470415347710432 3.400473989206887 3.2820159609856865 3.1116925151436017 2.941369069301517 2.771045623459432 2.6007221776173473 2.4303987317752624 2.2600752859331776 2.089751840091093 1.919428394249008 1.7491049484069232 1.5787815025648382 1.4084580567227534 1.3059790133896114 1.2760271714625038 1.246075329535396 1.2161234876082883 1.1861716456811804 1.1562198037540727 1.1262679618269649 1.0963161198998572 1.0663642779727494 1.0364124360456417 1.0064605941185338 0.9765087521914262 0.9789441540611182 1.016002252446348 1.0530603508315142 1.0901184492166807 1.127176547601847 1.1642346459870134 1.20129274437218 1.2383508427573462 1.2754089411425125 1.312467039527679 1.3495251379128455 1.3865832362980117 1.3729079248814042 1.3049974502272832 1.237086975573046 1.1691765009189248 1.1012660262648035 1.0333555516106823
3.5570902183259667 3.483497948333398 3.409905678340704 3.2886147584323036 3.1163329025790434 2.944051046725783 2.771769190872523 2.599487335019263 2.4272054791660027 2.2549236233127425 2.082641767459482 1.9103599116062218 1.7380780557529616 1.5657961998997012 1.393514344046441 1.2902925343315512 1.2608974765690737 1.2315024188065962 1.2021073610441189 1.1727123032816413 1.1433172455191638 1.1139221877566863 1.0845271299942087 1.0551320722317314 1.025737014469254 0.9963419567067764 0.9669468989442989 0.9696374865609975 1.0066283551598691 1.0436192237586779 1.0806100923574866 1.1176009609562951 1.1545918295551039 1.1915826981539124 1.2285735667527211 1.2655644353515298 1.3025553039503386 1.339546172549147 1.3765370411479558 1.363679134316139 1.2975317584099293 1.2313843825036066 1.165237006597397 1.099089630691187 1.0329422547849774
3.500632461475308 3.430323475942238 3.360014490409048 3.24237764559213 3.074146248405102 2.905914851218074 2.737683454031046 2.569452056844018 2.40122065965699 2.232989262469962 2.064757865282934 1.896526468095906 1.728295070908878 1.56006367372185 1.391832276534822 1.2919457896530535 1.2651215583366233 1.2382973270201931 1.2114730957037632 1.184648864387333 1.1578246330709028 1.1310004017544726 1.1041761704380426 1.0773519391216124 1.0505277078051822 1.023703476488752 0.996879245172322 0.9992732149498138 1.0329021028806302 1.0665309908113894 1.1001598787421485 1.1337887666729076 1.1674176546036668 1.2010465425344259 1.234675430465185 1.2683043183959442 1.3019332063267033 1.3355620942574624 1.3691909821882216 1.3547787959529398 1.2890096142056073 1.2232404324581627 1.1574712507108302 1.0917020689634978 1.0259328872161653
3.444174704624626 3.3771490035510565 3.310123302477372 3.196140532751937 3.031959594231143 2.867778655710349 2.703597717189555 2.539416778668761 2.375235840147967 2.2110549016271728 2.046873963106379 1.8826930245855849 1.718512086064791 1.5543311475439967 1.3901502090232027 1.2935990449745565 1.2693456401041747 1.2450922352337932 1.2208388303634115 1.1965854254930297 1.172332020622648 1.1480786157522664 1.1238252108818847 1.099571806011503 1.0753184011411212 1.0510649962707397 1.026811591400358 1.028908943338643 1.0591758506014026 1.0894427578641108 1.119709665126819 1.1499765723895272 1.1802434796522354 1.2105103869149436 1.2407772941776516 1.2710442014403598 1.301311108703068 1.3315780159657762 1.3618449232284844 1.345878457589737 1.2804874700012818 1.2150964824127153 1.1497054948242602 1.0843145072358054 1.01892351964735
3.387716947773968 3.3239745311598963 3.2602321145457163 3.1499034199117633 2.9897729400572017 2.8296424602026398 2.6695119803480782 2.5093815004935163 2.3492510206389543 2.1891205407843923 2.028990060929831 1.868859581075269 1.7087291012207073 1.5485986213661456 1.3884681415115838 1.2952523002960588 1.2735697218717243 1.2518871434473902 1.2302045650230558 1.2085219865987213 1.186839408174387 1.1651568297500527 1.1434742513257183 1.121791672901384 1.1001090944770495 1.0784265160527153 1.056743937628381 1.0585446717274594 1.0854495983221637 1.1123545249168225 1.1392594515114811 1.1661643781061397 1.1930693047007983 1.219974231295457 1.2468791578901157 1.2737840844847743 1.300689011079433 1.3275939376740915 1.3544988642687503 1.3369781192265378 1.27196532579696 1.2069525323672714 1.1419397389376935 1.0769269455081159 1.011914152078538
3.33125919092331 3.270800058768737 3.2103409266140615 3.10366630707159 2.9475862858832604 2.791506264694931 2.6354262435066014 2.479346222318272 2.3232662011299423 2.167186179941613 2.0111061587532832 1.8550261375649537 1.6989461163766242 1.5428660951882947 1.3867860739999651 1.2969055556175613 1.2777938036392742 1.2586820516609873 1.2395702996827003 1.2204585477044132 1.2013467957261261 1.1822350437478393 1.1631232917695522 1.1440115397912651 1.124899787812978 1.1057880358346912 1.0866762838564041 1.0881804001162758 1.111723346042925 1.1352662919695342 1.1588092378961434 1.1823521838227524 1.2058951297493616 1.2294380756759706 1.2529810216025798 1.2765239675291888 1.300066913455798 1.3236098593824073 1.3471528053090163 1.3280777808633388 1.2634431815926384 1.1988085823218275 1.134173983051127 1.0695393837804266 1.0049047845097259
3.2748014340726272 3.217625586377555 3.160449738682385 3.0574291942313967 2.9053996317093014 2.7533700691872056 2.6013405066651103 2.4493109441430145 2.2972813816209188 2.1452518190988235 1.993222256576728 1.8411926940546324 1.6891631315325368 1.5371335690104413 1.3851040064883458 1.2985588109390642 1.2820178854068258 1.2654769598745872 1.2489360343423486 1.23239510881011 1.2158541832778713 1.199313257745633 1.1827723322133943 1.1662314066811557 1.149690481148917 1.1331495556166784 1.11660863008444 1.1178161285051047 1.1379970937636974 1.1581780590222555 1.1783590242808137 1.1985399895393718 1.2187209547979299 1.2389019200564881 1.2590828853150462 1.2792638505736045 1.2994448158321625 1.3196257810907206 1.3398067463492789 1.319177442500136 1.2549210373883128 1.19066463227638 1.126408227164557 1.062151822052734 0.9978954169409109
3.218343677221969 3.164451113986395 3.110558550750729 3.011192081391223 2.8632129775353596 2.7152338736794963 2.5672547698236334 2.4192756659677697 2.271296562111907 2.123317458256043 1.97533835440018 1.8273592505443166 1.6793801466884533 1.53140104283259 1.3834219389767266 1.3002120662605665 1.2862419671743754 1.2722718680881842 1.2583017690019929 1.2443316699158018 1.2303615708296105 1.2163914717434192 1.2024213726572281 1.1884512735710369 1.1744811744848456 1.1605110753986545 1.1465409763124632 1.1474518568939214 1.1642708414844587 1.1810898260749672 1.1979088106654758 1.2147277952559845 1.231546779846493 1.2483657644370016 1.2651847490275103 1.2820037336180188 1.2988227182085275 1.3156417027990361 1.3324606873895446 1.3102771041369368 1.2463988931839909 1.1825206822309362 1.1186424712779903 1.0547642603250444 0.9908860493720988
3.161885920371311 3.1112766415952358 3.060667362819074 2.9649549685510497 2.821026323361419 2.677097678171788 2.5331690329821566 2.3892403877925257 2.2453117426028943 2.1013830974132635 1.9574544522236323 1.8135258070340012 1.6695971618443703 1.5256685166547392 1.3817398714651081 1.3018653215820688 1.290466048941925 1.2790667763017811 1.2676675036616372 1.2562682310214934 1.2448689583813495 1.2334696857412055 1.2220704131010618 1.2106711404609178 1.1992718678207739 1.1878725951806302 1.1764733225404862 1.1770875852827376 1.1905445892052198 1.2040015931276788 1.217458597050138 1.230915600972597 1.244372604895056 1.2578296088175152 1.2712866127399742 1.2847436166624333 1.2982006205848926 1.3116576245073517 1.3251146284298108 1.3013767657737378 1.2378767489796692 1.1743767321854923 1.1108767153914239 1.0473766985973552 0.9838766818032867
3.1054281635206284 3.0581021692040533 3.010776174887398 2.9187178557108564 2.7788396691874593 2.638961482664062 2.499083296140665 2.359205109617268 2.2193269230938713 2.079448736570474 1.9395705500470768 1.7996923635236797 1.6598141770002826 1.5199359904768854 1.3800578039534883 1.303518576903572 1.2946901307094765 1.285861684515381 1.2770332383212857 1.2682047921271902 1.2593763459330947 1.2505478997389994 1.2417194535449039 1.2328910073508084 1.224062561156713 1.2152341149626176 1.206405668768522 1.206723313671567 1.2168183369259922 1.2269133601804003 1.2370083834348085 1.2471034066892166 1.2571984299436245 1.2672934531980327 1.2773884764524408 1.287483499706849 1.297578522961257 1.3076735462156652 1.3177685694700734 1.2924764274105347 1.2293546047753436 1.1662327821400449 1.1031109595048538 1.0399891368696625 0.9768673142344715
3.0489704066699703 3.004927696812894 2.9608849869557425 2.872480742870683 2.7366530150135184 2.6008252871563533 2.4649975592991886 2.329169831442024 2.193342103584859 2.057514375727694 1.9216866478705292 1.7858589200133643 1.6500311921561994 1.5142034642990347 1.3783757364418698 1.305171832225074 1.298914212477026 1.292656592728978 1.28639897298093 1.2801413532328818 1.2738837334848336 1.2676261137367857 1.2613684939887375 1.2551108742406893 1.2488532544926414 1.2425956347445932 1.2363380149965453 1.2363590420603832 1.2430920846467532 1.2498251272331118 1.2565581698194705 1.263291212405829 1.2700242549921876 1.2767572975785464 1.283490340164905 1.2902233827512635 1.2969564253376222 1.3036894679239808 1.3104225105103393 1.2835760890473358 1.220832460571022 1.158088832094601 1.0953452036182871 1.0326015751419733 0.9698579466656594
2.992512649819312 2.951753224421734 2.910993799024087 2.8262436300305094 2.6944663608395767 2.5626890916486444 2.4309118224577118 2.299134553266779 2.1673572840758464 2.035580014884914 1.9038027456939814 1.7720254765030488 1.640248207312116 1.5084709381211836 1.376693668930251 1.3068250875465763 1.3031382942445757 1.2994515009425749 1.2957647076405743 1.2920779143385734 1.2883911210365728 1.284704327734572 1.2810175344325714 1.2773307411305705 1.27364394782857 1.269957154526569 1.2662703612245685 1.2659947704491996 1.2693658323675145 1.2727368942858235 1.2761079562041326 1.2794790181224418 1.2828500800407507 1.28622114195906 1.2895922038773688 1.292963265795678 1.2963343277139872 1.299705389632296 1.3030764515506053 1.2746757506841366 1.2123103163667 1.1499448820491571 1.0875794477317204 1.025214013414284 0.9628485790968473
2.936054892968654 2.898578752030575 2.8611026110924316 2.780006517190336 2.652279706665636 2.5245528961409356 2.396826085616235 2.2690992750915346 2.1413724645668344 2.013645654042134 1.8859188435174339 1.7581920329927334 1.6304652224680332 1.5027384119433327 1.3750116014186324 1.3084783428680788 1.3073623760121256 1.306246409156172 1.3051304423002188 1.3040144754442653 1.3028985085883118 1.3017825417323585 1.300666574876405 1.2995506080204517 1.2984346411644982 1.2973186743085448 1.2962027074525915 1.295630498838016 1.2956395800882756 1.2956486613385352 1.2956577425887947 1.2956668238390543 1.2956759050893139 1.2956849863395734 1.295694067589833 1.2957031488400923 1.2957122300903519 1.2957213113406114 1.295730392590871 1.2657754123209375 1.2037881721623782 1.1418009320037132 1.0798136918451537 1.0178264516865945 0.9558392115280352
3.0362717963276182 2.9960510066223 2.955830216916914 2.870755182566715 2.737729945861143 2.604704709155571 2.471679472449999 2.338654235744427 2.205628999038855 2.072603762333283 1.9395785256277112 1.8065532889221392 1.6735280522165672 1.5405028155109952 1.4074775788054232 1.3359868024657837 1.3302777566053563 1.3245687107449289 1.3188596648845015 1.313150619024074 1.3074415731636466 1.3017325273032192 1.2960234814427918 1.2903144355823644 1.284605389721937 1.2788963438615095 1.273187298001082 1.2693936430553525 1.267647584341153 1.2659015256269566 1.2641554669127602 1.2624094081985635 1.260663349484367 1.2589172907701707 1.257171232055974 1.2554251733417776 1.2536791146275812 1.2519330559133848 1.2501869971991881 1.220865568887328 1.1620654464110598 1.1032653239346915 1.0444652014584233 0.9856650789821553 0.9268649565058871
3.3039640368496204 3.2545551176751206 3.2051461985005365 3.107933011170019 2.9596159796062644 2.8112989480425092 2.6629819164787545 2.5146648849149997 2.366347853351245 2.2180308217874902 2.0697137902237355 1.9213967586599803 1.7730797270962255 1.6247626955324705 1.4764456639687158 1.3911328458806889 1.3731729576025784 1.355213069324468 1.3372531810463575 1.319293292768247 1.3013334044901368 1.2833735162120263 1.2654136279339159 1.2474537396558054 1.229493851377695 1.2115339630995845 1.193574074821474 1.1834325162273862 1.181648928987887 1.179865341748391 1.178081754508895 1.176298167269399 1.174514580029903 1.1727309927904068 1.1709474055509108 1.1691638183114148 1.1673802310719188 1.1655966438324228 1.1638130565929268 1.1374638340740317 1.0848533914909404 1.0322429489077594 0.979632506324668 0.9270220637415767 0.8744116211584854
3.5716562773716234 3.513059228727941 3.454462180084159 3.345110839773324 3.181502013351386 3.017893186929448 2.8542843605075103 2.6906755340855724 2.527066707663635 2.363457881241697 2.199849054819759 2.036240228397821 1.8726314019758832 1.7090225755539454 1.5454137491320077 1.4462788892955938 1.4160681585998003 1.3858574279040068 1.3556466972082133 1.32543596651242 1.2952252358166265 1.265014505120833 1.2348037744250395 1.2045930437292462 1.1743823130334528 1.1441715823376593 1.113960851641866 1.09747138939942 1.0956502736346212 1.0938291578698256 1.09200804210503 1.0901869263402344 1.0883658105754388 1.0865446948106432 1.0847235790458476 1.082902463281052 1.0810813475162564 1.0792602317514608 1.0774391159866654 1.0540620992607355 1.0076413365708208 0.9612205738808272 0.9147998111909126 0.868379048500998 0.8219582858110834
