Figures/CREST_Example_wjb_NSE/Rolling_result/20100722/BJP_forecast/ens_4/wjb.rain.20100728.asc
ncols            288
nrows            254
xllcorner        113.274861
yllcorner        31.4918055
cellsize         0.008333333333
NODATA_value     -9999
[rows 130 to 155 of 254, columns 118 to 176 of 288]
0.014711775958635206 0.01145456580812437 0.00819735565761353 0.004940145507102693 0.0016829353565918498 0.0 0.0 0.0 0.0 0.0 0.0 0.0 0.0 0.0 0.0 0.0 0.0 0.0 0.0 0.0 0.0 0.0 0.0 0.0 0.0 0.0 0.0 0.0 0.0 0.0 0.0 0.0 0.0 0.0 0.0 0.0 0.0 0.0 0.0 0.0 0.0 0.0 0.0 0.0 0.0 0.0 0.0 0.0 0.0 0.0 0.0 0.0 0.0 0.0 0.0 0.0 0.0 0.0 0.0
0.008866021670438986 0.006903070639863208 0.004940119609287429 0.0029771685787116538 0.0010142175481358748 0.0 0.0 0.0 0.0 0.0 0.0 0.0 0.0 0.0 0.0 0.0 0.0 0.0 0.0 0.0 0.0 0.0 0.0 0.0 0.0 0.0 0.0 0.0 0.0 0.0 0.0 0.0 0.0 0.0 0.0 0.0 0.0 0.0 0.0 0.0 0.0 0.0 0.0 0.0 0.0 0.0 0.0 0.0 0.0 0.0 0.0 0.0 0.0 0.0 0.0 0.0 0.0 0.0 0.0
0.0030202673822477457 0.002351575471605926 0.0016828835609641072 0.0010141916503222884 0.00034549973968046876 0.0 0.0 0.0 0.0 0.0 0.0 0.0 0.0 0.0 0.0 0.0 0.0 0.0 0.0 0.0 0.0 0.0 0.0 0.0 0.0 0.0 0.0 0.0 0.0 0.0 0.0 0.0 0.0 0.0 0.0 0.0 0.0 0.0 0.0 0.0 0.0 0.0 0.0 0.0 0.0 0.0 0.0 0.0 0.0 0.0 0.0 0.0 0.0 0.0 0.0 0.0 0.0 0.0 0.0
0.025427485205519594 0.026413297457848983 0.027399109710178365 0.028384921962507755 0.02937073421483714 0.02867661353559634 0.026186606561178064 0.023696599586759785 0.021206592612341507 0.01871658563792323 0.01622657866350495 0.013736571689086673 0.011246564714664151 0.008756557740245873 0.006266550765827595 0.003776543791409317 0.0012865368169910386 0.0 0.0 0.0 0.0 0.0 0.0 0.0 0.0 0.0 0.0 0.0 0.0 0.0 0.0 0.0 0.0 0.0 0.0 0.0 0.0 0.0 0.0 0.0 0.0 0.00024121518628917845 0.0007402948632382609 0.0012393745401873433 0.001738454217136426 0.002237533894085508 0.002736613571034591 0.0032356932479836735 0.0037347729249327557 0.004233852601881838 0.004732932278830921 0.005232011955780855 0.005731091632729937 0.0058245568225158565 0.005484410949304131 0.005144265076092405 0.00480411920288068 0.004463973329668955 0.00412382745645723
0.0780353491334716 0.08106074478973882 0.08408614044600603 0.08711153610227323 0.09013693175854046 0.08800671915168934 0.08036504471857117 0.07272337028545299 0.06508169585233482 0.05744002141921665 0.049798346986098474 0.0421566725529803 0.034514998119849094 0.026873323686730927 0.019231649253612745 0.011589974820494578 0.0039483003873764105 0.0 0.0 0.0 0.0 0.0 0.0 0.0 0.0 0.0 0.0 0.0 0.0 0.0 0.0 0.0 0.0 0.0 0.0 0.0 0.0 0.0 0.0 0.0 0.0 0.0007402742003871255 0.0022719182666940804 0.0038035623330010355 0.005335206399307991 0.006866850465614946 0.0083984945319219 0.009930138598228855 0.01146178266453581 0.012993426730842765 0.01452507079714972 0.016056714863459286 0.01758835892976624 0.017875197705123674 0.01683131146321467 0.015787425221305666 0.01474353897939666 0.013699652737487656 0.01265576649557865
0.13064321306142354 0.13570819212162857 0.1407731711818336 0.14583815024203864 0.15090312930224364 0.14733682476778223 0.13454348287596418 0.1217501409841461 0.10895679909232805 0.09616345720051 0.08337011530869194 0.07057677341687388 0.05778343152503401 0.04499008963321595 0.0321967477413979 0.019403405849579836 0.006610063957761786 0.0 0.0 0.0 0.0 0.0 0.0 0.0 0.0 0.0 0.0 0.0 0.0 0.0 0.0 0.0 0.0 0.0 0.0 0.0 0.0 0.0 0.0 0.0 0.0 0.001239333214485071 0.0038035416701498953 0.00636775012581472 0.008931958581479544 0.011496167037144369 0.014060375492809193 0.016624583948474016 0.01918879240413884 0.021753000859803667 0.02431720931546849 0.026881417771137686 0.029445626226802513 0.029925838587731454 0.02817821197712517 0.02643058536651889 0.02468295875591261 0.022935332145306332 0.02118770553470005
0.18325107698937557 0.1903556394535184 0.19746020191766128 0.20456476438180413 0.21166932684594697 0.2066669303838752 0.18872192103335728 0.17077691168283932 0.15283190233232136 0.1348868929818034 0.11694188363128545 0.09899687428076749 0.08105186493021893 0.06310685557970097 0.04516184622918304 0.02721683687866508 0.00927182752814712 0.0 0.0 0.0 0.0 0.0 0.0 0.0 0.0 0.0 0.0 0.0 0.0 0.0 0.0 0.0 0.0 0.0 0.0 0.0 0.0 0.0 0.0 0.0 0.0 0.001738392228583017 0.005335165073605712 0.008931937918628407 0.012528710763651101 0.016125483608673795 0.01972225645369649 0.023319029298719186 0.026915802143741882 0.030512574988764578 0.034109347833787274 0.037706120678816096 0.04130289352383879 0.041976479470339244 0.039525112491035685 0.03707374551173213 0.03462237853242857 0.03217101155312502 0.02971964457382146
0.2358589409173724 0.2450030867854548 0.2541472326535372 0.26329137852161966 0.2724355243897021 0.2659970360000188 0.24290035919079653 0.2198036823815743 0.19670700557235204 0.17361032876312982 0.1505136519539076 0.12741697514468533 0.10432029833542372 0.08122362152620147 0.05812694471697924 0.03503026790775701 0.011933591098534757 0.0 0.0 0.0 0.0 0.0 0.0 0.0 0.0 0.0 0.0 0.0 0.0 0.0 0.0 0.0 0.0 0.0 0.0 0.0 0.0 0.0 0.0 0.0 0.0 0.002237451242681389 0.006866788477062836 0.011496125711444283 0.01612546294582573 0.020754800180207176 0.02538413741458862 0.030013474648970067 0.03464281188335151 0.03927214911773296 0.04390148635211441 0.04853082358650375 0.0531601608208852 0.05402712035295732 0.050872013004955884 0.04771690565695445 0.044561798308953016 0.04140669096095158 0.03825158361295014
0.2884668048453244 0.2996505341173446 0.3108342633893649 0.3220179926613851 0.33320172193340536 0.3253271416161117 0.2970787973481896 0.26883045308026743 0.24058210881234532 0.2123337645444232 0.18408542027650107 0.15583707600857896 0.12758873174060867 0.09934038747268653 0.07109204320476442 0.042843698936842256 0.014595354668920146 0.0 0.0 0.0 0.0 0.0 0.0 0.0 0.0 0.0 0.0 0.0 0.0 0.0 0.0 0.0 0.0 0.0 0.0 0.0 0.0 0.0 0.0 0.0 0.0 0.0027365102567793345 0.00839841188051865 0.014060313504257967 0.019722215127997284 0.0253841167517366 0.031046018375475916 0.03670791999921523 0.04236982162295455 0.048031723246693865 0.05369362487043318 0.05935552649418215 0.06501742811792147 0.06607776123556511 0.062218913518866395 0.05836006580216769 0.054501218085468976 0.05064237036877026 0.04678352265207155
0.34107466877327636 0.3542979814492344 0.3675212941251925 0.3807446068011505 0.39396791947710863 0.38465724723220474 0.3512572355055827 0.31785722377896064 0.28445721205233865 0.25105720032571666 0.2176571885990946 0.18425717687247262 0.15085716514579364 0.11745715341917162 0.08405714169254958 0.05065712996592758 0.017257118239305536 0.0 0.0 0.0 0.0 0.0 0.0 0.0 0.0 0.0 0.0 0.0 0.0 0.0 0.0 0.0 0.0 0.0 0.0 0.0 0.0 0.0 0.0 0.0 0.0 0.003235569270877281 0.009930035283974467 0.016624501297071655 0.02331896731016884 0.030013433323266028 0.03670789933636322 0.0434023653494604 0.05009683136255759 0.056791297375654776 0.06348576338875196 0.07018022940186057 0.07687469541495776 0.0781284021181729 0.07356581403277691 0.06900322594738093 0.06444063786198494 0.05987804977658895 0.05531546169119296
0.3936825327012283 0.4089454287811243 0.4242083248610201 0.439471220940916 0.4547341170208119 0.44398735284829766 0.4054356736629757 0.36688399447765385 0.3283323152923319 0.28978063610701 0.2512289569216881 0.2126772777363662 0.17412559855097853 0.13557391936565666 0.09702224018033473 0.0584705609950128 0.019918881809690925 0.0 0.0 0.0 0.0 0.0 0.0 0.0 0.0 0.0 0.0 0.0 0.0 0.0 0.0 0.0 0.0 0.0 0.0 0.0 0.0 0.0 0.0 0.0 0.0 0.003734628284975227 0.011461658687430284 0.01918868908988534 0.0269157194923404 0.03464274989479545 0.04236978029725051 0.05009681069970557 0.05782384110216063 0.06555087150461568 0.07327790190707074 0.08100493230953898 0.08873196271199403 0.0901790430007807 0.08491271454668742 0.07964638609259415 0.07438005763850089 0.06911372918440763 0.06384740073031436
0.44629039662918035 0.46359287611301403 0.48089535559684776 0.4981978350806815 0.5155003145645152 0.5033174584643906 0.4596141118203688 0.415910765176347 0.3722074185323252 0.3285040718883034 0.28480072524428157 0.24109737860025976 0.19739403195616345 0.15369068531214164 0.10998733866811988 0.06628399202409807 0.022580645380076203 0.0 0.0 0.0 0.0 0.0 0.0 0.0 0.0 0.0 0.0 0.0 0.0 0.0 0.0 0.0 0.0 0.0 0.0 0.0 0.0 0.0 0.0 0.0 0.0 0.004233687299073172 0.012993282090886099 0.021752876882699026 0.030512471674511953 0.039272066466324876 0.048031661258137806 0.05679125604995073 0.06555085084176365 0.07431044563357658 0.08307004042538951 0.09182963521721738 0.1005892300090303 0.10222968388338849 0.09625961506059794 0.0902895462378074 0.08431947741501686 0.0783494085922263 0.07237933976943577
0.4988982605571323 0.5182403234449038 0.5375823863326754 0.5569244492204469 0.5762665121082184 0.5626475640804836 0.5137925499777619 0.4649375358750402 0.4160825217723185 0.36722750766959683 0.31837249356687514 0.26951747946415344 0.22066246536134843 0.17180745125862673 0.12295243715590504 0.07409742305318334 0.025242408950461703 0.0 0.0 0.0 0.0 0.0 0.0 0.0 0.0 0.0 0.0 0.0 0.0 0.0 0.0 0.0 0.0 0.0 0.0 0.0 0.0 0.0 0.0 0.0 0.0 0.004732746313171119 0.014524905494341918 0.024317064675512715 0.03410922385668351 0.04390138303785431 0.05369354221902511 0.06348570140019591 0.0732778605813667 0.0830700197625375 0.0928621789437083 0.1026543381248958 0.1124464973060666 0.11428032476599627 0.10760651557450845 0.10093270638302064 0.09425889719153281 0.087585088000045 0.08091127880855717
0.5515061244850843 0.5728877707767936 0.594269417068503 0.6156510633602124 0.6370327096519217 0.6219776696965765 0.567970988135155 0.5139643065737334 0.4599576250123118 0.4059509434508902 0.35194426188946865 0.297937580328047 0.24393089876653334 0.18992421720511177 0.13591753564369013 0.08191085408226861 0.02790417252084698 0.0 0.0 0.0 0.0 0.0 0.0 0.0 0.0 0.0 0.0 0.0 0.0 0.0 0.0 0.0 0.0 0.0 0.0 0.0 0.0 0.0 0.0 0.0 0.0 0.005231805327269065 0.016056528897797736 0.026881252468326403 0.037705976038855074 0.04853069960938374 0.059355423179912416 0.07018014675044108 0.08100487032096976 0.09182959389149842 0.10265431746202709 0.11347904103257422 0.12430376460310288 0.12633096564860408 0.11895341608841899 0.11157586652823388 0.1041983169680488 0.09682076740786369 0.08944321784767859
0.6041139884130812 0.62753521810873 0.650956447804379 0.6743776775000279 0.6977989071956768 0.6813077753127201 0.6221494262925942 0.5629910772724683 0.5038327282523425 0.4446743792322166 0.38551603021209074 0.32635768119196484 0.2671993321717381 0.20804098315161224 0.1488826341314864 0.08972428511136044 0.03056593609123459 0.0 0.0 0.0 0.0 0.0 0.0 0.0 0.0 0.0 0.0 0.0 0.0 0.0 0.0 0.0 0.0 0.0 0.0 0.0 0.0 0.0 0.0 0.0 0.0 0.005730864341367436 0.017588152301254854 0.02944544026114227 0.04130272822102969 0.053160016180917105 0.06501730414080453 0.07687459210069195 0.08873188006057936 0.10058916802046677 0.1124464559803542 0.12430374394026183 0.13616103190014925 0.13838160653122214 0.13030031660233915 0.12221902667345619 0.1141377367445732 0.10605644681569024 0.09797515688680726
0.6111969784378254 0.6345231029174092 0.6578492273969931 0.6811753518765771 0.7045014763561609 0.6879301519964082 0.6287075525550134 0.5694849531136186 0.5102623536722238 0.4510397542308291 0.3918171547894343 0.33259455534803956 0.2733719559065438 0.214149356465149 0.15492675702375425 0.0957041575823595 0.036481558140964765 0.005921525248701793 0.0060024242543643405 0.006083323260026889 0.006164222265689436 0.006245121271351984 0.006326020277014531 0.006406919282677079 0.006487818288339627 0.006568717294002312 0.0066496162996648595 0.006730515305327408 0.006811414310989955 0.006846085528391677 0.006831338194520897 0.006816590860650117 0.006801843526779338 0.006787096192908558 0.0067723488590377785 0.0067576015251669995 0.00674285419129622 0.006728106857425441 0.006713359523554636 0.006698612189683856 0.006683864855813077 0.012581876584470113 0.024800761503199053 0.037019646421927996 0.049238531340656935 0.061457416259385875 0.07367630117811481 0.08589518609684375 0.09811407101557269 0.11033295593430163 0.12255184085303057 0.13477072577178034 0.14698961069050928 0.14916378564897187 0.14059993841834514 0.13203609118771842 0.12347224395709169 0.11490839672646497 0.10634454949583826
0.5696167480788963 0.590565919775158 0.6115150914714198 0.6324642631676815 0.6534134348639432 0.6382112890664745 0.5843625673137872 0.5305138455610998 0.4766651238084124 0.42281640205572507 0.36896768030303767 0.3151189585503503 0.2612702367975711 0.20742151504488376 0.15357279329219642 0.09972407153950902 0.04587534978682162 0.018172787704314512 0.018421061652942515 0.01866933560157052 0.018917609550198528 0.019165883498826534 0.01941415744745454 0.019662431396082546 0.019910705344710553 0.020158979293338982 0.02040725324196699 0.020655527190594995 0.020903801139223 0.021010204919808036 0.020964946281808124 0.020919687643808207 0.020874429005808295 0.020829170367808382 0.02078391172980847 0.020738653091808557 0.02069339445380864 0.020648135815808728 0.02060287717780874 0.020557618539808822 0.02051235990180891 0.026222726411901896 0.038085986403017365 0.04994924639413283 0.0618125063852483 0.07367576637636378 0.08553902636747925 0.09740228635859471 0.10926554634971018 0.12112880634082565 0.1329920663319411 0.14485532632307682 0.15671858631419228 0.15859005910199 0.1497800853251485 0.140970111548307 0.1321601377714655 0.12335016399462399 0.11454019021778249
0.5280365177199671 0.5466087366329068 0.5651809555458464 0.5837531744587859 0.6023253933717256 0.588492426136541 0.540017582072561 0.491542738008581 0.443067893944601 0.39459304988062105 0.34611820581664104 0.29764336175266104 0.24916851768859843 0.20069367362461843 0.15221882956063842 0.10374398549665842 0.05526914143267847 0.03042405015992723 0.03083969905152069 0.03125534794311415 0.031670996834707615 0.03208664572630108 0.032502294617894535 0.032917943509488 0.03333359240108146 0.03374924129267563 0.034164890184269096 0.03458053907586256 0.034996187967456016 0.03517432431122437 0.03509855436909533 0.03502278442696628 0.03494701448483724 0.0348712445427082 0.034795474600579156 0.03471970465845011 0.03464393471632107 0.03456816477419203 0.03449239483206285 0.034416624889933814 0.03434085494780477 0.0398635762393337 0.0513712113028357 0.0628788463663377 0.0743864814298397 0.0858941164933417 0.0974017515568437 0.1089093866203457 0.1204170216838477 0.1319246567473497 0.1434322918108517 0.1549399268743733 0.16644756193787533 0.1680163325550082 0.1589602322319519 0.14990413190889562 0.1408480315858393 0.13179193126278302 0.12273583093972673
0.48645628736103796 0.5026515534906555 0.5188468196202729 0.5350420857498904 0.551237351879508 0.5387735632066074 0.4956725968313348 0.4525716304560622 0.4094706640807896 0.366369697705517 0.32326873133024436 0.2801677649549718 0.2370667985796257 0.1939658322043531 0.15086486582908054 0.10776389945380793 0.06466293307853532 0.04267531261553996 0.043258336450098876 0.04384136028465779 0.04442438411921671 0.04500740795377563 0.04559043178833455 0.04617345562289347 0.046756479457452385 0.047339503292012294 0.04792252712657122 0.048505550961130135 0.04908857479568905 0.04933844370264072 0.04923216245638254 0.04912588121012436 0.049019599963866185 0.048913318717608005 0.04880703747134983 0.04870075622509165 0.04859447497883348 0.0484881937325753 0.048381912486316944 0.048275631240058764 0.04816934999380059 0.053504426066765476 0.064656436202654 0.07580844633854253 0.08696045647443107 0.09811246661031961 0.10926447674620814 0.12041648688209666 0.1315684970179852 0.14272050715387374 0.15387251728976226 0.1650245274256698 0.17617653756155832 0.17744260600802633 0.16814037913875526 0.1588381522694842 0.1495359254002131 0.14023369853094203 0.13093147166167096
0.4448760570021088 0.4586943703484042 0.47251268369469956 0.4863309970409949 0.5001493103872903 0.4890547002766738 0.4513276115901086 0.4136005229035434 0.37587343421697816 0.33814634553041295 0.30041925684384774 0.2626921681572826 0.22496507947065297 0.18723799078408782 0.1495109020975226 0.11178381341095739 0.07405672472439218 0.05492657507115267 0.05567697384867705 0.05642737262620143 0.0571777714037258 0.057928170181250176 0.05867856895877455 0.059428967736298924 0.0601793665138233 0.060929765291348956 0.06168016406887333 0.06243056284639771 0.06318096162392209 0.06350256309405707 0.06336577054366975 0.06322897799328245 0.06309218544289513 0.06295539289250782 0.06281860034212051 0.0626818077917332 0.0625450152413459 0.06240822269095858 0.062271430140571044 0.06213463759018373 0.06199784503979642 0.06714527589419725 0.0779416611024723 0.08873804631074737 0.09953443151902244 0.1103308167272975 0.12112720193557255 0.1319235871438476 0.1427199723521227 0.15351635756039772 0.1643127427686728 0.17510912797696626 0.18590551318524134 0.18686887946104447 0.17732052604555862 0.16777217263007277 0.15822381921458692 0.14867546579910107 0.1391271123836152
0.40329582664314423 0.4147371872061154 0.42617854776908665 0.4376199083320578 0.44906126889502906 0.4393358373466978 0.4069826263488445 0.3746294153509913 0.34227620435313805 0.30992299335528484 0.27756978235743157 0.24521657135957836 0.21286336036166995 0.1805101493638167 0.14815693836596344 0.11580372736811023 0.08345051637025697 0.06717783752677584 0.06809561124726582 0.06901338496775579 0.06993115868824576 0.07084893240873574 0.07176670612922571 0.07268447984971568 0.07360225357020567 0.0745200272906972 0.07543780101118717 0.07635557473167716 0.07727334845216713 0.07766668248548549 0.07749937863096902 0.07733207477645254 0.07716477092193608 0.07699746706741961 0.07683016321290315 0.07666285935838668 0.0764955555038702 0.07632825164935374 0.07616094779483698 0.07599364394032052 0.07582634008580405 0.08078612572164066 0.09122688600230196 0.10166764628296324 0.11210840656362453 0.12254916684428582 0.13298992712494712 0.14343068740560838 0.15387144768626967 0.16431220796693097 0.17475296824759223 0.18519372852827135 0.19563448880893264 0.19629515291407065 0.1865006729523698 0.17670619299066898 0.16691171302896812 0.15711723306726727 0.14732275310556642
0.361715596284215 0.37078000406386413 0.3798444118435132 0.38890881962316226 0.3979732274028114 0.38961697441676413 0.3626376411076183 0.33565830779847244 0.30867897448932663 0.28169964118018076 0.25472030787103495 0.22774097456188908 0.20076164125269724 0.1737823079435514 0.14680297463440556 0.11982364132525969 0.09284430801611387 0.07942909998238856 0.08051424864584399 0.08159939730929942 0.08268454597275485 0.08376969463621028 0.08485484329966571 0.08593999196312115 0.08702514062657657 0.08811028929003385 0.08919543795348929 0.09028058661694471 0.09136573528040015 0.09183080187690182 0.09163298671825622 0.09143517155961062 0.09123735640096502 0.09103954124231942 0.09084172608367382 0.09064391092502821 0.09044609576638261 0.09024828060773701 0.09005046544909108 0.08985265029044548 0.08965483513179988 0.09442697554907245 0.10451211090212027 0.1145972462551681 0.1246823816082159 0.1347675169612637 0.14485265231431155 0.15493778766735936 0.16502292302040716 0.175108058373455 0.1851931937265028 0.19527832907956783 0.20536346443261566 0.20572142636708884 0.1956808198591732 0.18564021335125758 0.17559960684334194 0.1655590003354263 0.15551839382751068
0.3201353659252859 0.32682282092161286 0.3335102759179398 0.34019773091426675 0.34688518591059375 0.3398981114868306 0.3182926558663921 0.29668720024595363 0.2750817446255152 0.25347628900507674 0.2318708333846383 0.21026537776419985 0.18865992214372454 0.1670544665232861 0.14544901090284765 0.1238435552824092 0.10223809966197075 0.09168036243800129 0.09293288604442218 0.09418540965084306 0.09543793325726395 0.09669045686368484 0.09794298047010572 0.09919550407652661 0.1004480276829475 0.10170055128937051 0.1029530748957914 0.1042055985022123 0.10545812210863317 0.10599492126831817 0.10576659480554343 0.10553826834276869 0.10530994187999397 0.10508161541721923 0.1048532889544445 0.10462496249166976 0.10439663602889504 0.1041683095661203 0.10393998310334518 0.10371165664057044 0.10348333017779571 0.10806782537650424 0.11779733580193857 0.12752684622737293 0.13725635665280728 0.14698586707824163 0.15671537750367598 0.16644488792911033 0.17617439835454468 0.18590390877997903 0.19563341920541336 0.2053629296308643 0.21509244005629866 0.21514769982010698 0.20486096676597657 0.19457423371184615 0.18428750065771574 0.17400076760358532 0.1637140345494549
0.27855513556635675 0.2828656377793616 0.2871761399923664 0.29148664220537124 0.29579714441837607 0.2901792485568969 0.27394767062516584 0.25771609269343476 0.24148451476170374 0.22525293682997266 0.20902135889824158 0.19278978096651056 0.17655820303475178 0.16032662510302073 0.14409504717128968 0.1278634692395586 0.11163189130782755 0.103931624893614 0.10535152344300035 0.10677142199238669 0.10819132054177304 0.10961121909115938 0.11103111764054573 0.11245101618993207 0.11387091473931842 0.11529081328870718 0.11671071183809352 0.11813061038747986 0.11955050893686621 0.12015904065973451 0.11990020289283064 0.11964136512592678 0.11938252735902291 0.11912368959211905 0.11886485182521518 0.11860601405831131 0.11834717629140745 0.11808833852450358 0.11782950075759928 0.11757066299069541 0.11731182522379155 0.12170867520393601 0.1310825607017569 0.14045644619957778 0.14983033169739865 0.15920421719521954 0.1685781026930404 0.17795198819086128 0.18732587368868217 0.19669975918650306 0.20607364468432393 0.21544753018216078 0.22482141567998168 0.22457397327312512 0.21404111367277992 0.20350825407243472 0.19297539447208953 0.18244253487174433 0.17190967527139914
0.2369749052074276 0.23890845463711027 0.240842004066793 0.2427755534964757 0.2447091029261584 0.2404603856269633 0.22960268538393966 0.21874498514091598 0.2078872848978923 0.19702958465486864 0.18617188441184496 0.17531418416882127 0.1644564839257791 0.15359878368275542 0.14274108343973174 0.13188338319670806 0.12102568295368439 0.11618288734922672 0.11777016084157851 0.11935743433393033 0.12094470782628212 0.12253198131863392 0.12411925481098572 0.12570652830333753 0.12729380179568933 0.12888107528804382 0.13046834878039562 0.13205562227274742 0.13364289576509922 0.13432316005115083 0.13403381098011785 0.13374446190908484 0.13345511283805184 0.13316576376701886 0.13287641469598585 0.13258706562495287 0.13229771655391986 0.13200836748288686 0.13171901841185338 0.13142966934082037 0.1311403202697874 0.1353495250313678 0.1443677856015752 0.15338604617178261 0.16240430674199002 0.17142256731219743 0.18044082788240484 0.18945908845261225 0.19847734902281966 0.20749560959302707 0.21651387016323448 0.22553213073345726 0.23455039130366467 0.23400024672614328 0.2232212605795833 0.21244227443302333 0.20166328828646335 0.19088430213990334 0.18010531599334337
0.1953946748484984 0.19495127149485897 0.19450786814121956 0.19406446478758013 0.1936210614339407 0.19074152269702968 0.1852577001427134 0.1797738775883971 0.17429005503408085 0.16880623247976456 0.16332240992544828 0.157838587371132 0.15235476481680635 0.1468709422624901 0.1413871197081738 0.13590329715385752 0.13041947459954123 0.12843414980483944 0.1301887982401567 0.13194344667547395 0.13369809511079123 0.13545274354610848 0.13720739198142573 0.13896204041674298 0.14071668885206023 0.14247133728738048 0.14422598572269776 0.14598063415801502 0.14773528259333227 0.1484872794425672 0.14816741906740508 0.14784755869224295 0.14752769831708082 0.1472078379419187 0.14688797756675653 0.1465681171915944 0.14624825681643228 0.14592839644127015 0.14560853606610746 0.14528867569094533 0.1449688153157832 0.14899037485879957 0.15765301050139352 0.16631564614398744 0.1749782817865814 0.18364091742917535 0.19230355307176927 0.20096618871436323 0.20962882435695718 0.2182914599995511 0.22695409564214503 0.23561673128475374 0.2442793669273477 0.24342652017916144 0.23240140748638669 0.22137629479361193 0.21035118210083714 0.19932606940806238 0.18830095671528763
